800 2.0 13.640 5.800
810 2.0 12.090 5.750
820 2.0 11.370 5.800
830 2.0 10.310 5.970
840 2.0 9.570 6.240
850 2.0 8.730 6.340
860 2.0 7.940 6.500
870 2.0 7.170 6.620
880 2.0 14.700 7.088
890 2.0 11.295 6.454
900 2.0 14.937 6.345
910 2.0 13.620 6.402
920 2.0 13.655 6.298
930 2.0 13.751 6.329
940 2.0 13.623 6.392
950 2.0 13.565 6.233
960 2.0 13.598 6.349
970 2.0 13.807 6.467
980 2.0 13.740 6.264
990 2.0 13.707 6.354
830 3.0 12.490 6.600
840 3.0 11.940 6.770
850 3.0 11.030 6.840
860 3.0 10.210 6.810
870 3.0 9.360 6.850
880 3.0 8.590 6.850
890 3.0 7.780 6.840
900 3.0 6.960 6.840
910 3.0 12.029 7.664
920 3.0 12.092 7.165
930 3.0 11.934 7.316
940 3.0 12.090 7.226
950 3.0 12.412 7.236
960 3.0 12.394 7.133
970 3.0 12.464 7.214
980 3.0 12.414 7.028
990 3.0 12.506 7.078
1000 3.0 12.495 7.310
1010 3.0 12.561 7.174
1020 3.0 12.552 7.149
1050 11.0 12.510 6.190
1060 11.0 11.540 6.030
1070 11.0 10.960 5.970
1080 11.0 10.290 6.120
1090 11.0 9.880 6.210
1100 11.0 9.540 6.090
1110 11.0 8.870 5.990
1120 11.0 8.040 5.660
1130 11.0 10.472 1.817
1140 11.0 12.655 3.618
1150 11.0 13.258 5.694
1160 11.0 12.363 5.465
1170 11.0 12.611 5.793
1180 11.0 12.755 5.658
1190 11.0 12.684 5.503
1200 11.0 12.344 5.780
1210 11.0 12.483 5.873
1220 11.0 12.573 5.980
1230 11.0 12.512 5.957
1240 11.0 12.510 5.916
1050 12.0 12.090 6.950
1060 12.0 11.400 6.930
1070 12.0 10.700 6.870
1080 12.0 10.070 6.730
1090 12.0 9.450 6.510
1100 12.0 8.900 6.330
1110 12.0 8.210 6.230
1120 12.0 7.490 6.060
1130 12.0 8.904 6.174
1140 12.0 8.044 6.989
1150 12.0 8.554 6.639
1160 12.0 11.890 7.749
1170 12.0 12.159 7.376
1180 12.0 12.248 7.510
1190 12.0 11.983 7.589
1200 12.0 12.012 7.460
1210 12.0 12.238 7.379
1220 12.0 12.083 7.292
1230 12.0 12.109 7.191
1240 12.0 12.063 7.249
2860 51.0 7.050 8.440
2870 51.0 7.050 8.440
2880 51.0 7.050 8.440
2890 51.0 7.050 8.440
2900 51.0 7.050 8.440
2910 51.0 7.050 8.440
2920 51.0 7.050 8.440
2930 51.0 7.050 8.440
2940 51.0 7.009 8.456
2950 51.0 7.032 8.512
2960 51.0 7.004 8.532
2970 51.0 7.051 8.501
2980 51.0 7.041 8.450
2990 51.0 7.011 8.407
3000 51.0 7.027 8.471
3010 51.0 7.023 8.532
3020 51.0 7.060 8.552
3030 51.0 7.063 8.623
3040 51.0 7.058 8.601
3050 51.0 7.058 8.549
2860 52.0 8.090 8.840
2870 52.0 8.090 8.840
2880 52.0 8.090 8.840
2890 52.0 8.090 8.840
2900 52.0 8.090 8.840
2910 52.0 8.090 8.840
2920 52.0 8.090 8.840
2930 52.0 8.090 8.840
2940 52.0 8.072 8.896
2950 52.0 8.054 8.943
2960 52.0 8.053 8.919
2970 52.0 8.103 8.937
2980 52.0 8.075 8.841
2990 52.0 8.094 8.836
3000 52.0 8.101 8.877
3010 52.0 8.108 8.876
3020 52.0 8.126 8.884
3030 52.0 8.123 8.888
3040 52.0 8.132 8.892
3050 52.0 8.102 8.910
2860 56.0 12.320 3.350
2870 56.0 12.420 3.220
2880 56.0 12.490 3.210
2890 56.0 12.650 3.360
2900 56.0 12.790 3.450
2910 56.0 12.790 3.470
2920 56.0 12.790 3.380
2930 56.0 12.780 3.160
2940 56.0 12.300 2.993
2950 56.0 12.389 3.101
2960 56.0 12.497 3.163
2970 56.0 12.451 3.106
2980 56.0 12.365 2.993
2990 56.0 12.323 3.091
3000 56.0 12.272 3.224
3010 56.0 12.281 3.205
3020 56.0 12.312 3.169
3030 56.0 12.297 3.173
3040 56.0 12.400 3.317
3050 56.0 12.398 3.203
4330 79.0 -3.780 5.150
4340 79.0 -3.090 5.120
4350 79.0 -2.340 5.190
4360 79.0 -1.610 5.170
4370 79.0 -0.840 5.310
4380 79.0 -0.130 5.270
4390 79.0 0.610 5.360
4400 79.0 1.380 5.430
4410 79.0 -1.690 4.412
4420 79.0 -2.319 4.866
4430 79.0 -3.557 4.472
4440 79.0 -3.346 4.461
4450 79.0 -3.743 4.512
4460 79.0 -3.619 4.720
4470 79.0 -3.725 4.760
4480 79.0 -3.704 4.931
4490 79.0 -3.815 5.014
4500 79.0 -3.810 5.096
4510 79.0 -3.789 5.175
4520 79.0 -3.797 5.069
6420 126.0 -5.190 6.380
6430 126.0 -4.300 6.500
6440 126.0 -3.360 6.560
6450 126.0 -2.420 6.510
6460 126.0 -1.390 6.390
6470 126.0 -0.560 6.380
6480 126.0 0.260 6.180
6490 126.0 1.270 6.020
6500 126.0 -2.054 5.389
6510 126.0 -3.711 5.501
6520 126.0 -4.788 5.768
6530 126.0 -4.920 5.777
6540 126.0 -4.934 6.039
6550 126.0 -5.158 6.015
6560 126.0 -5.182 5.972
6570 126.0 -5.115 6.290
6580 126.0 -5.154 6.308
6590 126.0 -5.162 6.292
6600 126.0 -5.117 6.252
6610 126.0 -5.168 6.279
6420 127.0 -5.450 7.310
6430 127.0 -4.560 7.420
6440 127.0 -3.660 7.480
6450 127.0 -2.720 7.420
6460 127.0 -1.590 7.310
6470 127.0 -0.590 7.220
6480 127.0 0.360 7.140
6490 127.0 1.320 7.050
6500 127.0 -3.851 8.214
6510 127.0 -5.506 7.956
6520 127.0 -5.403 7.923
6530 127.0 -5.586 7.896
6540 127.0 -5.396 7.804
6550 127.0 -5.390 7.877
6560 127.0 -5.373 7.914
6570 127.0 -5.398 7.999
6580 127.0 -5.485 8.069
6590 127.0 -5.296 8.410
6600 127.0 -5.475 7.438
6610 127.0 -5.382 7.771
8120 171.0 -0.680 8.400
8130 171.0 -0.710 8.350
8140 171.0 -0.910 8.420
8150 171.0 -1.080 8.470
8160 171.0 -1.240 8.360
8170 171.0 -1.530 8.270
8180 171.0 -1.870 8.410
8190 171.0 -1.910 8.440
8200 171.0 -0.724 8.855
8210 171.0 -0.838 8.780
8220 171.0 -0.674 8.781
8230 171.0 -0.501 8.773
8240 171.0 -0.723 8.658
8250 171.0 -0.664 8.621
8260 171.0 -0.715 8.627
8270 171.0 -0.700 8.656
8280 171.0 -0.787 8.797
8290 171.0 -0.556 8.815
8300 171.0 -0.678 8.722
8310 171.0 -0.705 8.693
8320 172.0 -1.520 8.590
8330 172.0 -1.520 8.590
8340 172.0 -1.520 8.590
8350 172.0 -1.520 8.590
8360 172.0 -1.520 8.590
8370 172.0 -1.970 8.350
8380 172.0 -2.040 8.350
8390 172.0 -2.410 8.330
8400 172.0 -1.594 8.663
8410 172.0 -1.493 8.728
8420 172.0 -1.448 8.770
8430 172.0 -1.482 8.653
8440 172.0 -1.483 8.732
8450 172.0 -1.429 8.698
8460 172.0 -1.583 8.654
8470 172.0 -1.551 8.700
8480 172.0 -1.563 8.667
8490 172.0 -1.569 8.710
8500 172.0 -1.477 8.734
8510 172.0 -1.500 8.834
8520 173.0 -3.050 8.050
8530 173.0 -3.050 8.050
8540 173.0 -3.050 8.050
8550 173.0 -2.600 8.070
8560 173.0 -2.510 7.780
8570 173.0 -2.380 7.730
8580 173.0 -1.910 7.790
8590 173.0 -1.540 7.720
8600 173.0 -3.049 7.759
8610 173.0 -2.902 7.574
8620 173.0 -2.700 7.722
8630 173.0 -2.835 7.688
8640 173.0 -3.089 7.444
8650 173.0 -2.763 7.629
8660 173.0 -3.042 7.681
8670 173.0 -2.986 7.724
8680 173.0 -2.987 7.855
8690 173.0 -3.066 7.726
8700 173.0 -3.001 7.596
8710 173.0 -3.078 7.802
8720 174.0 3.940 8.170
8730 174.0 4.330 8.230
8740 174.0 4.730 8.380
8750 174.0 5.040 8.460
8760 174.0 5.330 8.540
8770 174.0 5.870 8.600
8780 174.0 6.270 8.500
8790 174.0 6.700 8.400
8800 174.0 6.321 7.664
8810 174.0 5.873 7.828
8820 174.0 2.779 7.570
8830 174.0 3.592 8.029
8840 174.0 3.996 8.323
8850 174.0 3.900 8.415
8860 174.0 3.941 8.431
8870 174.0 3.898 8.556
8880 174.0 3.935 8.394
8890 174.0 4.020 8.302
8900 174.0 4.024 8.372
8910 174.0 3.937 8.371
8890 195.0 12.710 4.950
8900 195.0 11.820 4.590
8910 195.0 10.960 4.340
8920 195.0 9.860 4.250
8930 195.0 9.110 4.130
8940 195.0 8.160 3.990
8950 195.0 7.270 3.930
8960 195.0 6.390 3.810
8970 195.0 15.553 5.784
8980 195.0 12.957 5.067
8990 195.0 12.666 5.433
9000 195.0 12.681 5.565
9010 195.0 12.740 5.296
9020 195.0 12.756 5.415
9030 195.0 12.774 5.678
9040 195.0 12.781 5.476
9050 195.0 12.772 5.355
9060 195.0 12.772 5.428
9070 195.0 12.718 5.502
9080 195.0 12.766 5.548
8900 196.0 13.430 5.210
8910 196.0 12.660 5.110
8920 196.0 11.820 4.850
8930 196.0 10.980 4.750
8940 196.0 10.180 4.550
8950 196.0 9.410 4.410
8960 196.0 8.720 4.260
8970 196.0 7.990 4.030
8980 196.0 9.849 5.266
8990 196.0 12.578 4.763
9000 196.0 13.520 6.203
9010 196.0 13.023 5.937
9020 196.0 13.268 5.735
9030 196.0 13.463 5.971
9040 196.0 13.283 6.014
9050 196.0 13.307 6.000
9060 196.0 13.665 6.294
9070 196.0 13.644 6.794
9080 196.0 13.687 5.390
9090 196.0 13.630 5.811
8910 197.0 12.430 6.040
8920 197.0 11.500 6.030
8930 197.0 10.810 5.800
8940 197.0 10.280 5.520
8950 197.0 9.800 5.220
8960 197.0 8.970 4.980
8970 197.0 8.180 4.880
8980 197.0 7.240 4.800
8990 197.0 2.755 7.990
9000 197.0 3.118 7.470
9010 197.0 24.668 -2.810
9020 197.0 10.084 6.123
9030 197.0 11.565 6.295
9040 197.0 11.601 6.430
9050 197.0 12.202 6.408
9060 197.0 12.273 6.617
9070 197.0 12.270 6.761
9080 197.0 12.553 6.665
9090 197.0 12.409 6.571
9100 197.0 12.397 6.568
8920 175.0 5.780 7.730
8930 175.0 5.400 7.690
8940 175.0 4.990 7.720
8950 175.0 4.590 7.710
8960 175.0 4.130 7.780
8970 175.0 3.730 7.920
8980 175.0 3.300 7.970
8990 175.0 2.870 8.040
9000 175.0 4.973 9.536
9010 175.0 2.674 10.818
9020 175.0 2.326 19.831
9030 175.0 24.016 8.533
9040 175.0 4.457 9.818
9050 175.0 6.423 6.853
9060 175.0 6.092 7.725
9070 175.0 6.055 8.041
9080 175.0 6.009 8.031
9090 175.0 5.957 8.016
9100 175.0 5.893 8.056
9110 175.0 5.825 8.014
9300 216.0 -4.260 8.110
9310 216.0 -3.980 8.010
9320 216.0 -3.840 7.960
9330 216.0 -3.310 8.210
9340 216.0 -2.900 8.260
9350 216.0 -2.790 8.410
9360 216.0 -2.510 8.430
9370 216.0 -2.230 8.460
9380 216.0 -3.638 7.376
9390 216.0 -4.332 7.967
9400 216.0 -4.183 8.028
9410 216.0 -4.238 7.956
9420 216.0 -4.149 7.984
9430 216.0 -4.206 7.961
9440 216.0 -4.186 8.039
9450 216.0 -4.260 7.940
9460 216.0 -4.326 7.933
9470 216.0 -4.268 8.014
9480 216.0 -4.258 8.069
9490 216.0 -4.211 8.059
9500 217.0 -2.250 8.280
9510 217.0 -2.780 8.500
9520 217.0 -2.810 8.440
9530 217.0 -2.980 8.140
9540 217.0 -2.980 8.140
9550 217.0 -3.270 8.070
9560 217.0 -3.270 8.070
9570 217.0 -3.270 8.070
9580 217.0 -2.470 8.281
9590 217.0 -2.516 8.360
9600 217.0 -2.327 8.401
9610 217.0 -2.282 8.389
9620 217.0 -2.238 8.506
9630 217.0 -2.282 8.385
9640 217.0 -2.243 8.388
9650 217.0 -2.214 8.434
9660 217.0 -2.214 8.370
9670 217.0 -2.224 8.401
9680 217.0 -2.233 8.400
9690 217.0 -2.214 8.447
9680 230.0 -3.110 5.320
9690 230.0 -2.090 5.210
9700 230.0 -1.280 5.330
9710 230.0 -0.440 5.260
9720 230.0 0.450 5.280
9730 230.0 1.340 5.340
9740 230.0 2.280 5.270
9750 230.0 3.180 5.200
9760 230.0 3.302 2.973
9770 230.0 -2.320 3.431
9780 230.0 -2.187 3.491
9790 230.0 -3.301 5.150
9800 230.0 -2.977 5.012
9810 230.0 -3.075 5.045
9820 230.0 -3.046 4.947
9830 230.0 -3.079 5.056
9840 230.0 -3.148 4.946
9850 230.0 -2.976 5.022
9860 230.0 -3.176 4.892
9870 230.0 -2.984 4.689
9680 231.0 -3.380 4.310
9690 231.0 -2.480 4.250
9700 231.0 -1.510 4.280
9710 231.0 -0.430 4.340
9720 231.0 0.480 4.390
9730 231.0 1.360 4.490
9740 231.0 2.240 4.500
9750 231.0 3.050 4.410
9760 231.0 2.291 6.131
9770 231.0 -3.333 6.251
9780 231.0 -3.549 6.690
9790 231.0 -1.873 5.313
9800 231.0 -3.420 5.153
9810 231.0 -3.148 5.015
9820 231.0 -3.306 5.069
9830 231.0 -3.254 5.021
9840 231.0 -3.398 5.308
9850 231.0 -3.332 5.171
9860 231.0 -3.393 5.169
9870 231.0 -3.504 5.085
9700 218.0 -4.840 7.800
9710 218.0 -4.840 7.840
9720 218.0 -4.840 7.840
9730 218.0 -4.840 7.840
9740 218.0 -4.840 7.840
9750 218.0 -4.840 7.840
9760 218.0 -4.780 7.790
9770 218.0 -4.830 7.830
9780 218.0 -4.830 7.818
9790 218.0 -4.873 7.819
9800 218.0 -4.830 7.806
9810 218.0 -4.805 7.861
9820 218.0 -4.844 7.837
9830 218.0 -4.878 7.906
9840 218.0 -4.802 7.865
9850 218.0 -4.843 7.858
9860 218.0 -4.855 7.891
9870 218.0 -4.861 7.848
9880 218.0 -4.819 7.823
9890 218.0 -4.839 7.768
9920 238.0 -2.360 6.640
9930 238.0 -1.300 6.460
9940 238.0 -0.520 6.380
9950 238.0 0.430 6.410
9960 238.0 1.290 6.330
9970 238.0 2.260 6.480
9980 238.0 3.120 6.620
9990 238.0 4.010 6.580
10000 238.0 3.020 7.122
10010 238.0 -1.326 6.872
10020 238.0 -2.377 6.431
10030 238.0 -2.282 6.686
10040 238.0 -2.296 6.768
10050 238.0 -2.313 6.800
10060 238.0 -2.413 6.838
10070 238.0 -2.395 6.824
10080 238.0 -2.409 6.755
10090 238.0 -2.389 6.786
10100 238.0 -2.373 6.762
10110 238.0 -2.342 6.735
9920 240.0 -1.570 5.570
9930 240.0 -0.740 5.530
9940 240.0 0.070 5.490
9950 240.0 1.010 5.490
9960 240.0 1.950 5.410
9970 240.0 2.870 5.330
9980 240.0 3.750 5.370
9990 240.0 4.620 5.470
10000 240.0 -0.865 4.966
10010 240.0 -1.346 5.387
10020 240.0 -1.241 5.443
10030 240.0 -1.301 5.538
10040 240.0 -1.503 5.545
10050 240.0 -1.492 5.585
10060 240.0 -1.536 5.657
10070 240.0 -1.515 5.604
10080 240.0 -1.548 5.662
10090 240.0 -1.597 5.710
10100 240.0 -1.575 5.663
10110 240.0 -1.539 5.679
10120 239.0 11.780 4.760
10130 239.0 12.070 4.780
10140 239.0 12.290 4.670
10150 239.0 12.340 4.690
10160 239.0 12.310 4.690
10170 239.0 12.310 4.670
10180 239.0 12.310 4.620
10190 239.0 12.310 4.620
10200 239.0 11.926 4.835
10210 239.0 11.836 4.881
10220 239.0 11.806 4.853
10230 239.0 11.839 4.926
10240 239.0 11.725 4.976
10250 239.0 11.798 5.041
10260 239.0 11.764 4.864
10270 239.0 11.770 4.831
10280 239.0 11.791 4.840
10290 239.0 11.804 4.835
10300 239.0 11.770 4.910
10310 239.0 11.762 4.896
10250 257.0 12.620 6.950
10260 257.0 11.680 7.090
10270 257.0 10.740 7.200
10280 257.0 9.720 7.100
10290 257.0 8.730 7.090
10300 257.0 7.740 6.970
10310 257.0 6.860 6.750
10320 257.0 6.040 6.450
10330 257.0 9.825 8.748
10340 257.0 14.687 7.268
10350 257.0 13.493 7.448
10360 257.0 12.596 7.112
10370 257.0 12.834 7.312
10380 257.0 12.660 7.203
10390 257.0 12.689 7.472
10400 257.0 12.533 7.514
10410 257.0 12.671 7.440
10420 257.0 12.587 7.364
10430 257.0 12.604 7.536
10440 257.0 12.611 7.649
10250 258.0 -1.720 7.410
10260 258.0 -0.770 7.300
10270 258.0 0.160 7.280
10280 258.0 1.050 7.190
10290 258.0 1.960 7.180
10300 258.0 2.910 7.260
10310 258.0 3.600 7.400
10320 258.0 4.430 7.610
10330 258.0 -4.138 7.449
10340 258.0 -1.467 7.766
10350 258.0 -1.749 7.804
10360 258.0 -1.637 7.829
10370 258.0 -1.750 7.763
10380 258.0 -1.694 7.786
10390 258.0 -1.677 7.966
10400 258.0 -1.677 7.688
10410 258.0 -1.760 7.676
10420 258.0 -1.661 7.629
10430 258.0 -1.723 7.547
10440 258.0 -1.678 7.590
10250 259.0 -2.220 6.660
10260 259.0 -1.220 6.450
10270 259.0 -0.170 6.320
10280 259.0 0.820 6.310
10290 259.0 1.740 6.310
10300 259.0 2.640 6.360
10310 259.0 3.460 6.610
10320 259.0 4.330 6.820
10330 259.0 0.121 4.785
10340 259.0 -1.981 6.301
10350 259.0 -1.894 6.306
10360 259.0 -1.669 6.476
10370 259.0 -1.958 6.274
10380 259.0 -2.083 6.365
10390 259.0 -2.157 6.456
10400 259.0 -2.238 6.440
10410 259.0 -2.116 6.305
10420 259.0 -2.215 6.249
10430 259.0 -2.181 6.286
10440 259.0 -2.170 6.506
10260 260.0 12.230 6.630
10270 260.0 11.230 6.650
10280 260.0 10.060 6.750
10290 260.0 9.180 6.580
10300 260.0 8.130 6.480
10310 260.0 7.210 6.050
10320 260.0 6.240 5.750
10330 260.0 5.240 5.550
10340 260.0 18.133 3.729
10350 260.0 15.232 4.738
10360 260.0 13.477 6.172
10370 260.0 12.510 6.337
10380 260.0 12.599 6.488
10390 260.0 12.530 6.497
10400 260.0 12.365 6.544
10410 260.0 12.405 6.539
10420 260.0 12.274 6.546
10430 260.0 12.254 6.543
10440 260.0 12.260 6.566
10450 260.0 12.300 6.543
10280 261.0 12.700 7.000
10290 261.0 11.590 7.140
10300 261.0 10.830 7.500
10310 261.0 9.750 7.480
10320 261.0 8.720 7.310
10330 261.0 7.780 6.960
10340 261.0 6.790 6.600
10350 261.0 5.800 6.270
10360 261.0 22.946 10.936
10370 261.0 20.853 13.497
10380 261.0 2.762 11.965
10390 261.0 94.447 -7.336
10400 261.0 636.858 151.865
10410 261.0 -169.883 28.857
10420 261.0 -428.222 539.859
10430 261.0 11.301 -1339.010
10440 261.0 -444.689 199.155
10450 261.0 238.851 608.522
10460 261.0 -234.684 2015.868
10470 261.0 -63.754 410.471
10300 263.0 -1.980 5.100
10310 263.0 -1.020 5.220
10320 263.0 -0.190 5.440
10330 263.0 0.700 5.760
10340 263.0 1.570 6.100
10350 263.0 2.590 6.400
10360 263.0 3.570 6.630
10370 263.0 4.400 6.800
10380 263.0 -2.633 3.949
10390 263.0 -1.747 5.070
10400 263.0 -1.927 5.174
10410 263.0 -2.032 5.354
10420 263.0 -1.926 5.463
10430 263.0 -1.995 5.399
10440 263.0 -1.983 5.416
10450 263.0 -1.897 5.440
10460 263.0 -1.914 5.463
10470 263.0 -2.043 5.467
10480 263.0 -1.945 5.355
10490 263.0 -1.909 5.376
10300 264.0 -2.160 5.980
10310 264.0 -1.260 5.980
10320 264.0 -0.390 6.180
10330 264.0 0.550 6.440
10340 264.0 1.420 6.730
10350 264.0 2.390 7.070
10360 264.0 3.330 7.350
10370 264.0 4.170 7.580
10380 264.0 -6.377 9.623
10390 264.0 1.446 6.459
10400 264.0 -1.832 6.680
10410 264.0 -1.359 6.667
10420 264.0 -1.392 6.746
10430 264.0 -2.019 7.017
10440 264.0 -2.007 7.031
10450 264.0 -2.063 6.795
10460 264.0 -1.926 7.136
10470 264.0 -2.803 7.261
10480 264.0 -2.640 7.305
10490 264.0 -2.646 7.310
10300 265.0 -2.070 1.900
10310 265.0 -1.210 1.870
10320 265.0 -0.130 1.950
10330 265.0 0.940 2.130
10340 265.0 2.000 2.210
10350 265.0 3.000 2.250
10360 265.0 4.020 2.400
10370 265.0 4.970 2.580
10380 265.0 -2.672 1.369
10390 265.0 -1.685 1.847
10400 265.0 -2.044 1.703
10410 265.0 -1.872 1.726
10420 265.0 -1.971 1.676
10430 265.0 -1.972 1.498
10440 265.0 -2.109 1.614
10450 265.0 -2.013 1.541
10460 265.0 -2.049 1.748
10470 265.0 -2.135 1.712
10480 265.0 -2.064 1.765
10490 265.0 -2.014 1.792
10300 267.0 -2.000 3.250
10310 267.0 -1.080 3.390
10320 267.0 -0.200 3.410
10330 267.0 0.670 3.390
10340 267.0 1.680 3.380
10350 267.0 2.480 3.530
10360 267.0 3.430 3.690
10370 267.0 4.470 3.960
10380 267.0 -4.410 3.868
10390 267.0 -2.128 3.751
10400 267.0 -1.932 3.920
10410 267.0 -1.756 3.765
10420 267.0 -2.080 4.061
10430 267.0 -1.939 4.511
10440 267.0 -1.883 4.687
10450 267.0 -2.104 4.019
10460 267.0 -2.362 4.495
10470 267.0 -1.961 4.420
10480 267.0 -1.997 3.967
10490 267.0 -1.681 4.045
10300 268.0 -1.380 3.890
10310 268.0 -0.790 4.000
10320 268.0 0.370 4.030
10330 268.0 1.070 4.020
10340 268.0 1.940 3.850
10350 268.0 2.710 4.040
10360 268.0 3.560 4.440
10370 268.0 4.550 4.630
10380 268.0 4.567 1.923
10390 268.0 -0.718 4.710
10400 268.0 -1.293 4.306
10410 268.0 -1.467 4.124
10420 268.0 -1.360 4.280
10430 268.0 -1.223 4.262
10440 268.0 -1.407 4.212
10450 268.0 -1.340 4.205
10460 268.0 -1.344 4.091
10470 268.0 -1.327 4.116
10480 268.0 -1.414 4.065
10490 268.0 -1.330 4.117
10690 303.0 12.900 6.160
10700 303.0 12.310 6.320
10710 303.0 11.610 6.670
10720 303.0 10.950 7.100
10730 303.0 10.280 7.370
10740 303.0 9.630 7.550
10750 303.0 8.910 7.660
10760 303.0 8.160 7.780
10770 303.0 6.619 4.439
10780 303.0 13.485 5.934
10790 303.0 12.650 6.629
10800 303.0 12.720 6.688
10810 303.0 13.019 6.645
10820 303.0 12.972 6.554
10830 303.0 13.011 6.615
10840 303.0 12.968 6.514
10850 303.0 12.967 6.676
10860 303.0 12.850 6.758
10870 303.0 13.109 6.918
10880 303.0 13.038 7.022
10850 316.0 -1.870 6.400
10860 316.0 -1.330 6.370
10870 316.0 -0.740 6.320
10880 316.0 -0.140 6.180
10890 316.0 0.480 6.050
10900 316.0 1.150 5.980
10910 316.0 1.810 5.910
10920 316.0 2.480 5.940
10930 316.0 -1.735 6.054
10940 316.0 -1.339 5.847
10950 316.0 -1.693 5.720
10960 316.0 -1.726 5.925
10970 316.0 -1.635 5.950
10980 316.0 -1.670 6.168
10990 316.0 -1.819 6.325
11000 316.0 -1.996 6.386
11010 316.0 -1.852 6.458
11020 316.0 -1.830 6.350
11030 316.0 -1.837 6.413
11040 316.0 -1.830 6.327
11210 320.0 12.000 4.350
11220 320.0 11.300 4.090
11230 320.0 10.610 3.980
11240 320.0 10.000 3.720
11250 320.0 9.230 3.660
11260 320.0 8.560 3.470
11270 320.0 7.980 3.270
11280 320.0 7.520 3.120
11290 320.0 15.690 4.203
11300 320.0 13.171 5.226
11310 320.0 12.523 3.784
11320 320.0 12.117 4.326
11330 320.0 12.164 4.451
11340 320.0 12.101 4.402
11350 320.0 12.039 4.512
11360 320.0 11.979 4.432
11370 320.0 11.973 4.494
11380 320.0 12.023 4.461
11390 320.0 11.964 4.425
11400 320.0 12.007 4.451
11280 329.0 -2.760 -0.130
11290 329.0 -2.040 0.530
11300 329.0 -1.180 1.020
11310 329.0 -0.360 1.480
11320 329.0 0.340 1.920
11330 329.0 0.840 2.350
11340 329.0 1.590 2.640
11350 329.0 2.390 2.910
11360 329.0 4.029 8.567
11370 329.0 -15.199 -22.502
11380 329.0 -167.261 -242.224
11390 329.0 -29.524 -299.360
11400 329.0 -387.238 4026.860
11410 329.0 201.604 1487.524
11420 329.0 5.830 726.228
11430 329.0 116.911 1065.859
11440 329.0 382.995 -2118.807
11450 329.0 -244.544 647.854
11460 329.0 49.662 2421.968
11470 329.0 183.900 422.979
11280 327.0 -2.800 1.840
11290 327.0 -1.780 2.390
11300 327.0 -1.070 2.780
11310 327.0 -0.260 2.950
11320 327.0 0.540 3.130
11330 327.0 1.320 3.320
11340 327.0 2.040 3.540
11350 327.0 2.790 3.760
11360 327.0 2.412 4.281
11370 327.0 -9.360 -1.146
11380 327.0 -4.984 0.518
11390 327.0 -3.497 1.703
11400 327.0 -3.210 1.910
11410 327.0 -2.878 1.968
11420 327.0 -2.807 2.022
11430 327.0 -2.840 2.081
11440 327.0 -2.826 2.002
11450 327.0 -2.732 1.996
11460 327.0 -2.834 1.941
11470 327.0 -2.787 1.961
11280 328.0 -3.580 0.190
11290 328.0 -2.850 0.850
11300 328.0 -1.780 1.470
11310 328.0 -0.960 1.920
11320 328.0 -0.300 2.330
11330 328.0 0.250 2.670
11340 328.0 1.010 3.010
11350 328.0 1.810 3.280
11360 328.0 -5.478 0.821
11370 328.0 -4.187 2.063
11380 328.0 -2.920 0.492
11390 328.0 -3.249 1.022
11400 328.0 -3.708 0.503
11410 328.0 -3.389 0.680
11420 328.0 -3.538 0.772
11430 328.0 -3.574 0.685
11440 328.0 -3.539 0.614
11450 328.0 -3.495 0.740
11460 328.0 -3.639 0.678
11470 328.0 -3.669 0.478
11310 331.0 -4.430 4.560
11320 331.0 -3.490 4.940
11330 331.0 -2.700 5.350
11340 331.0 -1.670 5.660
11350 331.0 -0.580 5.900
11360 331.0 0.400 6.200
11370 331.0 1.430 6.460
11380 331.0 2.430 6.600
11390 331.0 -2.488 6.346
11400 331.0 -3.707 4.829
11410 331.0 -4.291 4.793
11420 331.0 -4.310 5.010
11430 331.0 -4.418 4.957
11440 331.0 -4.327 4.884
11450 331.0 -4.364 4.943
11460 331.0 -4.415 4.919
11470 331.0 -4.374 5.023
11480 331.0 -4.363 4.895
11490 331.0 -4.392 5.013
11500 331.0 -4.436 4.874
11840 342.0 10.640 4.900
11850 342.0 9.730 4.760
11860 342.0 8.750 4.600
11870 342.0 7.840 4.560
11880 342.0 6.880 4.500
11890 342.0 5.990 4.480
11900 342.0 5.080 4.470
11910 342.0 4.170 4.430
11920 342.0 13.787 4.267
11930 342.0 10.984 5.758
11940 342.0 10.636 4.633
11950 342.0 10.546 4.982
11960 342.0 10.676 5.007
11970 342.0 10.643 5.153
11980 342.0 10.615 5.117
11990 342.0 10.642 5.177
12000 342.0 10.643 5.169
12010 342.0 10.639 5.187
12020 342.0 10.658 5.227
12030 342.0 10.638 5.201
11880 348.0 13.410 5.460
11890 348.0 12.400 5.010
11900 348.0 11.320 4.730
11910 348.0 10.240 4.560
11920 348.0 9.140 4.440
11930 348.0 8.100 4.530
11940 348.0 6.970 4.600
11950 348.0 5.710 4.730
11960 348.0 33.851 5.459
11970 348.0 -3.615 6.082
11980 348.0 18.903 7.329
11990 348.0 14.248 7.219
12000 348.0 12.722 4.197
12010 348.0 13.591 5.185
12020 348.0 13.653 5.496
12030 348.0 13.499 5.382
12040 348.0 13.474 5.543
12050 348.0 13.333 5.599
12060 348.0 13.489 5.664
12070 348.0 13.383 5.607
11930 350.0 -4.990 5.190
11940 350.0 -3.910 5.180
11950 350.0 -3.050 5.230
11960 350.0 -2.120 5.270
11970 350.0 -0.940 5.310
11980 350.0 -0.260 5.570
11990 350.0 0.830 5.710
12000 350.0 1.830 5.830
12010 350.0 -7.413 6.059
12020 350.0 -4.522 5.321
12030 350.0 -4.777 5.745
12040 350.0 -4.740 5.835
12050 350.0 -4.966 5.804
12060 350.0 -4.846 5.730
12070 350.0 -4.871 5.640
12080 350.0 -4.958 5.649
12090 350.0 -4.837 5.691
12100 350.0 -4.932 5.652
12110 350.0 -4.822 5.909
12120 350.0 -4.874 5.904
11940 353.0 -4.790 -0.260
11950 353.0 -4.040 0.440
11960 353.0 -3.120 1.030
11970 353.0 -2.130 1.650
11980 353.0 -1.070 2.050
11990 353.0 -0.100 2.480
12000 353.0 0.910 2.960
12010 353.0 1.950 3.380
12020 353.0 -1.284 3.270
12030 353.0 -3.413 0.483
12040 353.0 -4.901 0.939
12050 353.0 -4.699 1.740
12060 353.0 -5.043 1.689
12070 353.0 -3.161 3.015
12080 353.0 1.814 9.140
12090 353.0 -18.081 12.532
12100 353.0 -1.768 -10.602
12110 353.0 -3.784 -1.934
12120 353.0 -4.403 -0.360
12130 353.0 -5.078 -0.288
11970 355.0 -2.400 10.550
11980 355.0 -1.660 9.900
11990 355.0 -0.840 9.560
12000 355.0 -0.190 8.920
12010 355.0 0.510 8.540
12020 355.0 1.380 8.290
12030 355.0 2.200 8.090
12040 355.0 3.050 7.920
12050 355.0 -0.162 9.421
12060 355.0 -1.699 9.848
12070 355.0 -1.942 9.930
12080 355.0 -1.941 9.540
12090 355.0 -1.951 9.996
12100 355.0 -2.116 10.190
12110 355.0 -2.377 10.287
12120 355.0 -2.246 10.093
12130 355.0 -2.233 9.984
12140 355.0 -2.289 9.951
12150 355.0 -2.362 10.155
12160 355.0 -2.289 10.306
12020 358.0 -6.550 7.200
12030 358.0 -6.050 7.260
12040 358.0 -5.490 7.270
12050 358.0 -4.990 7.410
12060 358.0 -4.500 7.460
12070 358.0 -4.070 7.510
12080 358.0 -3.780 7.530
12090 358.0 -3.230 7.550
12100 358.0 -5.659 7.766
12110 358.0 -6.385 7.291
12120 358.0 -6.314 7.484
12130 358.0 -6.479 7.469
12140 358.0 -6.574 7.562
12150 358.0 -6.559 7.503
12160 358.0 -6.516 7.731
12170 358.0 -6.485 7.597
12180 358.0 -6.582 7.680
12190 358.0 -6.467 7.779
12200 358.0 -6.683 7.899
12210 358.0 -6.610 7.903
12020 357.0 -6.400 6.260
12030 357.0 -5.940 6.350
12040 357.0 -5.340 6.430
12050 357.0 -4.840 6.530
12060 357.0 -4.350 6.610
12070 357.0 -3.810 6.690
12080 357.0 -3.370 6.740
12090 357.0 -3.060 6.740
12100 357.0 -6.583 5.877
12110 357.0 -6.281 6.026
12120 357.0 -6.237 5.942
12130 357.0 -6.232 5.977
12140 357.0 -6.253 5.883
12150 357.0 -6.279 5.979
12160 357.0 -6.279 6.111
12170 357.0 -6.391 6.114
12180 357.0 -6.355 6.112
12190 357.0 -6.360 6.087
12200 357.0 -6.293 6.054
12210 357.0 -6.425 6.192
12020 359.0 -4.900 12.670
12030 359.0 -4.120 12.140
12040 359.0 -3.370 11.660
12050 359.0 -2.770 11.060
12060 359.0 -1.920 10.430
12070 359.0 -0.950 9.910
12080 359.0 -0.160 9.390
12090 359.0 0.740 8.910
12100 359.0 -5.955 11.999
12110 359.0 -4.202 11.412
12120 359.0 -4.799 12.164
12130 359.0 -4.832 11.993
12140 359.0 -4.756 12.202
12150 359.0 -4.729 12.428
12160 359.0 -4.804 12.260
12170 359.0 -4.741 12.312
12180 359.0 -4.931 12.048
12190 359.0 -4.876 12.238
12200 359.0 -4.799 12.040
12210 359.0 -4.851 11.752
