800 2.0 13.640 5.800
810 2.0 12.090 5.750
820 2.0 11.370 5.800
830 2.0 10.310 5.970
840 2.0 9.570 6.240
850 2.0 8.730 6.340
860 2.0 7.940 6.500
870 2.0 7.170 6.620
880 2.0 8.126 6.183
890 2.0 8.333 6.142
900 2.0 8.515 6.751
910 2.0 8.028 6.418
920 2.0 7.625 7.312
930 2.0 7.969 7.033
940 2.0 7.007 7.494
950 2.0 7.739 7.000
960 2.0 5.465 8.495
970 2.0 7.307 7.014
980 2.0 6.132 8.088
990 2.0 5.617 8.308
830 3.0 12.490 6.600
840 3.0 11.940 6.770
850 3.0 11.030 6.840
860 3.0 10.210 6.810
870 3.0 9.360 6.850
880 3.0 8.590 6.850
890 3.0 7.780 6.840
900 3.0 6.960 6.840
910 3.0 7.754 6.980
920 3.0 7.137 7.459
930 3.0 7.063 7.187
940 3.0 6.336 8.162
950 3.0 6.517 7.739
960 3.0 6.833 8.141
970 3.0 6.029 8.001
980 3.0 6.069 8.014
990 3.0 6.696 8.423
1000 3.0 5.709 8.744
1010 3.0 8.212 7.705
1020 3.0 4.664 9.471
1050 11.0 12.510 6.190
1060 11.0 11.540 6.030
1070 11.0 10.960 5.970
1080 11.0 10.290 6.120
1090 11.0 9.880 6.210
1100 11.0 9.540 6.090
1110 11.0 8.870 5.990
1120 11.0 8.040 5.660
1130 11.0 7.822 5.927
1140 11.0 7.541 6.153
1150 11.0 7.964 6.462
1160 11.0 8.263 5.404
1170 11.0 7.497 6.513
1180 11.0 6.987 6.340
1190 11.0 6.597 5.967
1200 11.0 6.183 6.997
1210 11.0 5.513 6.751
1220 11.0 5.593 6.789
1230 11.0 6.286 6.091
1240 11.0 7.044 5.720
1050 12.0 12.090 6.950
1060 12.0 11.400 6.930
1070 12.0 10.700 6.870
1080 12.0 10.070 6.730
1090 12.0 9.450 6.510
1100 12.0 8.900 6.330
1110 12.0 8.210 6.230
1120 12.0 7.490 6.060
1130 12.0 8.659 6.561
1140 12.0 8.780 6.661
1150 12.0 8.717 6.823
1160 12.0 8.625 6.328
1170 12.0 7.283 6.359
1180 12.0 7.487 6.709
1190 12.0 6.210 6.565
1200 12.0 7.215 6.610
1210 12.0 6.965 7.117
1220 12.0 7.236 6.318
1230 12.0 7.284 7.546
1240 12.0 6.214 6.521
2860 51.0 7.050 8.440
2870 51.0 7.050 8.440
2880 51.0 7.050 8.440
2890 51.0 7.050 8.440
2900 51.0 7.050 8.440
2910 51.0 7.050 8.440
2920 51.0 7.050 8.440
2930 51.0 7.050 8.440
2940 51.0 7.074 8.469
2950 51.0 7.076 8.483
2960 51.0 7.104 8.458
2970 51.0 7.110 8.449
2980 51.0 7.172 8.453
2990 51.0 7.189 8.405
3000 51.0 7.167 8.422
3010 51.0 7.051 8.462
3020 51.0 7.030 8.446
3030 51.0 7.063 8.462
3040 51.0 7.009 8.491
3050 51.0 7.004 8.508
2860 52.0 8.090 8.840
2870 52.0 8.090 8.840
2880 52.0 8.090 8.840
2890 52.0 8.090 8.840
2900 52.0 8.090 8.840
2910 52.0 8.090 8.840
2920 52.0 8.090 8.840
2930 52.0 8.090 8.840
2940 52.0 8.097 8.820
2950 52.0 8.138 8.869
2960 52.0 8.101 8.840
2970 52.0 8.069 8.859
2980 52.0 8.058 8.895
2990 52.0 8.092 8.881
3000 52.0 8.055 8.891
3010 52.0 8.071 8.873
3020 52.0 8.109 8.863
3030 52.0 8.071 8.856
3040 52.0 8.074 8.876
3050 52.0 8.110 8.866
2860 56.0 12.320 3.350
2870 56.0 12.420 3.220
2880 56.0 12.490 3.210
2890 56.0 12.650 3.360
2900 56.0 12.790 3.450
2910 56.0 12.790 3.470
2920 56.0 12.790 3.380
2930 56.0 12.780 3.160
2940 56.0 12.815 3.286
2950 56.0 12.734 3.184
2960 56.0 12.723 3.247
2970 56.0 12.625 3.149
2980 56.0 12.582 3.186
2990 56.0 12.574 3.273
3000 56.0 12.673 3.294
3010 56.0 12.716 3.271
3020 56.0 12.881 3.307
3030 56.0 12.815 3.473
3040 56.0 13.174 3.553
3050 56.0 13.159 3.619
4330 79.0 -3.780 5.150
4340 79.0 -3.090 5.120
4350 79.0 -2.340 5.190
4360 79.0 -1.610 5.170
4370 79.0 -0.840 5.310
4380 79.0 -0.130 5.270
4390 79.0 0.610 5.360
4400 79.0 1.380 5.430
4410 79.0 0.243 5.276
4420 79.0 -1.374 5.100
4430 79.0 0.232 5.532
4440 79.0 0.734 5.106
4450 79.0 0.980 5.251
4460 79.0 1.121 5.354
4470 79.0 0.796 5.120
4480 79.0 0.467 5.183
4490 79.0 1.497 4.852
4500 79.0 0.104 5.343
4510 79.0 0.879 5.183
4520 79.0 1.416 4.705
6420 126.0 -5.190 6.380
6430 126.0 -4.300 6.500
6440 126.0 -3.360 6.560
6450 126.0 -2.420 6.510
6460 126.0 -1.390 6.390
6470 126.0 -0.560 6.380
6480 126.0 0.260 6.180
6490 126.0 1.270 6.020
6500 126.0 -1.709 6.050
6510 126.0 -1.425 6.354
6520 126.0 -1.854 6.144
6530 126.0 -1.477 6.119
6540 126.0 -1.013 5.954
6550 126.0 -0.307 6.311
6560 126.0 -1.495 6.443
6570 126.0 -0.853 6.226
6580 126.0 -0.569 6.040
6590 126.0 1.088 5.250
6600 126.0 -0.252 6.404
6610 126.0 -0.426 5.937
6420 127.0 -5.450 7.310
6430 127.0 -4.560 7.420
6440 127.0 -3.660 7.480
6450 127.0 -2.720 7.420
6460 127.0 -1.590 7.310
6470 127.0 -0.590 7.220
6480 127.0 0.360 7.140
6490 127.0 1.320 7.050
6500 127.0 -2.146 7.494
6510 127.0 -2.667 7.157
6520 127.0 -2.260 6.874
6530 127.0 -1.915 7.022
6540 127.0 -1.601 7.290
6550 127.0 -2.188 6.997
6560 127.0 -1.604 7.160
6570 127.0 -2.284 6.703
6580 127.0 -1.466 6.586
6590 127.0 -0.752 6.559
6600 127.0 -2.363 6.798
6610 127.0 -1.609 6.812
8120 171.0 -0.680 8.400
8130 171.0 -0.710 8.350
8140 171.0 -0.910 8.420
8150 171.0 -1.080 8.470
8160 171.0 -1.240 8.360
8170 171.0 -1.530 8.270
8180 171.0 -1.870 8.410
8190 171.0 -1.910 8.440
8200 171.0 -2.436 8.545
8210 171.0 -2.419 8.540
8220 171.0 -2.666 8.385
8230 171.0 -2.977 8.438
8240 171.0 -2.738 8.312
8250 171.0 -3.602 8.425
8260 171.0 -3.700 8.176
8270 171.0 -5.095 8.427
8280 171.0 -4.920 8.406
8290 171.0 -5.314 8.327
8300 171.0 -6.090 8.192
8310 171.0 -7.356 8.837
8320 172.0 -1.520 8.590
8330 172.0 -1.520 8.590
8340 172.0 -1.520 8.590
8350 172.0 -1.520 8.590
8360 172.0 -1.520 8.590
8370 172.0 -1.970 8.350
8380 172.0 -2.040 8.350
8390 172.0 -2.410 8.330
8400 172.0 -2.165 8.297
8410 172.0 -2.149 8.284
8420 172.0 -2.098 8.306
8430 172.0 -2.054 8.356
8440 172.0 -2.241 8.326
8450 172.0 -2.637 8.214
8460 172.0 -2.935 8.650
8470 172.0 -3.064 8.573
8480 172.0 -3.752 9.077
8490 172.0 -3.299 8.991
8500 172.0 -3.995 9.238
8510 172.0 -3.952 9.357
8520 173.0 -3.050 8.050
8530 173.0 -3.050 8.050
8540 173.0 -3.050 8.050
8550 173.0 -2.600 8.070
8560 173.0 -2.510 7.780
8570 173.0 -2.380 7.730
8580 173.0 -1.910 7.790
8590 173.0 -1.540 7.720
8600 173.0 -2.017 7.493
8610 173.0 -1.769 7.716
8620 173.0 -1.718 7.696
8630 173.0 -1.860 7.548
8640 173.0 -2.200 7.661
8650 173.0 -1.774 7.575
8660 173.0 -1.675 7.632
8670 173.0 -1.454 7.315
8680 173.0 -0.996 7.394
8690 173.0 -0.558 6.873
8700 173.0 -0.608 6.975
8710 173.0 -0.725 6.984
8720 174.0 3.940 8.170
8730 174.0 4.330 8.230
8740 174.0 4.730 8.380
8750 174.0 5.040 8.460
8760 174.0 5.330 8.540
8770 174.0 5.870 8.600
8780 174.0 6.270 8.500
8790 174.0 6.700 8.400
8800 174.0 5.339 8.079
8810 174.0 5.878 7.946
8820 174.0 6.373 7.797
8830 174.0 6.389 8.527
8840 174.0 6.216 8.017
8850 174.0 6.957 8.248
8860 174.0 6.076 8.440
8870 174.0 6.794 8.496
8880 174.0 7.175 8.687
8890 174.0 7.568 8.464
8900 174.0 7.361 8.197
8910 174.0 7.009 8.392
8890 195.0 12.710 4.950
8900 195.0 11.820 4.590
8910 195.0 10.960 4.340
8920 195.0 9.860 4.250
8930 195.0 9.110 4.130
8940 195.0 8.160 3.990
8950 195.0 7.270 3.930
8960 195.0 6.390 3.810
8970 195.0 7.388 3.583
8980 195.0 7.169 3.457
8990 195.0 8.946 4.205
9000 195.0 8.285 3.686
9010 195.0 6.960 4.713
9020 195.0 8.213 4.035
9030 195.0 7.350 4.625
9040 195.0 6.408 4.556
9050 195.0 6.016 4.219
9060 195.0 6.957 4.385
9070 195.0 6.506 4.767
9080 195.0 6.293 4.566
8900 196.0 13.430 5.210
8910 196.0 12.660 5.110
8920 196.0 11.820 4.850
8930 196.0 10.980 4.750
8940 196.0 10.180 4.550
8950 196.0 9.410 4.410
8960 196.0 8.720 4.260
8970 196.0 7.990 4.030
8980 196.0 8.664 4.177
8990 196.0 8.505 4.043
9000 196.0 9.051 4.118
9010 196.0 9.992 4.995
9020 196.0 8.595 5.116
9030 196.0 8.167 4.778
9040 196.0 7.880 4.887
9050 196.0 7.186 4.875
9060 196.0 8.871 5.140
9070 196.0 7.730 4.845
9080 196.0 7.942 5.635
9090 196.0 7.050 4.608
8910 197.0 12.430 6.040
8920 197.0 11.500 6.030
8930 197.0 10.810 5.800
8940 197.0 10.280 5.520
8950 197.0 9.800 5.220
8960 197.0 8.970 4.980
8970 197.0 8.180 4.880
8980 197.0 7.240 4.800
8990 197.0 7.948 5.505
9000 197.0 8.956 5.716
9010 197.0 8.103 5.894
9020 197.0 8.743 5.465
9030 197.0 8.477 5.586
9040 197.0 7.246 5.930
9050 197.0 6.475 5.687
9060 197.0 7.447 6.086
9070 197.0 8.234 5.992
9080 197.0 6.108 5.918
9090 197.0 6.639 5.532
9100 197.0 6.444 6.376
8920 175.0 5.780 7.730
8930 175.0 5.400 7.690
8940 175.0 4.990 7.720
8950 175.0 4.590 7.710
8960 175.0 4.130 7.780
8970 175.0 3.730 7.920
8980 175.0 3.300 7.970
8990 175.0 2.870 8.040
9000 175.0 2.309 7.941
9010 175.0 2.429 7.913
9020 175.0 2.537 8.067
9030 175.0 1.281 8.038
9040 175.0 1.183 7.785
9050 175.0 1.255 8.082
9060 175.0 0.739 7.975
9070 175.0 0.720 7.846
9080 175.0 0.288 7.237
9090 175.0 -0.214 6.984
9100 175.0 0.693 7.603
9110 175.0 -0.183 8.075
9300 216.0 -4.260 8.110
9310 216.0 -3.980 8.010
9320 216.0 -3.840 7.960
9330 216.0 -3.310 8.210
9340 216.0 -2.900 8.260
9350 216.0 -2.790 8.410
9360 216.0 -2.510 8.430
9370 216.0 -2.230 8.460
9380 216.0 -2.002 8.068
9390 216.0 -2.045 8.139
9400 216.0 -1.787 8.282
9410 216.0 -1.142 7.975
9420 216.0 -1.242 7.896
9430 216.0 -1.288 8.178
9440 216.0 -0.827 8.063
9450 216.0 -0.892 8.313
9460 216.0 -0.616 7.921
9470 216.0 -0.307 7.799
9480 216.0 -0.119 7.996
9490 216.0 -0.984 8.092
9500 217.0 -2.250 8.280
9510 217.0 -2.780 8.500
9520 217.0 -2.810 8.440
9530 217.0 -2.980 8.140
9540 217.0 -2.980 8.140
9550 217.0 -3.270 8.070
9560 217.0 -3.270 8.070
9570 217.0 -3.270 8.070
9580 217.0 -3.432 8.190
9590 217.0 -3.280 8.145
9600 217.0 -3.314 8.203
9610 217.0 -3.829 8.374
9620 217.0 -3.740 8.482
9630 217.0 -4.423 8.683
9640 217.0 -4.361 8.642
9650 217.0 -4.059 8.633
9660 217.0 -4.715 8.861
9670 217.0 -5.041 9.315
9680 217.0 -5.020 9.322
9690 217.0 -5.860 9.624
9680 230.0 -3.110 5.320
9690 230.0 -2.090 5.210
9700 230.0 -1.280 5.330
9710 230.0 -0.440 5.260
9720 230.0 0.450 5.280
9730 230.0 1.340 5.340
9740 230.0 2.280 5.270
9750 230.0 3.180 5.200
9760 230.0 2.714 4.282
9770 230.0 1.815 4.622
9780 230.0 2.676 4.640
9790 230.0 2.521 4.556
9800 230.0 1.873 4.593
9810 230.0 3.677 4.368
9820 230.0 1.082 5.807
9830 230.0 2.923 5.123
9840 230.0 3.211 4.734
9850 230.0 2.713 5.419
9860 230.0 1.794 5.106
9870 230.0 2.673 5.154
9680 231.0 -3.380 4.310
9690 231.0 -2.480 4.250
9700 231.0 -1.510 4.280
9710 231.0 -0.430 4.340
9720 231.0 0.480 4.390
9730 231.0 1.360 4.490
9740 231.0 2.240 4.500
9750 231.0 3.050 4.410
9760 231.0 1.195 4.326
9770 231.0 0.627 4.358
9780 231.0 1.017 3.886
9790 231.0 1.615 4.080
9800 231.0 1.247 4.505
9810 231.0 1.036 4.226
9820 231.0 0.979 3.899
9830 231.0 1.541 3.963
9840 231.0 0.988 4.287
9850 231.0 1.587 4.004
9860 231.0 1.637 3.582
9870 231.0 0.604 4.464
9700 218.0 -4.840 7.800
9710 218.0 -4.840 7.840
9720 218.0 -4.840 7.840
9730 218.0 -4.840 7.840
9740 218.0 -4.840 7.840
9750 218.0 -4.840 7.840
9760 218.0 -4.780 7.790
9770 218.0 -4.830 7.830
9780 218.0 -4.787 7.800
9790 218.0 -4.857 7.761
9800 218.0 -4.876 7.762
9810 218.0 -4.867 7.770
9820 218.0 -4.883 7.803
9830 218.0 -4.884 7.823
9840 218.0 -4.941 7.825
9850 218.0 -4.940 7.811
9860 218.0 -4.948 7.825
9870 218.0 -4.946 7.826
9880 218.0 -4.955 7.895
9890 218.0 -4.987 7.874
9920 238.0 -2.360 6.640
9930 238.0 -1.300 6.460
9940 238.0 -0.520 6.380
9950 238.0 0.430 6.410
9960 238.0 1.290 6.330
9970 238.0 2.260 6.480
9980 238.0 3.120 6.620
9990 238.0 4.010 6.580
10000 238.0 2.236 6.053
10010 238.0 1.952 5.566
10020 238.0 2.226 6.022
10030 238.0 2.618 5.786
10040 238.0 2.973 5.858
10050 238.0 2.364 5.635
10060 238.0 3.073 5.440
10070 238.0 3.371 5.611
10080 238.0 3.358 5.159
10090 238.0 3.946 6.466
10100 238.0 2.938 6.401
10110 238.0 2.919 5.692
9920 240.0 -1.570 5.570
9930 240.0 -0.740 5.530
9940 240.0 0.070 5.490
9950 240.0 1.010 5.490
9960 240.0 1.950 5.410
9970 240.0 2.870 5.330
9980 240.0 3.750 5.370
9990 240.0 4.620 5.470
10000 240.0 3.055 5.037
10010 240.0 2.425 5.241
10020 240.0 3.188 5.313
10030 240.0 2.339 4.881
10040 240.0 3.300 5.231
10050 240.0 2.099 5.127
10060 240.0 3.435 5.345
10070 240.0 2.761 5.645
10080 240.0 3.656 5.978
10090 240.0 3.014 5.326
10100 240.0 2.943 5.614
10110 240.0 1.618 5.765
10120 239.0 11.780 4.760
10130 239.0 12.070 4.780
10140 239.0 12.290 4.670
10150 239.0 12.340 4.690
10160 239.0 12.310 4.690
10170 239.0 12.310 4.670
10180 239.0 12.310 4.620
10190 239.0 12.310 4.620
10200 239.0 12.990 4.443
10210 239.0 12.911 4.411
10220 239.0 13.283 4.171
10230 239.0 13.461 4.320
10240 239.0 12.816 4.329
10250 239.0 12.932 3.993
10260 239.0 13.102 4.094
10270 239.0 13.287 3.873
10280 239.0 13.341 3.953
10290 239.0 13.245 3.679
10300 239.0 14.393 3.697
10310 239.0 14.336 3.558
10250 257.0 12.620 6.950
10260 257.0 11.680 7.090
10270 257.0 10.740 7.200
10280 257.0 9.720 7.100
10290 257.0 8.730 7.090
10300 257.0 7.740 6.970
10310 257.0 6.860 6.750
10320 257.0 6.040 6.450
10330 257.0 7.595 6.074
10340 257.0 7.680 6.376
10350 257.0 6.826 6.226
10360 257.0 7.238 6.754
10370 257.0 6.710 7.193
10380 257.0 6.579 7.472
10390 257.0 6.941 7.253
10400 257.0 6.965 6.633
10410 257.0 6.110 6.602
10420 257.0 5.851 8.047
10430 257.0 6.349 7.779
10440 257.0 6.391 6.874
10250 258.0 -1.720 7.410
10260 258.0 -0.770 7.300
10270 258.0 0.160 7.280
10280 258.0 1.050 7.190
10290 258.0 1.960 7.180
10300 258.0 2.910 7.260
10310 258.0 3.600 7.400
10320 258.0 4.430 7.610
10330 258.0 3.092 7.604
10340 258.0 2.388 7.676
10350 258.0 2.522 7.212
10360 258.0 2.610 7.110
10370 258.0 3.878 7.159
10380 258.0 3.150 7.585
10390 258.0 3.071 7.763
10400 258.0 2.906 7.571
10410 258.0 3.627 7.616
10420 258.0 3.660 7.441
10430 258.0 4.103 7.360
10440 258.0 2.504 8.094
10250 259.0 -2.220 6.660
10260 259.0 -1.220 6.450
10270 259.0 -0.170 6.320
10280 259.0 0.820 6.310
10290 259.0 1.740 6.310
10300 259.0 2.640 6.360
10310 259.0 3.460 6.610
10320 259.0 4.330 6.820
10330 259.0 3.341 6.492
10340 259.0 2.325 6.077
10350 259.0 3.246 6.190
10360 259.0 2.280 6.777
10370 259.0 2.840 6.124
10380 259.0 3.051 6.368
10390 259.0 3.410 5.450
10400 259.0 3.125 6.115
10410 259.0 2.573 6.794
10420 259.0 1.254 6.689
10430 259.0 2.808 6.537
10440 259.0 3.908 6.707
10260 260.0 12.230 6.630
10270 260.0 11.230 6.650
10280 260.0 10.060 6.750
10290 260.0 9.180 6.580
10300 260.0 8.130 6.480
10310 260.0 7.210 6.050
10320 260.0 6.240 5.750
10330 260.0 5.240 5.550
10340 260.0 8.174 5.402
10350 260.0 7.183 6.141
10360 260.0 6.439 6.393
10370 260.0 6.738 5.753
10380 260.0 7.807 6.291
10390 260.0 7.168 6.634
10400 260.0 7.094 5.821
10410 260.0 6.590 6.371
10420 260.0 7.530 6.705
10430 260.0 7.325 6.203
10440 260.0 6.386 6.363
10450 260.0 7.482 6.462
10280 261.0 12.700 7.000
10290 261.0 11.590 7.140
10300 261.0 10.830 7.500
10310 261.0 9.750 7.480
10320 261.0 8.720 7.310
10330 261.0 7.780 6.960
10340 261.0 6.790 6.600
10350 261.0 5.800 6.270
10360 261.0 6.345 7.449
10370 261.0 8.099 7.359
10380 261.0 6.933 7.656
10390 261.0 7.575 7.269
10400 261.0 5.771 8.266
10410 261.0 6.401 8.056
10420 261.0 5.718 8.552
10430 261.0 6.642 8.021
10440 261.0 6.460 7.330
10450 261.0 6.702 7.649
10460 261.0 7.380 7.287
10470 261.0 5.463 8.111
10300 263.0 -1.980 5.100
10310 263.0 -1.020 5.220
10320 263.0 -0.190 5.440
10330 263.0 0.700 5.760
10340 263.0 1.570 6.100
10350 263.0 2.590 6.400
10360 263.0 3.570 6.630
10370 263.0 4.400 6.800
10380 263.0 2.160 6.432
10390 263.0 1.480 5.989
10400 263.0 1.404 6.336
10410 263.0 1.483 6.105
10420 263.0 1.479 5.717
10430 263.0 1.811 5.717
10440 263.0 1.835 6.074
10450 263.0 1.816 6.021
10460 263.0 2.193 5.588
10470 263.0 2.228 5.661
10480 263.0 2.677 5.411
10490 263.0 2.854 5.299
10300 264.0 -2.160 5.980
10310 264.0 -1.260 5.980
10320 264.0 -0.390 6.180
10330 264.0 0.550 6.440
10340 264.0 1.420 6.730
10350 264.0 2.390 7.070
10360 264.0 3.330 7.350
10370 264.0 4.170 7.580
10380 264.0 0.700 6.402
10390 264.0 1.207 6.069
10400 264.0 0.652 6.535
10410 264.0 0.658 6.362
10420 264.0 1.933 6.495
10430 264.0 1.361 6.499
10440 264.0 2.160 6.053
10450 264.0 2.570 5.992
10460 264.0 1.918 5.973
10470 264.0 3.242 5.899
10480 264.0 2.278 6.232
10490 264.0 2.356 5.962
10300 265.0 -2.070 1.900
10310 265.0 -1.210 1.870
10320 265.0 -0.130 1.950
10330 265.0 0.940 2.130
10340 265.0 2.000 2.210
10350 265.0 3.000 2.250
10360 265.0 4.020 2.400
10370 265.0 4.970 2.580
10380 265.0 2.263 1.742
10390 265.0 1.761 1.758
10400 265.0 1.481 1.920
10410 265.0 2.254 1.527
10420 265.0 2.465 1.338
10430 265.0 1.831 1.598
10440 265.0 2.156 1.310
10450 265.0 2.196 1.667
10460 265.0 2.603 1.409
10470 265.0 3.056 1.411
10480 265.0 2.261 1.677
10490 265.0 1.941 2.024
10300 267.0 -2.000 3.250
10310 267.0 -1.080 3.390
10320 267.0 -0.200 3.410
10330 267.0 0.670 3.390
10340 267.0 1.680 3.380
10350 267.0 2.480 3.530
10360 267.0 3.430 3.690
10370 267.0 4.470 3.960
10380 267.0 2.065 3.139
10390 267.0 2.426 3.274
10400 267.0 0.803 3.420
10410 267.0 2.543 3.004
10420 267.0 2.034 3.323
10430 267.0 2.011 2.901
10440 267.0 2.407 3.087
10450 267.0 1.450 3.056
10460 267.0 1.508 3.453
10470 267.0 2.496 2.949
10480 267.0 2.057 3.070
10490 267.0 2.396 2.917
10300 268.0 -1.380 3.890
10310 268.0 -0.790 4.000
10320 268.0 0.370 4.030
10330 268.0 1.070 4.020
10340 268.0 1.940 3.850
10350 268.0 2.710 4.040
10360 268.0 3.560 4.440
10370 268.0 4.550 4.630
10380 268.0 2.939 4.417
10390 268.0 3.315 3.946
10400 268.0 3.097 3.887
10410 268.0 2.878 3.783
10420 268.0 2.536 4.136
10430 268.0 3.081 3.955
10440 268.0 2.492 3.721
10450 268.0 2.365 3.637
10460 268.0 1.638 4.297
10470 268.0 2.432 3.851
10480 268.0 2.375 3.538
10490 268.0 3.309 3.638
10690 303.0 12.900 6.160
10700 303.0 12.310 6.320
10710 303.0 11.610 6.670
10720 303.0 10.950 7.100
10730 303.0 10.280 7.370
10740 303.0 9.630 7.550
10750 303.0 8.910 7.660
10760 303.0 8.160 7.780
10770 303.0 8.884 7.747
10780 303.0 9.261 7.829
10790 303.0 7.663 8.284
10800 303.0 6.833 8.513
10810 303.0 6.719 8.793
10820 303.0 7.023 8.738
10830 303.0 7.737 8.497
10840 303.0 6.932 8.951
10850 303.0 6.701 9.101
10860 303.0 4.950 10.529
10870 303.0 4.386 10.394
10880 303.0 8.120 8.870
10850 316.0 -1.870 6.400
10860 316.0 -1.330 6.370
10870 316.0 -0.740 6.320
10880 316.0 -0.140 6.180
10890 316.0 0.480 6.050
10900 316.0 1.150 5.980
10910 316.0 1.810 5.910
10920 316.0 2.480 5.940
10930 316.0 1.116 5.957
10940 316.0 1.854 5.781
10950 316.0 2.262 5.961
10960 316.0 1.132 6.175
10970 316.0 2.206 6.060
10980 316.0 2.432 6.074
10990 316.0 3.473 5.505
11000 316.0 3.076 5.881
11010 316.0 3.503 5.553
11020 316.0 4.502 5.536
11030 316.0 2.220 5.907
11040 316.0 1.695 6.411
11210 320.0 12.000 4.350
11220 320.0 11.300 4.090
11230 320.0 10.610 3.980
11240 320.0 10.000 3.720
11250 320.0 9.230 3.660
11260 320.0 8.560 3.470
11270 320.0 7.980 3.270
11280 320.0 7.520 3.120
11290 320.0 9.588 3.670
11300 320.0 8.128 3.626
11310 320.0 8.542 3.088
11320 320.0 8.261 3.127
11330 320.0 6.953 4.064
11340 320.0 7.143 3.607
11350 320.0 7.389 3.391
11360 320.0 8.293 3.959
11370 320.0 8.221 3.517
11380 320.0 7.971 4.004
11390 320.0 6.657 3.714
11400 320.0 7.117 3.433
11280 329.0 -2.760 -0.130
11290 329.0 -2.040 0.530
11300 329.0 -1.180 1.020
11310 329.0 -0.360 1.480
11320 329.0 0.340 1.920
11330 329.0 0.840 2.350
11340 329.0 1.590 2.640
11350 329.0 2.390 2.910
11360 329.0 0.361 1.320
11370 329.0 0.779 0.971
11380 329.0 0.150 0.789
11390 329.0 0.227 0.779
11400 329.0 -0.435 1.117
11410 329.0 0.249 1.016
11420 329.0 0.434 1.347
11430 329.0 1.094 0.835
11440 329.0 0.392 1.188
11450 329.0 -0.083 1.215
11460 329.0 0.029 1.710
11470 329.0 0.319 1.210
11280 327.0 -2.800 1.840
11290 327.0 -1.780 2.390
11300 327.0 -1.070 2.780
11310 327.0 -0.260 2.950
11320 327.0 0.540 3.130
11330 327.0 1.320 3.320
11340 327.0 2.040 3.540
11350 327.0 2.790 3.760
11360 327.0 0.995 3.346
11370 327.0 -0.347 3.730
11380 327.0 0.705 3.415
11390 327.0 0.459 2.463
11400 327.0 1.015 2.859
11410 327.0 0.354 3.151
11420 327.0 -0.060 2.332
11430 327.0 1.004 2.450
11440 327.0 1.171 2.986
11450 327.0 1.364 2.637
11460 327.0 0.955 2.846
11470 327.0 0.297 2.600
11280 328.0 -3.580 0.190
11290 328.0 -2.850 0.850
11300 328.0 -1.780 1.470
11310 328.0 -0.960 1.920
11320 328.0 -0.300 2.330
11330 328.0 0.250 2.670
11340 328.0 1.010 3.010
11350 328.0 1.810 3.280
11360 328.0 -0.463 1.959
11370 328.0 -1.425 1.944
11380 328.0 -1.520 1.744
11390 328.0 -1.397 1.785
11400 328.0 -0.953 2.053
11410 328.0 -0.831 1.834
11420 328.0 -0.552 1.747
11430 328.0 -0.662 1.993
11440 328.0 -0.846 1.804
11450 328.0 -1.542 1.449
11460 328.0 -1.005 1.950
11470 328.0 -0.697 2.268
11310 331.0 -4.430 4.560
11320 331.0 -3.490 4.940
11330 331.0 -2.700 5.350
11340 331.0 -1.670 5.660
11350 331.0 -0.580 5.900
11360 331.0 0.400 6.200
11370 331.0 1.430 6.460
11380 331.0 2.430 6.600
11390 331.0 -0.415 5.601
11400 331.0 -1.152 5.761
11410 331.0 -1.489 6.022
11420 331.0 -1.882 5.863
11430 331.0 -0.451 5.941
11440 331.0 0.045 5.883
11450 331.0 -0.946 6.172
11460 331.0 -1.419 5.951
11470 331.0 -0.669 5.602
11480 331.0 -2.156 5.704
11490 331.0 -1.139 5.668
11500 331.0 -1.084 5.803
11840 342.0 10.640 4.900
11850 342.0 9.730 4.760
11860 342.0 8.750 4.600
11870 342.0 7.840 4.560
11880 342.0 6.880 4.500
11890 342.0 5.990 4.480
11900 342.0 5.080 4.470
11910 342.0 4.170 4.430
11920 342.0 5.222 3.699
11930 342.0 6.754 3.787
11940 342.0 6.128 3.888
11950 342.0 6.775 3.954
11960 342.0 4.616 4.335
11970 342.0 5.567 4.355
11980 342.0 5.492 3.450
11990 342.0 6.671 4.104
12000 342.0 5.473 5.007
12010 342.0 6.055 4.619
12020 342.0 5.413 4.542
12030 342.0 3.709 5.202
11880 348.0 13.410 5.460
11890 348.0 12.400 5.010
11900 348.0 11.320 4.730
11910 348.0 10.240 4.560
11920 348.0 9.140 4.440
11930 348.0 8.100 4.530
11940 348.0 6.970 4.600
11950 348.0 5.710 4.730
11960 348.0 9.418 5.090
11970 348.0 10.153 4.739
11980 348.0 9.524 4.552
11990 348.0 9.768 5.322
12000 348.0 7.638 6.090
12010 348.0 7.388 5.292
12020 348.0 9.102 5.058
12030 348.0 9.363 4.910
12040 348.0 8.880 4.594
12050 348.0 9.127 4.656
12060 348.0 6.691 4.947
12070 348.0 8.892 4.863
11930 350.0 -4.990 5.190
11940 350.0 -3.910 5.180
11950 350.0 -3.050 5.230
11960 350.0 -2.120 5.270
11970 350.0 -0.940 5.310
11980 350.0 -0.260 5.570
11990 350.0 0.830 5.710
12000 350.0 1.830 5.830
12010 350.0 -0.658 5.526
12020 350.0 -1.676 5.474
12030 350.0 -1.065 5.625
12040 350.0 -0.542 5.469
12050 350.0 -0.041 5.455
12060 350.0 -1.119 5.687
12070 350.0 -1.143 5.645
12080 350.0 -0.611 5.304
12090 350.0 -1.025 5.441
12100 350.0 -1.678 5.864
12110 350.0 -0.520 4.777
12120 350.0 -0.848 4.856
11940 353.0 -4.790 -0.260
11950 353.0 -4.040 0.440
11960 353.0 -3.120 1.030
11970 353.0 -2.130 1.650
11980 353.0 -1.070 2.050
11990 353.0 -0.100 2.480
12000 353.0 0.910 2.960
12010 353.0 1.950 3.380
12020 353.0 -1.800 2.187
12030 353.0 -1.911 2.185
12040 353.0 -1.648 2.768
12050 353.0 -1.633 2.408
12060 353.0 -1.297 1.991
12070 353.0 -1.347 2.123
12080 353.0 -1.277 2.104
12090 353.0 -1.261 2.048
12100 353.0 -1.587 2.419
12110 353.0 -1.565 2.378
12120 353.0 -1.981 2.953
12130 353.0 -1.962 1.863
11970 355.0 -2.400 10.550
11980 355.0 -1.660 9.900
11990 355.0 -0.840 9.560
12000 355.0 -0.190 8.920
12010 355.0 0.510 8.540
12020 355.0 1.380 8.290
12030 355.0 2.200 8.090
12040 355.0 3.050 7.920
12050 355.0 3.451 7.787
12060 355.0 3.531 7.989
12070 355.0 3.272 7.958
12080 355.0 7.327 6.130
12090 355.0 3.703 7.236
12100 355.0 5.810 6.306
12110 355.0 1.385 9.252
12120 355.0 4.625 7.012
12130 355.0 5.160 5.704
12140 355.0 5.037 7.106
12150 355.0 7.986 4.740
12160 355.0 -0.925 8.805
12020 358.0 -6.550 7.200
12030 358.0 -6.050 7.260
12040 358.0 -5.490 7.270
12050 358.0 -4.990 7.410
12060 358.0 -4.500 7.460
12070 358.0 -4.070 7.510
12080 358.0 -3.780 7.530
12090 358.0 -3.230 7.550
12100 358.0 -3.223 7.138
12110 358.0 -4.041 7.075
12120 358.0 -3.549 7.037
12130 358.0 -2.162 6.631
12140 358.0 -1.674 7.001
12150 358.0 -2.529 6.947
12160 358.0 -2.465 6.862
12170 358.0 -2.543 6.879
12180 358.0 -1.104 6.860
12190 358.0 -2.436 6.843
12200 358.0 -1.853 6.964
12210 358.0 -3.018 7.145
12020 357.0 -6.400 6.260
12030 357.0 -5.940 6.350
12040 357.0 -5.340 6.430
12050 357.0 -4.840 6.530
12060 357.0 -4.350 6.610
12070 357.0 -3.810 6.690
12080 357.0 -3.370 6.740
12090 357.0 -3.060 6.740
12100 357.0 -3.445 6.628
12110 357.0 -3.594 6.571
12120 357.0 -3.977 6.788
12130 357.0 -3.674 6.798
12140 357.0 -2.131 6.347
12150 357.0 -3.511 7.034
12160 357.0 -3.156 7.218
12170 357.0 -2.302 7.099
12180 357.0 -3.251 6.976
12190 357.0 -2.549 6.827
12200 357.0 -1.995 6.623
12210 357.0 -2.124 6.589
12020 359.0 -4.900 12.670
12030 359.0 -4.120 12.140
12040 359.0 -3.370 11.660
12050 359.0 -2.770 11.060
12060 359.0 -1.920 10.430
12070 359.0 -0.950 9.910
12080 359.0 -0.160 9.390
12090 359.0 0.740 8.910
12100 359.0 0.407 9.206
12110 359.0 0.892 9.102
12120 359.0 1.989 8.008
12130 359.0 1.629 8.398
12140 359.0 1.672 7.671
12150 359.0 -0.670 9.143
12160 359.0 2.145 8.287
12170 359.0 -0.404 9.194
12180 359.0 1.313 7.951
12190 359.0 -0.505 8.343
12200 359.0 2.462 8.221
12210 359.0 -0.687 9.046
