0 1.0 0.295 8.091
10 1.0 1.031 7.852
20 1.0 1.768 7.613
30 1.0 2.515 7.364
40 1.0 3.279 7.099
50 1.0 4.043 6.834
60 1.0 4.851 6.618
70 1.0 5.677 6.424
80 1.0 5.354 6.857
90 1.0 4.175 7.302
100 1.0 5.372 6.716
110 1.0 3.392 7.611
120 1.0 3.901 6.914
130 1.0 5.510 6.411
140 1.0 6.108 6.231
150 1.0 5.745 5.713
160 1.0 3.804 6.886
170 1.0 5.088 6.400
180 1.0 4.266 6.728
190 1.0 4.254 6.746
10 2.0 0.279 9.989
20 2.0 1.064 9.859
30 2.0 1.848 9.729
40 2.0 2.611 9.567
50 2.0 3.363 9.393
60 2.0 4.112 9.202
70 2.0 4.821 8.857
80 2.0 5.531 8.512
90 2.0 5.442 8.116
100 2.0 4.515 8.969
110 2.0 5.189 8.921
120 2.0 5.143 8.583
130 2.0 5.026 8.539
140 2.0 6.954 7.549
150 2.0 5.898 8.440
160 2.0 6.053 7.888
170 2.0 6.186 7.264
180 2.0 6.083 8.817
190 2.0 6.822 7.468
200 2.0 7.303 6.548
230 4.0 15.294 9.097
240 4.0 14.615 9.162
250 4.0 13.936 9.228
260 4.0 13.240 9.338
270 4.0 12.529 9.495
280 4.0 11.818 9.651
290 4.0 11.139 9.851
300 4.0 10.483 10.080
310 4.0 9.930 10.021
320 4.0 10.944 10.377
330 4.0 9.510 11.101
340 4.0 10.194 10.979
350 4.0 9.621 11.633
360 4.0 8.424 11.555
370 4.0 6.327 12.108
380 4.0 7.435 12.213
390 4.0 8.345 11.481
400 4.0 9.428 11.242
410 4.0 7.658 12.486
420 4.0 7.063 12.720
240 5.0 15.042 8.569
250 5.0 14.351 8.580
260 5.0 13.659 8.592
270 5.0 12.948 8.773
280 5.0 12.237 8.954
290 5.0 11.525 9.134
300 5.0 10.804 9.309
310 5.0 10.084 9.483
320 5.0 10.748 9.923
330 5.0 9.815 10.156
340 5.0 8.815 10.713
350 5.0 8.133 11.040
360 5.0 9.062 9.913
370 5.0 8.627 10.258
380 5.0 7.973 11.062
390 5.0 7.776 11.056
400 5.0 8.481 10.577
410 5.0 8.675 9.950
420 5.0 7.741 10.983
430 5.0 8.334 11.418
500 6.0 15.005 9.014
510 6.0 14.576 8.981
520 6.0 14.148 8.946
530 6.0 13.712 8.922
540 6.0 13.265 8.912
550 6.0 12.817 8.902
560 6.0 12.329 9.004
570 6.0 11.840 9.107
580 6.0 11.351 9.286
590 6.0 11.739 8.924
600 6.0 10.537 9.318
610 6.0 9.903 9.427
620 6.0 9.829 9.822
630 6.0 11.059 9.398
640 6.0 9.874 9.858
650 6.0 8.957 9.662
660 6.0 9.424 10.639
670 6.0 8.348 10.787
680 6.0 9.222 10.215
690 6.0 9.008 10.370
610 7.0 11.282 8.098
620 7.0 10.821 8.258
630 7.0 10.393 8.445
640 7.0 10.014 8.676
650 7.0 9.635 8.907
660 7.0 9.253 9.150
670 7.0 8.865 9.411
680 7.0 8.476 9.672
690 7.0 8.548 9.589
700 7.0 8.077 9.759
710 7.0 7.439 10.020
720 7.0 6.822 10.255
730 7.0 6.356 10.668
740 7.0 6.166 10.819
750 7.0 5.033 11.538
760 7.0 4.767 11.396
770 7.0 4.648 11.381
780 7.0 4.932 11.424
790 7.0 4.592 11.113
800 7.0 4.627 11.900
610 8.0 0.183 11.741
620 8.0 0.780 11.617
630 8.0 1.378 11.493
640 8.0 1.969 11.410
650 8.0 2.557 11.344
660 8.0 3.145 11.278
670 8.0 3.740 11.234
680 8.0 4.338 11.196
690 8.0 4.348 10.607
700 8.0 4.066 10.372
710 8.0 4.415 10.823
720 8.0 5.369 10.249
730 8.0 4.741 10.537
740 8.0 5.495 10.080
750 8.0 4.539 10.476
760 8.0 4.415 10.231
770 8.0 4.397 9.755
780 8.0 3.683 11.104
790 8.0 4.491 10.253
800 8.0 5.133 9.755
680 9.0 15.115 9.127
690 9.0 14.450 9.261
700 9.0 13.785 9.395
710 9.0 13.126 9.534
720 9.0 12.479 9.681
730 9.0 11.831 9.827
740 9.0 11.164 9.893
750 9.0 10.493 9.939
760 9.0 10.455 9.996
770 9.0 10.575 10.620
780 9.0 10.036 10.456
790 9.0 10.639 10.534
800 9.0 10.239 10.539
810 9.0 8.139 11.908
820 9.0 8.043 11.434
830 9.0 7.722 12.308
840 9.0 8.675 12.215
850 9.0 8.453 11.919
860 9.0 7.339 12.355
870 9.0 7.041 12.225
680 10.0 15.159 8.389
690 10.0 14.472 8.508
700 10.0 13.784 8.628
710 10.0 13.097 8.747
720 10.0 12.438 8.846
730 10.0 11.784 8.944
740 10.0 11.122 9.037
750 10.0 10.435 9.117
760 10.0 11.131 8.887
770 10.0 11.290 9.327
780 10.0 10.012 9.407
790 10.0 10.432 10.059
800 10.0 9.849 9.338
810 10.0 9.739 9.441
820 10.0 9.029 9.782
830 10.0 8.986 9.538
840 10.0 8.265 9.988
850 10.0 9.279 9.901
860 10.0 7.802 10.004
870 10.0 9.937 9.355
680 12.0 10.430 6.345
690 12.0 10.264 6.005
700 12.0 10.099 5.665
710 12.0 9.933 5.325
720 12.0 9.741 4.920
730 12.0 9.524 4.451
740 12.0 9.306 3.982
750 12.0 9.122 3.556
760 12.0 9.006 3.357
770 12.0 8.988 3.230
780 12.0 9.654 2.128
790 12.0 9.772 1.024
800 12.0 9.228 2.212
810 12.0 10.045 0.491
820 12.0 9.686 -1.423
830 12.0 9.892 0.390
840 12.0 10.214 1.753
850 12.0 9.917 -2.240
860 12.0 10.207 -2.705
870 12.0 9.388 -1.908
750 11.0 0.088 7.704
760 11.0 0.636 7.441
770 11.0 1.183 7.179
780 11.0 1.733 6.910
790 11.0 2.297 6.618
800 11.0 2.860 6.325
810 11.0 3.427 6.039
820 11.0 4.023 5.807
830 11.0 3.263 5.996
840 11.0 4.074 6.064
850 11.0 3.886 5.947
860 11.0 4.311 5.748
870 11.0 4.467 4.988
880 11.0 4.441 5.626
890 11.0 4.661 5.223
900 11.0 5.210 5.104
910 11.0 4.795 5.254
920 11.0 6.413 4.056
930 11.0 6.592 4.574
940 11.0 5.151 5.937
890 13.0 15.111 8.759
900 13.0 14.495 8.776
910 13.0 13.879 8.793
920 13.0 13.255 8.833
930 13.0 12.602 8.965
940 13.0 11.949 9.096
950 13.0 11.298 9.246
960 13.0 10.653 9.439
970 13.0 10.638 9.590
980 13.0 10.662 9.621
990 13.0 10.263 9.660
1000 13.0 10.284 9.956
1010 13.0 9.421 10.018
1020 13.0 9.595 10.597
1030 13.0 8.897 10.348
1040 13.0 8.829 10.437
1050 13.0 8.980 10.083
1060 13.0 9.254 10.187
1070 13.0 9.454 10.210
1080 13.0 9.949 9.777
1130 18.0 15.426 8.393
1140 18.0 14.639 8.472
1150 18.0 13.852 8.552
1160 18.0 13.064 8.632
1170 18.0 12.270 8.799
1180 18.0 11.475 8.975
1190 18.0 10.682 9.135
1200 18.0 9.898 9.225
1210 18.0 11.041 8.473
1220 18.0 10.808 8.542
1230 18.0 10.910 8.364
1240 18.0 10.468 9.457
1250 18.0 10.332 8.522
1260 18.0 9.907 8.821
1270 18.0 10.524 9.258
1280 18.0 8.437 9.738
1290 18.0 9.778 9.104
1300 18.0 9.507 8.675
1310 18.0 8.826 8.980
1320 18.0 8.469 8.859
1140 21.0 1.136 7.652
1150 21.0 1.552 7.805
1160 21.0 1.967 7.958
1170 21.0 2.383 8.111
1180 21.0 2.813 8.267
1190 21.0 3.304 8.434
1200 21.0 3.795 8.601
1210 21.0 4.281 8.754
1220 21.0 4.189 7.999
1230 21.0 4.093 7.810
1240 21.0 4.584 7.829
1250 21.0 4.902 7.744
1260 21.0 4.109 7.409
1270 21.0 4.878 7.617
1280 21.0 5.047 7.242
1290 21.0 5.625 7.091
1300 21.0 4.957 6.673
1310 21.0 6.440 6.027
1320 21.0 6.078 6.853
1330 21.0 6.146 6.718
1160 19.0 12.242 7.491
1170 19.0 11.891 7.520
1180 19.0 11.540 7.549
1190 19.0 11.190 7.578
1200 19.0 10.763 7.634
1210 19.0 10.285 7.707
1220 19.0 9.808 7.780
1230 19.0 9.168 7.962
1240 19.0 9.016 7.620
1250 19.0 9.061 7.681
1260 19.0 7.902 8.363
1270 19.0 7.779 8.651
1280 19.0 7.622 8.314
1290 19.0 6.837 8.460
1300 19.0 7.625 8.087
1310 19.0 6.915 8.599
1320 19.0 6.427 8.750
1330 19.0 5.508 8.725
1340 19.0 5.261 9.860
1350 19.0 6.187 9.175
1200 20.0 11.991 8.161
1210 20.0 11.435 8.276
1220 20.0 10.879 8.390
1230 20.0 10.358 8.493
1240 20.0 9.851 8.590
1250 20.0 9.345 8.687
1260 20.0 8.766 8.735
1270 20.0 8.187 8.783
1280 20.0 9.132 8.500
1290 20.0 8.645 8.770
1300 20.0 8.216 8.696
1310 20.0 7.545 9.054
1320 20.0 8.286 8.541
1330 20.0 8.120 8.780
1340 20.0 7.509 9.243
1350 20.0 7.106 9.020
1360 20.0 7.991 9.024
1370 20.0 6.459 9.530
1380 20.0 6.962 9.706
1390 20.0 5.061 10.656
1230 25.0 3.849 4.590
1240 25.0 4.039 4.668
1250 25.0 4.229 4.747
1260 25.0 4.419 4.825
1270 25.0 4.609 4.903
1280 25.0 4.798 4.981
1290 25.0 4.988 5.060
1300 25.0 5.225 5.100
1310 25.0 5.033 5.025
1320 25.0 5.235 4.979
1330 25.0 5.323 4.783
1340 25.0 5.041 5.228
1350 25.0 5.292 5.002
1360 25.0 5.241 5.003
1370 25.0 5.757 5.010
1380 25.0 5.616 5.120
1390 25.0 6.106 4.720
1400 25.0 6.237 4.690
1410 25.0 5.495 5.028
1420 25.0 6.521 4.743
1310 22.0 14.781 5.883
1320 22.0 14.322 5.852
1330 22.0 13.863 5.821
1340 22.0 13.405 5.791
1350 22.0 12.965 5.789
1360 22.0 12.544 5.817
1370 22.0 12.123 5.845
1380 22.0 11.702 5.873
1390 22.0 12.140 5.839
1400 22.0 11.669 6.082
1410 22.0 11.330 5.952
1420 22.0 11.740 5.983
1430 22.0 11.422 5.828
1440 22.0 10.651 6.352
1450 22.0 11.288 7.015
1460 22.0 10.277 7.066
1470 22.0 9.846 7.015
1480 22.0 10.297 7.128
1490 22.0 9.443 7.445
1500 22.0 10.582 6.083
1310 23.0 14.939 5.155
1320 23.0 14.500 5.155
1330 23.0 14.060 5.155
1340 23.0 13.621 5.155
1350 23.0 13.176 5.166
1360 23.0 12.731 5.180
1370 23.0 12.285 5.194
1380 23.0 11.849 5.189
1390 23.0 12.939 5.497
1400 23.0 12.885 5.203
1410 23.0 12.619 5.678
1420 23.0 12.289 5.561
1430 23.0 12.314 5.992
1440 23.0 12.429 5.776
1450 23.0 12.391 5.533
1460 23.0 10.377 5.352
1470 23.0 11.479 5.510
1480 23.0 11.281 5.946
1490 23.0 9.270 5.860
1500 23.0 8.419 6.440
1310 24.0 14.936 4.413
1320 24.0 14.479 4.399
1330 24.0 14.022 4.385
1340 24.0 13.565 4.372
1350 24.0 13.126 4.347
1360 24.0 12.695 4.318
1370 24.0 12.263 4.289
1380 24.0 11.832 4.260
1390 24.0 11.593 3.821
1400 24.0 11.810 3.943
1410 24.0 10.877 3.693
1420 24.0 11.304 4.510
1430 24.0 10.964 4.376
1440 24.0 10.664 4.564
1450 24.0 11.116 4.473
1460 24.0 8.819 4.633
1470 24.0 9.649 4.324
1480 24.0 9.595 4.483
1490 24.0 9.302 5.616
1500 24.0 8.705 5.713
1370 27.0 6.367 0.491
1380 27.0 6.390 1.139
1390 27.0 6.412 1.787
1400 27.0 6.428 2.382
1410 27.0 6.440 2.955
1420 27.0 6.452 3.527
1430 27.0 6.461 4.085
1440 27.0 6.461 4.580
1450 27.0 6.665 5.201
1460 27.0 6.443 4.669
1470 27.0 6.488 4.471
1480 27.0 6.333 5.184
1490 27.0 6.462 5.794
1500 27.0 6.179 5.035
1510 27.0 6.835 6.082
1520 27.0 7.028 6.609
1530 27.0 6.378 5.980
1540 27.0 7.231 6.287
1550 27.0 6.843 6.592
1560 27.0 7.215 7.650
1430 26.0 8.171 6.327
1440 26.0 8.321 6.402
1450 26.0 8.470 6.478
1460 26.0 8.611 6.546
1470 26.0 8.743 6.607
1480 26.0 8.875 6.668
1490 26.0 9.007 6.729
1500 26.0 9.101 6.781
1510 26.0 9.215 7.142
1520 26.0 9.578 7.081
1530 26.0 9.995 7.018
1540 26.0 10.154 6.918
1550 26.0 9.713 7.363
1560 26.0 9.524 7.549
1570 26.0 9.852 7.218
1580 26.0 9.668 7.847
1590 26.0 9.307 7.472
1600 26.0 9.749 7.647
1610 26.0 9.587 7.480
1620 26.0 8.957 7.239
1560 28.0 9.766 9.217
1570 28.0 9.769 9.169
1580 28.0 9.771 9.120
1590 28.0 9.774 9.072
1600 28.0 9.776 9.024
1610 28.0 9.778 8.976
1620 28.0 9.781 8.927
1630 28.0 9.783 8.879
1640 28.0 9.761 8.909
1650 28.0 9.802 9.010
1660 28.0 9.767 9.035
1670 28.0 9.743 9.046
1680 28.0 9.709 9.038
1690 28.0 9.787 9.095
1700 28.0 9.823 9.067
1710 28.0 9.845 9.076
1720 28.0 9.910 8.991
1730 28.0 9.752 9.141
1740 28.0 9.710 9.244
1750 28.0 9.779 9.242
1560 29.0 0.844 7.509
1570 29.0 1.049 7.352
1580 29.0 1.254 7.195
1590 29.0 1.459 7.038
1600 29.0 1.664 6.881
1610 29.0 1.967 6.760
1620 29.0 2.295 6.647
1630 29.0 2.623 6.535
1640 29.0 2.990 6.419
1650 29.0 3.663 6.043
1660 29.0 3.198 6.332
1670 29.0 4.432 6.038
1680 29.0 4.389 5.680
1690 29.0 4.773 5.540
1700 29.0 4.372 5.592
1710 29.0 4.005 5.873
1720 29.0 4.800 5.398
1730 29.0 5.327 5.198
1740 29.0 6.664 4.863
1750 29.0 5.285 5.617
1780 30.0 12.813 9.162
1790 30.0 12.238 9.393
1800 30.0 11.663 9.623
1810 30.0 11.091 9.861
1820 30.0 10.527 10.115
1830 30.0 9.964 10.369
1840 30.0 9.398 10.622
1850 30.0 8.823 10.869
1860 30.0 9.158 11.158
1870 30.0 9.647 10.891
1880 30.0 8.941 11.281
1890 30.0 7.510 11.731
1900 30.0 7.386 11.659
1910 30.0 7.407 11.964
1920 30.0 8.033 12.323
1930 30.0 5.997 13.361
1940 30.0 6.832 12.821
1950 30.0 6.910 12.538
1960 30.0 6.360 13.567
1970 30.0 4.983 14.169
1780 31.0 1.784 11.060
1790 31.0 2.400 10.857
1800 31.0 3.016 10.654
1810 31.0 3.591 10.450
1820 31.0 4.140 10.245
1830 31.0 4.689 10.041
1840 31.0 5.321 9.899
1850 31.0 5.975 9.774
1860 31.0 5.573 9.851
1870 31.0 6.490 9.069
1880 31.0 7.210 9.172
1890 31.0 6.981 8.611
1900 31.0 6.337 9.615
1910 31.0 7.224 8.837
1920 31.0 5.420 9.401
1930 31.0 8.688 7.270
1940 31.0 10.409 7.460
1950 31.0 8.161 7.726
1960 31.0 5.662 8.579
1970 31.0 8.125 8.961
2040 33.0 0.146 10.352
2050 33.0 0.763 10.294
2060 33.0 1.380 10.237
2070 33.0 1.996 10.154
2080 33.0 2.613 9.974
2090 33.0 3.230 9.792
2100 33.0 3.825 9.619
2110 33.0 4.370 9.462
2120 33.0 4.304 9.376
2130 33.0 2.772 9.954
2140 33.0 4.117 9.278
2150 33.0 4.666 9.158
2160 33.0 5.195 8.488
2170 33.0 5.945 7.921
2180 33.0 6.237 8.276
2190 33.0 5.189 8.753
2200 33.0 5.692 8.995
2210 33.0 7.053 7.777
2220 33.0 6.074 8.012
2230 33.0 6.092 8.070
2110 35.0 0.182 8.361
2120 35.0 0.638 8.321
2130 35.0 1.094 8.281
2140 35.0 1.560 8.228
2150 35.0 2.040 8.153
2160 35.0 2.520 8.079
2170 35.0 2.993 8.024
2180 35.0 3.437 8.050
2190 35.0 3.110 7.865
2200 35.0 2.850 7.853
2210 35.0 3.486 7.908
2220 35.0 3.964 7.420
2230 35.0 3.718 7.719
2240 35.0 3.772 7.280
2250 35.0 3.718 7.434
2260 35.0 3.746 7.365
2270 35.0 4.713 6.711
2280 35.0 4.109 7.268
2290 35.0 4.165 6.936
2300 35.0 7.426 5.368
2150 36.0 14.859 6.125
2160 36.0 14.227 6.202
2170 36.0 13.596 6.278
2180 36.0 12.975 6.344
2190 36.0 12.369 6.391
2200 36.0 11.762 6.439
2210 36.0 11.103 6.487
2220 36.0 10.438 6.535
2230 36.0 11.355 6.317
2240 36.0 9.715 7.396
2250 36.0 9.257 7.242
2260 36.0 8.610 7.125
2270 36.0 8.815 7.174
2280 36.0 7.831 7.790
2290 36.0 8.893 7.204
2300 36.0 9.828 7.510
2310 36.0 8.756 7.511
2320 36.0 9.654 7.584
2330 36.0 8.582 8.135
2340 36.0 9.459 7.855
2200 37.0 6.003 12.440
2210 37.0 6.024 12.111
2220 37.0 6.046 11.782
2230 37.0 6.072 11.445
2240 37.0 6.109 11.091
2250 37.0 6.145 10.737
2260 37.0 6.175 10.379
2270 37.0 6.196 10.012
2280 37.0 6.368 10.435
2290 37.0 6.399 9.914
2300 37.0 6.227 9.500
2310 37.0 6.261 8.721
2320 37.0 6.462 8.527
2330 37.0 6.298 7.605
2340 37.0 6.368 7.494
2350 37.0 6.284 6.845
2360 37.0 6.515 6.290
2370 37.0 6.256 6.079
2380 37.0 6.588 5.161
2390 37.0 6.254 6.925
2440 40.0 14.886 6.563
2450 40.0 14.182 6.802
2460 40.0 13.477 7.040
2470 40.0 12.735 7.240
2480 40.0 11.989 7.435
2490 40.0 11.280 7.612
2500 40.0 10.587 7.781
2510 40.0 9.893 7.934
2520 40.0 11.417 7.995
2530 40.0 10.712 8.457
2540 40.0 10.639 8.424
2550 40.0 10.298 8.455
2560 40.0 10.211 8.663
2570 40.0 9.863 8.853
2580 40.0 9.053 9.416
2590 40.0 7.580 10.084
2600 40.0 7.418 10.322
2610 40.0 9.368 9.531
2620 40.0 7.090 10.252
2630 40.0 9.500 9.889
2440 41.0 15.281 9.021
2450 41.0 14.506 9.021
2460 41.0 13.732 9.021
2470 41.0 12.958 9.021
2480 41.0 12.151 9.196
2490 41.0 11.340 9.391
2500 41.0 10.535 9.598
2510 41.0 9.755 9.857
2520 41.0 12.018 9.536
2530 41.0 11.201 10.215
2540 41.0 11.403 9.951
2550 41.0 10.126 10.002
2560 41.0 10.393 9.816
2570 41.0 7.226 11.030
2580 41.0 8.696 10.384
2590 41.0 10.179 9.959
2600 41.0 8.945 10.431
2610 41.0 7.989 11.377
2620 41.0 8.761 10.904
2630 41.0 8.308 11.506
2730 43.0 15.235 9.047
2740 43.0 14.514 9.038
2750 43.0 13.793 9.029
2760 43.0 13.083 9.050
2770 43.0 12.409 9.193
2780 43.0 11.736 9.336
2790 43.0 11.073 9.602
2800 43.0 10.415 9.920
2810 43.0 11.529 9.530
2820 43.0 11.088 9.673
2830 43.0 10.365 10.264
2840 43.0 10.032 10.636
2850 43.0 10.357 10.514
2860 43.0 10.011 10.259
2870 43.0 9.200 10.725
2880 43.0 8.397 11.223
2890 43.0 9.098 10.687
2900 43.0 9.313 10.354
2910 43.0 9.095 10.580
2920 43.0 8.342 11.191
2730 44.0 10.049 6.892
2740 44.0 10.000 7.155
2750 44.0 9.951 7.418
2760 44.0 9.902 7.680
2770 44.0 9.841 7.998
2780 44.0 9.777 8.330
2790 44.0 9.706 8.588
2800 44.0 9.629 8.771
2810 44.0 9.856 8.369
2820 44.0 9.690 8.689
2830 44.0 9.963 9.136
2840 44.0 9.821 9.851
2850 44.0 10.015 9.538
2860 44.0 10.008 9.849
2870 44.0 9.779 10.671
2880 44.0 9.950 11.136
2890 44.0 9.892 10.606
2900 44.0 10.107 10.736
2910 44.0 9.862 11.585
2920 44.0 10.008 13.691
2950 46.0 15.113 7.655
2960 46.0 14.465 7.711
2970 46.0 13.818 7.766
2980 46.0 13.166 7.844
2990 46.0 12.503 7.976
3000 46.0 11.841 8.109
3010 46.0 11.213 8.249
3020 46.0 10.609 8.395
3030 46.0 11.223 8.722
3040 46.0 10.759 8.977
3050 46.0 10.377 8.960
3060 46.0 10.126 9.332
3070 46.0 9.497 9.795
3080 46.0 9.162 9.904
3090 46.0 8.523 9.522
3100 46.0 8.390 9.570
3110 46.0 8.865 9.672
3120 46.0 9.079 9.637
3130 46.0 6.559 10.709
3140 46.0 7.376 10.726
2960 47.0 14.691 8.306
2970 47.0 14.104 8.356
2980 47.0 13.515 8.413
2990 47.0 12.912 8.532
3000 47.0 12.309 8.651
3010 47.0 11.697 8.831
3020 47.0 11.084 9.018
3030 47.0 10.435 9.207
3040 47.0 10.416 9.503
3050 47.0 11.066 9.689
3060 47.0 10.614 9.705
3070 47.0 9.812 10.000
3080 47.0 10.550 9.966
3090 47.0 9.648 10.436
3100 47.0 8.086 10.926
3110 47.0 8.810 10.808
3120 47.0 7.468 11.200
3130 47.0 8.545 11.168
3140 47.0 8.005 11.040
3150 47.0 6.466 12.221
2960 48.0 14.707 9.007
2970 48.0 14.110 8.978
2980 48.0 13.512 8.950
2990 48.0 12.990 9.065
3000 48.0 12.467 9.180
3010 48.0 11.920 9.338
3020 48.0 11.315 9.596
3030 48.0 10.710 9.855
3040 48.0 10.098 10.601
3050 48.0 9.354 10.872
3060 48.0 9.506 10.719
3070 48.0 10.056 10.238
3080 48.0 9.170 10.925
3090 48.0 9.358 10.745
3100 48.0 7.839 11.073
3110 48.0 7.225 11.456
3120 48.0 8.410 10.807
3130 48.0 8.115 10.650
3140 48.0 8.376 11.213
3150 48.0 8.098 10.739
3010 49.0 8.891 8.481
3020 49.0 9.199 8.335
3030 49.0 9.506 8.188
3040 49.0 9.862 8.120
3050 49.0 10.264 8.130
3060 49.0 10.662 8.137
3070 49.0 11.037 8.128
3080 49.0 11.413 8.119
3090 49.0 11.706 7.761
3100 49.0 11.680 7.855
3110 49.0 12.233 7.424
3120 49.0 12.217 7.436
3130 49.0 11.871 7.730
3140 49.0 13.541 7.254
3150 49.0 13.465 7.152
3160 49.0 13.007 7.366
3170 49.0 13.403 7.191
3180 49.0 14.041 6.808
3190 49.0 15.273 6.161
3200 49.0 15.188 6.202
3040 50.0 0.112 10.188
3050 50.0 0.469 9.974
3060 50.0 0.827 9.759
3070 50.0 1.185 9.544
3080 50.0 1.547 9.360
3090 50.0 1.910 9.179
3100 50.0 2.273 8.997
3110 50.0 2.592 8.891
3120 50.0 2.638 8.588
3130 50.0 3.558 8.322
3140 50.0 4.136 7.908
3150 50.0 5.461 7.122
3160 50.0 4.756 7.535
3170 50.0 5.027 7.732
3180 50.0 5.414 7.495
3190 50.0 5.019 7.497
3200 50.0 5.321 7.982
3210 50.0 5.596 7.703
3220 50.0 5.882 7.025
3230 50.0 4.209 8.231
3100 52.0 0.118 12.916
3110 52.0 0.442 12.852
3120 52.0 0.766 12.788
3130 52.0 1.077 12.747
3140 52.0 1.382 12.716
3150 52.0 1.688 12.685
3160 52.0 1.940 12.641
3170 52.0 2.156 12.588
3180 52.0 3.110 11.741
3190 52.0 2.977 12.128
3200 52.0 3.127 11.850
3210 52.0 3.001 11.979
3220 52.0 3.778 11.810
3230 52.0 3.843 11.740
3240 52.0 4.796 11.281
3250 52.0 4.027 11.588
3260 52.0 6.105 11.020
3270 52.0 6.245 11.168
3280 52.0 6.829 11.061
3290 52.0 8.376 10.328
3200 54.0 14.702 9.063
3210 54.0 14.045 9.050
3220 54.0 13.343 9.157
3230 54.0 12.622 9.316
3240 54.0 11.954 9.510
3250 54.0 11.323 9.728
3260 54.0 10.689 9.946
3270 54.0 10.049 10.166
3280 54.0 10.706 9.219
3290 54.0 11.433 8.488
3300 54.0 11.420 8.867
3310 54.0 9.657 9.059
3320 54.0 8.858 9.555
3330 54.0 9.935 8.660
3340 54.0 9.536 8.605
3350 54.0 9.133 9.730
3360 54.0 8.936 9.453
3370 54.0 8.851 10.573
3380 54.0 8.867 10.215
3390 54.0 7.315 10.808
3240 51.0 4.206 8.429
3250 51.0 4.399 8.380
3260 51.0 4.735 8.292
3270 51.0 5.072 8.203
3280 51.0 5.409 8.114
3290 51.0 5.842 7.995
3300 51.0 6.274 7.876
3310 51.0 6.707 7.756
3320 51.0 7.049 7.804
3330 51.0 8.006 7.228
3340 51.0 7.374 7.674
3350 51.0 7.264 8.087
3360 51.0 6.772 7.954
3370 51.0 7.806 7.292
3380 51.0 8.391 7.273
3390 51.0 9.060 7.185
3400 51.0 9.575 6.955
3410 51.0 9.514 6.945
3420 51.0 9.888 6.111
3430 51.0 7.826 6.833
3300 53.0 3.967 10.755
3310 53.0 4.099 10.568
3320 53.0 4.230 10.382
3330 53.0 4.415 10.223
3340 53.0 4.600 10.064
3350 53.0 4.785 9.904
3360 53.0 4.984 9.729
3370 53.0 5.188 9.546
3380 53.0 5.240 9.519
3390 53.0 5.113 9.534
3400 53.0 5.132 9.264
3410 53.0 5.689 9.314
3420 53.0 5.458 9.459
3430 53.0 5.561 9.522
3440 53.0 5.829 9.464
3450 53.0 5.540 9.435
3460 53.0 6.298 9.158
3470 53.0 7.079 8.898
3480 53.0 7.308 8.894
3490 53.0 7.425 8.743
3460 55.0 -0.162 11.055
3470 55.0 0.728 10.958
3480 55.0 1.618 10.860
3490 55.0 2.498 10.782
3500 55.0 3.369 10.725
3510 55.0 4.240 10.667
3520 55.0 5.077 10.617
3530 55.0 5.893 10.573
3540 55.0 4.029 10.520
3550 55.0 3.896 10.043
3560 55.0 4.251 9.959
3570 55.0 5.904 8.997
3580 55.0 5.387 9.119
3590 55.0 5.179 9.816
3600 55.0 4.477 9.596
3610 55.0 5.703 8.897
3620 55.0 3.562 9.622
3630 55.0 6.399 8.072
3640 55.0 4.032 9.020
3650 55.0 3.363 9.168
3520 56.0 0.132 11.040
3530 56.0 0.816 10.938
3540 56.0 1.500 10.835
3550 56.0 2.181 10.742
3560 56.0 2.857 10.670
3570 56.0 3.533 10.597
3580 56.0 4.209 10.525
3590 56.0 4.888 10.440
3600 56.0 4.273 10.473
3610 56.0 5.295 9.641
3620 56.0 5.994 9.274
3630 56.0 5.634 9.306
3640 56.0 4.749 9.600
3650 56.0 5.981 9.569
3660 56.0 7.534 7.410
3670 56.0 5.538 9.570
3680 56.0 7.739 8.487
3690 56.0 6.799 7.780
3700 56.0 5.472 8.196
3710 56.0 7.006 7.128
3970 60.0 14.764 8.080
3980 60.0 14.000 8.292
3990 60.0 13.236 8.504
4000 60.0 12.553 8.806
4010 60.0 11.906 9.145
4020 60.0 11.256 9.497
4030 60.0 10.582 9.955
4040 60.0 9.909 10.413
4050 60.0 10.603 10.013
4060 60.0 9.254 10.759
4070 60.0 10.252 10.535
4080 60.0 9.947 10.815
4090 60.0 9.769 10.702
4100 60.0 8.771 11.323
4110 60.0 9.096 11.486
4120 60.0 7.152 12.720
4130 60.0 11.005 11.137
4140 60.0 6.873 13.158
4150 60.0 7.576 12.099
4160 60.0 8.142 11.987
3990 62.0 3.379 7.155
4000 62.0 3.688 7.436
4010 62.0 3.998 7.717
4020 62.0 4.307 7.998
4030 62.0 4.736 8.278
4040 62.0 5.285 8.559
4050 62.0 5.829 8.830
4060 62.0 6.352 9.069
4070 62.0 5.714 8.912
4080 62.0 6.088 8.004
4090 62.0 6.484 7.933
4100 62.0 6.637 7.479
4110 62.0 7.222 7.258
4120 62.0 7.196 7.051
4130 62.0 7.903 7.541
4140 62.0 7.670 7.007
4150 62.0 7.228 7.349
4160 62.0 8.330 6.481
4170 62.0 8.433 6.673
4180 62.0 8.832 5.887
4220 64.0 2.294 11.340
4230 64.0 2.925 11.140
4240 64.0 3.557 10.939
4250 64.0 4.180 10.707
4260 64.0 4.799 10.453
4270 64.0 5.417 10.200
4280 64.0 6.031 9.908
4290 64.0 6.640 9.558
4300 64.0 5.814 9.923
4310 64.0 5.845 9.929
4320 64.0 6.561 9.317
4330 64.0 6.784 8.927
4340 64.0 7.788 8.870
4350 64.0 7.253 8.982
4360 64.0 5.696 9.921
4370 64.0 5.584 10.364
4380 64.0 10.858 6.844
4390 64.0 7.170 9.142
4400 64.0 8.302 8.787
4410 64.0 11.152 7.635
4220 65.0 6.877 9.056
4230 65.0 6.742 9.588
4240 65.0 6.609 10.119
4250 65.0 6.417 10.683
4260 65.0 6.226 11.247
4270 65.0 6.044 11.685
4280 65.0 5.865 12.092
4290 65.0 5.680 12.478
4300 65.0 5.791 12.955
4310 65.0 5.821 13.094
4320 65.0 5.497 12.605
4330 65.0 5.390 13.903
4340 65.0 5.736 13.863
4350 65.0 5.697 14.431
4360 65.0 5.777 15.860
4370 65.0 5.757 15.594
4380 65.0 5.923 14.688
4390 65.0 5.900 16.077
4400 65.0 6.085 17.629
4410 65.0 6.323 16.122
4270 66.0 11.245 7.967
4280 66.0 10.843 8.112
4290 66.0 10.441 8.256
4300 66.0 10.039 8.401
4310 66.0 9.481 8.750
4320 66.0 8.922 9.098
4330 66.0 8.331 9.327
4340 66.0 7.691 9.375
4350 66.0 8.142 9.332
4360 66.0 7.410 9.644
4370 66.0 7.687 9.500
4380 66.0 6.717 10.226
4390 66.0 6.825 9.612
4400 66.0 7.724 9.410
4410 66.0 7.503 9.732
4420 66.0 5.340 10.715
4430 66.0 5.236 10.936
4440 66.0 3.730 11.731
4450 66.0 4.378 12.144
4460 66.0 4.152 12.305
4280 67.0 15.224 7.173
4290 67.0 14.450 7.106
4300 67.0 13.675 7.040
4310 67.0 12.888 6.993
4320 67.0 12.070 6.993
4330 67.0 11.253 6.993
4340 67.0 10.467 7.062
4350 67.0 9.695 7.162
4360 67.0 10.197 6.857
4370 67.0 10.731 7.177
4380 67.0 10.352 7.720
4390 67.0 8.148 7.617
4400 67.0 9.832 6.534
4410 67.0 8.675 7.046
4420 67.0 7.856 7.462
4430 67.0 9.669 5.613
4440 67.0 8.750 6.886
4450 67.0 8.011 6.484
4460 67.0 9.260 6.131
4470 67.0 7.722 7.171
4310 68.0 10.313 9.618
4320 68.0 9.892 9.484
4330 68.0 9.408 9.272
4340 68.0 8.829 8.944
4350 68.0 8.261 8.699
4360 68.0 7.698 8.478
4370 68.0 7.145 8.270
4380 68.0 6.609 8.067
4390 68.0 7.795 8.330
4400 68.0 7.969 8.857
4410 68.0 6.552 8.851
4420 68.0 6.752 7.993
4430 68.0 5.406 9.366
4440 68.0 4.495 9.267
4450 68.0 4.276 9.743
4460 68.0 4.991 8.139
4470 68.0 4.742 9.177
4480 68.0 3.879 8.853
4490 68.0 4.127 8.464
4500 68.0 6.184 7.282
4510 69.0 9.428 13.047
4520 69.0 9.374 12.790
4530 69.0 9.320 12.533
4540 69.0 9.266 12.276
4550 69.0 9.239 11.989
4560 69.0 9.239 11.670
4570 69.0 9.239 11.352
4580 69.0 9.245 11.037
4590 69.0 9.258 10.489
4600 69.0 9.158 9.443
4610 69.0 9.515 8.533
4620 69.0 9.502 8.617
4630 69.0 9.565 7.818
4640 69.0 9.463 7.096
4650 69.0 9.647 6.566
4660 69.0 9.422 5.980
4670 69.0 9.514 5.740
4680 69.0 9.682 4.699
4690 69.0 9.606 4.316
4700 69.0 9.866 6.287
4510 70.0 10.198 13.383
4520 70.0 10.227 13.070
4530 70.0 10.256 12.758
4540 70.0 10.268 12.460
4550 70.0 10.263 12.179
4560 70.0 10.257 11.897
4570 70.0 10.252 11.616
4580 70.0 10.273 11.304
4590 70.0 10.196 10.465
4600 70.0 10.231 9.918
4610 70.0 10.224 9.181
4620 70.0 10.238 8.859
4630 70.0 10.291 7.910
4640 70.0 10.433 7.320
4650 70.0 10.079 7.794
4660 70.0 10.188 6.279
4670 70.0 10.092 7.017
4680 70.0 10.399 5.752
4690 70.0 10.205 6.207
4700 70.0 10.284 6.085
4600 73.0 0.170 9.853
4610 73.0 0.818 9.816
4620 73.0 1.465 9.780
4630 73.0 2.099 9.725
4640 73.0 2.720 9.654
4650 73.0 3.342 9.558
4660 73.0 3.963 9.439
4670 73.0 4.583 9.318
4680 73.0 3.918 9.588
4690 73.0 4.434 9.145
4700 73.0 4.315 9.623
4710 73.0 6.106 9.146
4720 73.0 5.967 8.533
4730 73.0 5.299 8.499
4740 73.0 5.491 7.851
4750 73.0 4.805 9.009
4760 73.0 5.313 8.955
4770 73.0 7.180 7.968
4780 73.0 7.039 6.933
4790 73.0 5.599 9.089
4610 74.0 0.449 10.200
4620 74.0 1.178 10.123
4630 74.0 1.907 10.047
4640 74.0 2.593 10.002
4650 74.0 3.261 9.971
4660 74.0 3.919 9.920
4670 74.0 4.560 9.841
4680 74.0 5.214 9.762
4690 74.0 3.678 10.222
4700 74.0 3.468 9.802
4710 74.0 4.030 9.842
4720 74.0 4.342 9.944
4730 74.0 4.003 10.022
4740 74.0 4.959 9.715
4750 74.0 5.028 9.681
4760 74.0 6.266 8.793
4770 74.0 4.076 9.530
4780 74.0 5.715 8.891
4790 74.0 4.553 9.245
4800 74.0 4.548 9.194
4640 75.0 -0.100 11.481
4650 75.0 0.466 11.298
4660 75.0 1.033 11.114
4670 75.0 1.600 10.931
4680 75.0 2.176 11.006
4690 75.0 2.765 11.047
4700 75.0 3.458 10.859
4710 75.0 4.109 10.859
4720 75.0 3.105 11.289
4730 75.0 3.713 10.840
4740 75.0 4.237 11.250
4750 75.0 4.050 11.288
4760 75.0 4.941 10.364
4770 75.0 6.114 10.067
4780 75.0 5.846 10.406
4790 75.0 5.653 10.334
4800 75.0 6.583 9.509
4810 75.0 6.709 10.248
4820 75.0 5.802 9.929
4830 75.0 3.695 11.627
4680 76.0 0.328 7.055
4690 76.0 0.899 7.370
4700 76.0 1.470 7.686
4710 76.0 1.929 8.114
4720 76.0 2.340 8.592
4730 76.0 2.668 9.063
4740 76.0 2.940 9.530
4750 76.0 3.241 9.967
4760 76.0 2.246 9.025
4770 76.0 2.486 8.562
4780 76.0 2.050 8.192
4790 76.0 2.868 8.118
4800 76.0 3.553 7.549
4810 76.0 2.987 7.706
4820 76.0 2.678 8.150
4830 76.0 3.396 7.643
4840 76.0 3.693 7.296
4850 76.0 3.055 7.874
4860 76.0 2.669 7.446
4870 76.0 3.851 7.224
4690 77.0 -0.015 9.260
4700 77.0 0.584 9.021
4710 77.0 1.142 8.696
4720 77.0 1.660 8.289
4730 77.0 2.179 7.892
4740 77.0 2.789 7.542
4750 77.0 3.412 7.209
4760 77.0 4.067 6.983
4770 77.0 3.918 7.455
4780 77.0 4.440 6.574
4790 77.0 4.895 6.207
4800 77.0 5.519 6.005
4810 77.0 6.532 5.011
4820 77.0 5.835 5.628
4830 77.0 6.531 5.580
4840 77.0 5.708 5.224
4850 77.0 6.668 4.191
4860 77.0 8.099 3.782
4870 77.0 8.474 4.588
4880 77.0 8.690 3.549
4910 79.0 0.084 8.329
4920 79.0 0.538 8.329
4930 79.0 1.000 8.325
4940 79.0 1.530 8.281
4950 79.0 2.060 8.236
4960 79.0 2.582 8.178
4970 79.0 3.090 8.098
4980 79.0 3.599 8.019
4990 79.0 3.864 8.615
5000 79.0 3.878 8.368
5010 79.0 4.057 8.367
5020 79.0 4.875 7.828
5030 79.0 3.946 8.640
5040 79.0 3.883 7.895
5050 79.0 5.020 7.129
5060 79.0 4.683 7.271
5070 79.0 3.756 7.399
5080 79.0 5.449 6.293
5090 79.0 6.121 6.769
5100 79.0 5.131 7.359
4910 80.0 -0.039 8.821
4920 80.0 0.472 8.867
4930 80.0 0.983 8.912
4940 80.0 1.496 8.946
4950 80.0 2.010 8.975
4960 80.0 2.523 8.974
4970 80.0 3.034 8.854
4980 80.0 3.545 8.735
4990 80.0 2.445 9.190
5000 80.0 2.653 9.131
5010 80.0 2.526 9.534
5020 80.0 3.463 8.761
5030 80.0 3.691 8.998
5040 80.0 3.778 8.641
5050 80.0 3.800 8.613
5060 80.0 3.609 8.926
5070 80.0 3.554 9.232
5080 80.0 4.750 8.562
5090 80.0 4.336 8.595
5100 80.0 3.850 8.701
4960 82.0 14.943 9.930
4970 82.0 14.312 10.060
4980 82.0 13.680 10.189
4990 82.0 13.049 10.319
5000 82.0 12.449 10.435
5010 82.0 11.863 10.546
5020 82.0 11.277 10.657
5030 82.0 10.656 10.764
5040 82.0 11.330 10.284
5050 82.0 10.988 10.214
5060 82.0 11.159 10.409
5070 82.0 8.551 11.123
5080 82.0 9.738 10.752
5090 82.0 8.994 11.697
5100 82.0 9.897 11.553
5110 82.0 9.505 11.158
5120 82.0 9.857 11.545
5130 82.0 8.752 12.158
5140 82.0 8.256 12.315
5150 82.0 9.325 11.768
4960 83.0 15.153 8.933
4970 83.0 14.522 9.018
4980 83.0 13.891 9.103
4990 83.0 13.259 9.188
5000 83.0 12.598 9.299
5010 83.0 11.936 9.410
5020 83.0 11.282 9.541
5030 83.0 10.658 9.755
5040 83.0 10.940 9.833
5050 83.0 10.772 10.238
5060 83.0 10.017 9.936
5070 83.0 10.236 10.315
5080 83.0 10.109 9.817
5090 83.0 10.060 10.301
5100 83.0 10.633 10.433
5110 83.0 8.717 11.262
5120 83.0 9.438 10.578
5130 83.0 8.546 11.066
5140 83.0 9.080 10.978
5150 83.0 9.335 10.892
5010 84.0 0.180 11.602
5020 84.0 0.925 11.393
5030 84.0 1.670 11.184
5040 84.0 2.405 10.949
5050 84.0 3.134 10.701
5060 84.0 3.863 10.454
5070 84.0 4.609 10.200
5080 84.0 5.356 9.945
5090 84.0 4.110 10.424
5100 84.0 4.435 10.237
5110 84.0 5.322 10.079
5120 84.0 7.897 8.842
5130 84.0 5.714 10.073
5140 84.0 7.361 8.777
5150 84.0 4.848 10.345
5160 84.0 7.249 8.858
5170 84.0 9.082 7.529
5180 84.0 5.589 8.191
5190 84.0 6.168 9.045
5200 84.0 4.827 8.855
5230 87.0 5.098 11.218
5240 87.0 5.612 11.156
5250 87.0 6.127 11.094
5260 87.0 6.641 11.032
5270 87.0 7.149 10.932
5280 87.0 7.655 10.828
5290 87.0 8.161 10.723
5300 87.0 8.684 10.636
5310 87.0 8.249 10.513
5320 87.0 8.522 10.573
5330 87.0 8.418 10.228
5340 87.0 9.002 10.169
5350 87.0 8.528 10.412
5360 87.0 9.402 9.794
5370 87.0 8.808 10.405
5380 87.0 9.160 10.737
5390 87.0 9.685 10.574
5400 87.0 10.000 10.507
5410 87.0 11.014 9.450
5420 87.0 9.496 10.585
5240 88.0 14.842 8.292
5250 88.0 14.346 8.360
5260 88.0 13.850 8.428
5270 88.0 13.346 8.547
5280 88.0 12.839 8.688
5290 88.0 12.353 8.774
5300 88.0 11.889 8.804
5310 88.0 11.421 8.844
5320 88.0 11.898 8.928
5330 88.0 11.694 9.171
5340 88.0 11.280 9.091
5350 88.0 10.779 9.167
5360 88.0 9.672 9.661
5370 88.0 11.487 9.412
5380 88.0 8.962 10.675
5390 88.0 9.264 10.605
5400 88.0 8.483 10.454
5410 88.0 8.821 10.511
5420 88.0 7.529 11.819
5430 88.0 7.760 11.679
5240 89.0 14.810 8.876
5250 89.0 14.377 8.919
5260 89.0 13.943 8.963
5270 89.0 13.490 9.026
5280 89.0 12.961 9.171
5290 89.0 12.432 9.316
5300 89.0 11.902 9.460
5310 89.0 11.442 9.626
5320 89.0 11.510 9.498
5330 89.0 10.328 10.368
5340 89.0 9.869 9.995
5350 89.0 9.874 10.472
5360 89.0 8.959 10.826
5370 89.0 8.525 11.177
5380 89.0 8.564 11.422
5390 89.0 8.716 10.919
5400 89.0 6.989 12.095
5410 89.0 7.398 12.065
5420 89.0 8.283 11.524
5430 89.0 8.540 11.531
5270 90.0 15.242 7.443
5280 90.0 14.484 7.577
5290 90.0 13.727 7.711
5300 90.0 12.981 7.850
5310 90.0 12.266 8.003
5320 90.0 11.550 8.155
5330 90.0 10.863 8.333
5340 90.0 10.183 8.517
5350 90.0 11.553 7.822
5360 90.0 11.719 8.622
5370 90.0 10.731 8.753
5380 90.0 9.852 8.536
5390 90.0 10.227 8.828
5400 90.0 8.430 9.810
5410 90.0 10.895 9.257
5420 90.0 9.247 10.064
5430 90.0 9.051 10.108
5440 90.0 9.453 10.098
5450 90.0 9.703 10.176
5460 90.0 9.204 10.260
5300 91.0 2.649 8.875
5310 91.0 3.189 9.009
5320 91.0 3.728 9.144
5330 91.0 4.267 9.278
5340 91.0 4.821 9.395
5350 91.0 5.385 9.500
5360 91.0 5.959 9.599
5370 91.0 6.621 9.650
5380 91.0 6.484 8.931
5390 91.0 6.091 9.489
5400 91.0 7.473 8.122
5410 91.0 6.758 8.275
5420 91.0 7.803 7.651
5430 91.0 8.350 8.117
5440 91.0 8.149 7.337
5450 91.0 8.760 7.262
5460 91.0 8.204 6.915
5470 91.0 9.020 6.348
5480 91.0 9.397 7.290
5490 91.0 8.991 7.759
5410 92.0 0.360 12.524
5420 92.0 1.071 12.424
5430 92.0 1.781 12.325
5440 92.0 2.564 12.144
5450 92.0 3.355 11.955
5460 92.0 4.146 11.766
5470 92.0 4.778 11.570
5480 92.0 5.409 11.374
5490 92.0 4.624 11.686
5500 92.0 4.823 11.847
5510 92.0 3.511 11.847
5520 92.0 4.339 11.537
5530 92.0 4.351 11.758
5540 92.0 4.895 11.424
5550 92.0 5.420 11.589
5560 92.0 5.682 10.914
5570 92.0 5.137 11.447
5580 92.0 5.366 11.272
5590 92.0 6.569 10.818
5600 92.0 8.554 8.880
5410 93.0 0.511 13.619
5420 93.0 1.022 13.432
5430 93.0 1.533 13.244
5440 93.0 2.014 13.107
5450 93.0 2.465 13.022
5460 93.0 2.916 12.937
5470 93.0 3.450 12.828
5480 93.0 4.018 12.709
5490 93.0 3.742 12.593
5500 93.0 4.256 12.663
5510 93.0 4.432 12.519
5520 93.0 5.895 11.967
5530 93.0 6.062 11.969
5540 93.0 6.841 12.028
5550 93.0 5.561 12.070
5560 93.0 7.764 11.655
5570 93.0 9.512 10.242
5580 93.0 6.219 11.690
5590 93.0 6.572 11.575
5600 93.0 6.486 11.394
5480 94.0 0.358 11.885
5490 94.0 0.989 11.838
5500 94.0 1.621 11.790
5510 94.0 2.163 11.739
5520 94.0 2.705 11.679
5530 94.0 3.235 11.526
5540 94.0 3.766 11.374
5550 94.0 4.351 11.232
5560 94.0 4.368 10.420
5570 94.0 4.330 10.314
5580 94.0 3.690 11.282
5590 94.0 5.730 10.033
5600 94.0 5.368 10.307
5610 94.0 3.689 11.149
5620 94.0 5.179 10.300
5630 94.0 5.935 10.300
5640 94.0 7.472 9.690
5650 94.0 6.326 9.978
5660 94.0 5.857 10.485
5670 94.0 5.766 10.359
5660 95.0 0.031 12.330
5670 95.0 0.507 12.135
5680 95.0 0.982 11.941
5690 95.0 1.459 11.752
5700 95.0 1.942 11.610
5710 95.0 2.425 11.469
5720 95.0 2.937 11.326
5730 95.0 3.494 11.181
5740 95.0 3.515 10.883
5750 95.0 3.154 10.861
5760 95.0 4.109 10.565
5770 95.0 4.053 10.462
5780 95.0 4.537 10.073
5790 95.0 5.352 10.233
5800 95.0 3.949 10.622
5810 95.0 5.808 10.107
5820 95.0 3.402 10.894
5830 95.0 5.324 9.932
5840 95.0 4.450 10.193
5850 95.0 4.685 10.230
5670 96.0 0.229 11.467
5680 96.0 0.743 11.286
5690 96.0 1.256 11.104
5700 96.0 1.737 10.927
5710 96.0 2.204 10.750
5720 96.0 2.694 10.593
5730 96.0 3.220 10.466
5740 96.0 3.746 10.339
5750 96.0 4.877 9.299
5760 96.0 4.489 9.481
5770 96.0 6.911 7.732
5780 96.0 6.382 7.770
5790 96.0 6.407 8.185
5800 96.0 8.585 6.584
5810 96.0 8.991 8.024
5820 96.0 7.591 7.442
5830 96.0 5.012 8.140
5840 96.0 4.377 9.448
5850 96.0 4.497 8.968
5860 96.0 2.544 9.902
5970 97.0 14.796 8.119
5980 97.0 14.250 8.223
5990 97.0 13.705 8.328
6000 97.0 13.160 8.426
6010 97.0 12.616 8.511
6020 97.0 12.073 8.596
6030 97.0 11.520 8.698
6040 97.0 10.928 8.869
6050 97.0 10.557 9.283
6060 97.0 10.634 9.178
6070 97.0 9.653 9.798
6080 97.0 8.466 10.208
6090 97.0 9.770 9.962
6100 97.0 9.206 10.106
6110 97.0 8.991 9.957
6120 97.0 9.310 10.063
6130 97.0 7.980 10.812
6140 97.0 7.087 11.206
6150 97.0 7.716 11.252
6160 97.0 9.594 10.744
5970 98.0 14.748 8.769
5980 98.0 14.275 8.836
5990 98.0 13.801 8.903
6000 98.0 13.304 8.988
6010 98.0 12.752 9.115
6020 98.0 12.199 9.241
6030 98.0 11.650 9.369
6040 98.0 11.134 9.499
6050 98.0 10.905 9.724
6060 98.0 10.077 9.640
6070 98.0 9.878 10.056
6080 98.0 9.694 9.726
6090 98.0 10.578 9.312
6100 98.0 9.275 9.971
6110 98.0 9.375 9.751
6120 98.0 9.678 10.344
6130 98.0 8.430 10.513
6140 98.0 6.947 11.073
6150 98.0 9.358 10.036
6160 98.0 8.832 10.418
6040 99.0 14.923 8.732
6050 99.0 14.300 8.834
6060 99.0 13.676 8.936
6070 99.0 13.055 9.022
6080 99.0 12.439 9.084
6090 99.0 11.824 9.146
6100 99.0 11.192 9.235
6110 99.0 10.554 9.337
6120 99.0 11.710 9.496
6130 99.0 10.958 9.676
6140 99.0 10.343 8.943
6150 99.0 10.559 9.237
6160 99.0 9.985 9.171
6170 99.0 10.411 8.994
6180 99.0 9.325 9.552
6190 99.0 10.837 8.460
6200 99.0 9.285 8.755
6210 99.0 8.356 9.465
6220 99.0 9.195 9.643
6230 99.0 9.871 9.317
6290 104.0 0.542 13.766
6300 104.0 1.198 13.670
6310 104.0 1.853 13.575
6320 104.0 2.509 13.480
6330 104.0 3.161 13.386
6340 104.0 3.807 13.299
6350 104.0 4.452 13.211
6360 104.0 5.120 13.120
6370 104.0 4.328 13.139
6380 104.0 3.885 13.318
6390 104.0 4.620 12.726
6400 104.0 3.972 12.908
6410 104.0 6.070 12.121
6420 104.0 3.851 12.569
6430 104.0 5.798 12.428
6440 104.0 4.261 12.732
6450 104.0 5.371 12.163
6460 104.0 6.528 11.433
6470 104.0 5.726 11.501
6480 104.0 6.844 11.662
6360 105.0 -0.063 13.025
6370 105.0 0.358 12.964
6380 105.0 0.779 12.903
6390 105.0 1.200 12.842
6400 105.0 1.621 12.780
6410 105.0 2.076 12.719
6420 105.0 2.540 12.658
6430 105.0 3.004 12.597
6440 105.0 2.439 13.103
6450 105.0 3.689 12.600
6460 105.0 3.959 12.657
6470 105.0 4.565 12.618
6480 105.0 3.264 13.033
6490 105.0 4.458 12.366
6500 105.0 4.861 12.067
6510 105.0 4.067 13.086
6520 105.0 4.731 11.898
6530 105.0 4.965 12.153
6540 105.0 6.688 11.558
6550 105.0 4.474 12.103
6430 106.0 14.985 8.759
6440 106.0 14.404 8.768
6450 106.0 13.823 8.778
6460 106.0 13.237 8.847
6470 106.0 12.646 8.976
6480 106.0 12.056 9.104
6490 106.0 11.515 9.282
6500 106.0 10.980 9.467
6510 106.0 11.140 9.697
6520 106.0 12.052 9.194
6530 106.0 12.710 8.474
6540 106.0 11.724 8.907
6550 106.0 10.797 8.822
6560 106.0 11.808 8.890
6570 106.0 12.365 8.664
6580 106.0 10.527 9.747
6590 106.0 10.070 9.320
6600 106.0 9.060 9.627
6610 106.0 10.020 9.580
6620 106.0 8.985 9.860
6430 107.0 15.256 8.168
6440 107.0 14.633 8.228
6450 107.0 14.011 8.287
6460 107.0 13.388 8.354
6470 107.0 12.764 8.436
6480 107.0 12.139 8.518
6490 107.0 11.526 8.645
6500 107.0 10.927 8.839
6510 107.0 11.973 8.664
6520 107.0 11.694 9.119
6530 107.0 12.794 8.738
6540 107.0 11.594 9.118
6550 107.0 10.715 9.404
6560 107.0 9.882 10.546
6570 107.0 9.337 10.151
6580 107.0 10.392 9.458
6590 107.0 8.474 9.697
6600 107.0 9.318 9.534
6610 107.0 9.170 9.825
6620 107.0 8.796 9.848
6890 112.0 14.822 7.432
6900 112.0 14.138 7.575
6910 112.0 13.454 7.718
6920 112.0 12.808 7.883
6930 112.0 12.166 8.050
6940 112.0 11.499 8.203
6950 112.0 10.829 8.355
6960 112.0 10.210 8.506
6970 112.0 11.329 7.913
6980 112.0 11.461 7.852
6990 112.0 10.846 7.901
7000 112.0 10.565 8.613
7010 112.0 10.414 8.735
7020 112.0 10.529 8.584
7030 112.0 9.769 8.532
7040 112.0 9.656 8.865
7050 112.0 9.254 8.805
7060 112.0 8.484 8.833
7070 112.0 7.749 9.107
7080 112.0 7.051 9.453
6890 113.0 15.008 8.077
6900 113.0 14.358 8.208
6910 113.0 13.707 8.338
6920 113.0 13.098 8.473
6930 113.0 12.507 8.611
6940 113.0 11.917 8.748
6950 113.0 11.329 8.877
6960 113.0 10.742 9.007
6970 113.0 11.073 9.153
6980 113.0 11.451 9.781
6990 113.0 10.947 9.679
7000 113.0 10.381 9.497
7010 113.0 10.283 9.998
7020 113.0 8.834 10.792
7030 113.0 8.607 10.823
7040 113.0 8.866 10.570
7050 113.0 8.544 11.043
7060 113.0 8.536 10.423
7070 113.0 8.615 10.363
7080 113.0 7.409 10.838
7170 116.0 0.084 11.050
7180 116.0 0.602 10.967
7190 116.0 1.120 10.885
7200 116.0 1.610 10.795
7210 116.0 2.056 10.693
7220 116.0 2.503 10.592
7230 116.0 2.956 10.490
7240 116.0 3.470 10.375
7250 116.0 2.950 10.311
7260 116.0 3.357 9.989
7270 116.0 4.092 10.258
7280 116.0 5.292 9.359
7290 116.0 4.985 9.472
7300 116.0 4.226 9.839
7310 116.0 3.960 9.698
7320 116.0 4.261 9.265
7330 116.0 5.518 8.695
7340 116.0 7.915 7.302
7350 116.0 6.546 7.990
7360 116.0 8.415 7.256
7180 117.0 0.255 10.400
7190 117.0 0.755 10.300
7200 117.0 1.255 10.201
7210 117.0 1.765 10.106
7220 117.0 2.276 10.013
7230 117.0 2.792 9.914
7240 117.0 3.347 9.771
7250 117.0 3.903 9.628
7260 117.0 3.495 10.050
7270 117.0 3.362 10.065
7280 117.0 4.197 9.418
7290 117.0 5.535 8.967
7300 117.0 4.127 9.257
7310 117.0 4.971 8.720
7320 117.0 6.613 8.222
7330 117.0 4.857 9.046
7340 117.0 5.099 9.066
7350 117.0 6.357 8.561
7360 117.0 5.990 9.267
7370 117.0 6.088 9.312
