0 1.0 13.449 3.938
10 1.0 12.935 3.938
20 1.0 12.422 3.938
30 1.0 11.919 3.958
40 1.0 11.428 3.998
50 1.0 10.937 4.037
60 1.0 10.467 3.992
70 1.0 10.019 3.861
80 1.0 10.130 3.905
90 1.0 10.067 4.889
100 1.0 8.955 4.977
110 1.0 8.514 5.150
120 1.0 8.942 5.714
130 1.0 7.956 5.585
140 1.0 8.032 6.074
150 1.0 7.353 6.079
160 1.0 8.198 5.510
170 1.0 7.381 5.897
180 1.0 8.418 6.002
190 1.0 7.165 6.563
0 2.0 13.343 4.439
10 2.0 12.825 4.430
20 2.0 12.307 4.421
30 2.0 11.814 4.434
40 2.0 11.360 4.480
50 2.0 10.905 4.526
60 2.0 10.438 4.526
70 2.0 9.945 4.419
80 2.0 10.808 4.699
90 2.0 9.884 4.661
100 2.0 10.206 4.618
110 2.0 9.651 4.383
120 2.0 9.540 4.637
130 2.0 8.916 4.232
140 2.0 9.252 4.716
150 2.0 8.761 4.741
160 2.0 8.583 4.521
170 2.0 8.282 4.954
180 2.0 7.945 4.069
190 2.0 7.756 4.867
0 3.0 11.912 4.439
10 3.0 11.505 4.514
20 3.0 11.097 4.588
30 3.0 10.689 4.663
40 3.0 10.280 4.709
50 3.0 9.871 4.749
60 3.0 9.462 4.789
70 3.0 9.051 4.830
80 3.0 9.003 4.940
90 3.0 9.448 4.958
100 3.0 8.785 5.456
110 3.0 9.031 5.772
120 3.0 7.950 5.844
130 3.0 7.382 6.283
140 3.0 6.768 6.750
150 3.0 6.248 6.503
160 3.0 5.158 7.208
170 3.0 7.024 6.149
180 3.0 5.821 7.060
190 3.0 5.402 7.376
0 4.0 11.828 5.155
10 4.0 11.382 5.211
20 4.0 10.937 5.267
30 4.0 10.491 5.324
40 4.0 10.071 5.346
50 4.0 9.668 5.346
60 4.0 9.265 5.346
70 4.0 8.862 5.346
80 4.0 8.857 5.571
90 4.0 8.855 6.004
100 4.0 8.116 6.288
110 4.0 8.102 6.402
120 4.0 7.299 6.623
130 4.0 6.262 6.841
140 4.0 7.280 7.104
150 4.0 5.955 7.281
160 4.0 6.190 7.120
170 4.0 4.339 7.754
180 4.0 6.407 7.255
190 4.0 5.299 7.744
0 5.0 8.713 4.415
10 5.0 8.361 4.364
20 5.0 8.008 4.312
30 5.0 7.655 4.260
40 5.0 7.301 4.186
50 5.0 6.942 4.060
60 5.0 6.583 3.934
70 5.0 6.224 3.807
80 5.0 6.594 4.178
90 5.0 6.636 4.133
100 5.0 6.739 4.223
110 5.0 6.733 4.637
120 5.0 6.205 4.489
130 5.0 5.863 4.410
140 5.0 5.984 4.634
150 5.0 4.917 4.639
160 5.0 6.107 4.971
170 5.0 5.392 5.214
180 5.0 4.881 5.225
190 5.0 4.388 5.719
0 6.0 8.124 3.461
10 6.0 8.611 3.416
20 6.0 9.097 3.371
30 6.0 9.584 3.326
40 6.0 9.990 3.325
50 6.0 10.376 3.335
60 6.0 10.729 3.399
70 6.0 11.033 3.546
80 6.0 11.038 3.337
90 6.0 10.929 3.538
100 6.0 12.158 3.296
110 6.0 11.783 3.413
120 6.0 12.380 3.113
130 6.0 12.762 3.374
140 6.0 12.293 3.122
150 6.0 12.046 3.527
160 6.0 13.199 3.224
170 6.0 12.287 3.491
180 6.0 12.223 2.998
190 6.0 11.822 3.576
0 8.0 4.336 7.351
10 8.0 4.554 7.274
20 8.0 4.773 7.198
30 8.0 4.955 7.171
40 8.0 5.101 7.194
50 8.0 5.246 7.217
60 8.0 5.391 7.239
70 8.0 5.542 7.259
80 8.0 5.724 7.245
90 8.0 6.094 7.130
100 8.0 6.103 6.943
110 8.0 6.509 6.802
120 8.0 6.611 6.797
130 8.0 6.499 6.783
140 8.0 6.435 7.011
150 8.0 7.151 6.770
160 8.0 7.547 6.705
170 8.0 7.498 6.723
180 8.0 8.082 6.649
190 8.0 8.071 6.504
20 17.0 15.242 3.668
30 17.0 14.666 3.533
40 17.0 14.089 3.398
50 17.0 13.545 3.310
60 17.0 13.048 3.291
70 17.0 12.551 3.272
80 17.0 12.099 3.314
90 17.0 11.652 3.364
100 17.0 11.126 3.597
110 17.0 11.289 3.280
120 17.0 10.152 3.707
130 17.0 10.512 2.844
140 17.0 10.799 3.484
150 17.0 10.015 3.617
160 17.0 9.845 3.267
170 17.0 9.909 3.490
180 17.0 10.288 3.792
190 17.0 10.686 2.529
200 17.0 9.569 3.992
210 17.0 10.219 4.260
120 20.0 0.345 6.983
130 20.0 0.635 6.884
140 20.0 0.925 6.785
150 20.0 1.255 6.689
160 20.0 1.744 6.605
170 20.0 2.233 6.521
180 20.0 2.722 6.437
190 20.0 3.207 6.373
200 20.0 3.028 6.363
210 20.0 2.959 6.352
220 20.0 3.681 6.174
230 20.0 4.348 6.021
240 20.0 3.479 6.081
250 20.0 4.047 5.971
260 20.0 4.393 5.624
270 20.0 4.034 6.029
280 20.0 4.689 5.437
290 20.0 5.410 5.503
300 20.0 5.570 5.355
310 20.0 5.109 5.549
200 9.0 5.286 7.501
210 9.0 5.093 7.534
220 9.0 4.900 7.567
230 9.0 4.707 7.600
240 9.0 4.509 7.598
250 9.0 4.308 7.572
260 9.0 4.107 7.546
270 9.0 3.906 7.520
280 9.0 3.629 7.748
290 9.0 3.471 8.006
300 9.0 2.864 8.088
310 9.0 3.531 8.358
320 9.0 2.178 8.581
330 9.0 2.074 8.727
340 9.0 2.203 8.862
350 9.0 1.905 8.782
360 9.0 1.467 9.152
370 9.0 -0.342 10.094
380 9.0 -0.002 10.073
390 9.0 -0.968 10.377
200 21.0 0.474 7.303
210 21.0 1.000 7.064
220 21.0 1.562 6.883
230 21.0 2.211 6.835
240 21.0 2.859 6.787
250 21.0 3.539 6.631
260 21.0 4.227 6.447
270 21.0 4.915 6.255
280 21.0 3.505 6.449
290 21.0 3.651 6.185
300 21.0 4.309 6.350
310 21.0 5.057 6.216
320 21.0 4.462 6.560
330 21.0 4.651 6.568
340 21.0 5.254 6.257
350 21.0 5.547 6.019
360 21.0 5.049 6.730
370 21.0 5.776 6.478
380 21.0 6.777 7.032
390 21.0 4.923 7.019
220 18.0 5.571 2.959
230 18.0 5.105 2.997
240 18.0 4.638 3.036
250 18.0 4.172 3.075
260 18.0 3.720 3.099
270 18.0 3.270 3.121
280 18.0 2.819 3.143
290 18.0 2.369 3.165
300 18.0 2.071 3.605
310 18.0 2.106 3.729
320 18.0 3.931 3.685
330 18.0 2.301 4.350
340 18.0 1.985 4.139
350 18.0 1.996 4.142
360 18.0 1.590 4.426
370 18.0 0.993 4.716
380 18.0 -0.012 5.132
390 18.0 -1.265 6.028
400 18.0 -0.976 6.106
410 18.0 -1.752 6.428
330 22.0 15.037 3.799
340 22.0 14.501 3.842
350 22.0 13.965 3.886
360 22.0 13.430 3.929
370 22.0 12.870 3.971
380 22.0 12.304 4.012
390 22.0 11.737 4.053
400 22.0 11.207 4.157
410 22.0 11.478 4.383
420 22.0 10.643 4.595
430 22.0 10.314 4.954
440 22.0 10.506 5.031
450 22.0 9.526 5.002
460 22.0 9.411 4.335
470 22.0 9.231 5.104
480 22.0 8.146 6.227
490 22.0 8.516 5.466
500 22.0 6.681 6.851
510 22.0 6.533 7.346
520 22.0 7.090 6.893
330 23.0 14.895 3.245
340 23.0 14.324 3.253
350 23.0 13.752 3.262
360 23.0 13.183 3.271
370 23.0 12.635 3.288
380 23.0 12.086 3.305
390 23.0 11.540 3.360
400 23.0 11.000 3.504
410 23.0 11.668 2.799
420 23.0 11.431 2.742
430 23.0 10.393 2.845
440 23.0 9.313 2.456
450 23.0 9.435 2.648
460 23.0 12.571 2.846
470 23.0 10.604 2.509
480 23.0 10.041 2.654
490 23.0 9.776 2.867
500 23.0 10.407 2.943
510 23.0 11.199 3.303
520 23.0 9.089 3.424
400 10.0 2.523 7.186
410 10.0 2.406 7.138
420 10.0 2.282 7.080
430 10.0 2.159 7.022
440 10.0 2.084 7.023
450 10.0 2.014 7.030
460 10.0 1.943 7.038
470 10.0 1.850 7.026
480 10.0 1.803 7.133
490 10.0 1.620 6.915
500 10.0 1.737 7.045
510 10.0 1.912 6.944
520 10.0 1.924 6.943
530 10.0 1.808 7.027
540 10.0 2.103 7.022
550 10.0 1.905 6.953
560 10.0 1.812 6.595
570 10.0 1.760 6.501
580 10.0 2.059 6.420
590 10.0 1.812 6.318
420 19.0 1.204 3.306
430 19.0 1.189 3.313
440 19.0 1.174 3.319
450 19.0 1.159 3.326
460 19.0 1.144 3.332
470 19.0 1.129 3.339
480 19.0 1.113 3.345
490 19.0 1.098 3.351
500 19.0 1.090 3.325
510 19.0 1.088 3.340
520 19.0 1.101 3.402
530 19.0 1.174 3.386
540 19.0 1.118 3.376
550 19.0 1.170 3.434
560 19.0 1.164 3.415
570 19.0 1.159 3.409
580 19.0 1.107 3.410
590 19.0 1.163 3.432
600 19.0 1.211 3.463
610 19.0 1.185 3.434
460 24.0 14.690 3.248
470 24.0 14.059 3.313
480 24.0 13.428 3.378
490 24.0 12.799 3.445
500 24.0 12.192 3.529
510 24.0 11.585 3.614
520 24.0 10.979 3.698
530 24.0 10.388 3.844
540 24.0 10.300 3.915
550 24.0 9.603 4.055
560 24.0 8.838 3.952
570 24.0 9.220 4.188
580 24.0 7.637 5.908
590 24.0 9.454 4.760
600 24.0 7.503 5.660
610 24.0 8.153 5.767
620 24.0 8.693 5.265
630 24.0 7.347 5.866
640 24.0 8.787 5.429
650 24.0 9.642 5.143
460 25.0 15.069 4.009
470 25.0 14.455 4.048
480 25.0 13.840 4.086
490 25.0 13.217 4.163
500 25.0 12.586 4.278
510 25.0 11.954 4.394
520 25.0 11.356 4.501
530 25.0 10.808 4.595
540 25.0 10.540 5.132
550 25.0 10.222 5.079
560 25.0 9.471 5.160
570 25.0 9.577 5.800
580 25.0 8.623 5.643
590 25.0 9.021 5.060
600 25.0 8.851 5.183
610 25.0 8.267 6.112
620 25.0 8.923 5.799
630 25.0 8.639 6.176
640 25.0 8.271 6.281
650 25.0 7.850 7.454
490 26.0 0.261 7.244
500 26.0 0.350 7.131
510 26.0 0.439 7.018
520 26.0 0.527 6.905
530 26.0 0.612 6.826
540 26.0 0.687 6.826
550 26.0 0.762 6.826
560 26.0 0.849 6.814
570 26.0 0.889 7.035
580 26.0 1.035 6.984
590 26.0 0.948 6.805
600 26.0 1.242 6.945
610 26.0 1.548 6.762
620 26.0 1.792 6.672
630 26.0 1.994 6.257
640 26.0 2.304 6.189
650 26.0 2.756 6.027
660 26.0 4.224 5.434
670 26.0 3.512 5.779
680 26.0 3.330 5.667
520 28.0 0.218 6.456
530 28.0 0.504 6.342
540 28.0 0.791 6.227
550 28.0 1.022 6.224
560 28.0 1.217 6.294
570 28.0 1.412 6.365
580 28.0 1.560 6.448
590 28.0 1.702 6.533
600 28.0 1.776 6.363
610 28.0 1.940 6.282
620 28.0 2.031 6.420
630 28.0 2.817 6.248
640 28.0 2.507 6.193
650 28.0 3.018 6.320
660 28.0 2.342 5.917
670 28.0 2.301 5.860
680 28.0 1.873 5.996
690 28.0 2.337 5.901
700 28.0 2.569 5.979
710 28.0 2.848 5.774
580 30.0 0.352 6.937
590 30.0 0.409 6.775
600 30.0 0.467 6.612
610 30.0 0.661 6.418
620 30.0 0.942 6.229
630 30.0 1.336 6.110
640 30.0 1.659 6.037
650 30.0 1.934 5.996
660 30.0 2.105 5.915
670 30.0 2.767 5.678
680 30.0 2.876 5.472
690 30.0 3.475 4.922
700 30.0 3.555 5.126
710 30.0 4.015 4.662
720 30.0 3.727 5.331
730 30.0 4.874 4.694
740 30.0 5.148 4.344
750 30.0 5.673 3.559
760 30.0 5.799 3.575
770 30.0 7.179 3.897
600 11.0 1.456 7.383
610 11.0 1.456 7.392
620 11.0 1.457 7.400
630 11.0 1.457 7.408
640 11.0 1.458 7.416
650 11.0 1.458 7.425
660 11.0 1.459 7.433
670 11.0 1.459 7.441
680 11.0 1.479 7.412
690 11.0 1.484 7.413
700 11.0 1.500 7.452
710 11.0 1.560 7.369
720 11.0 1.537 7.424
730 11.0 1.535 7.500
740 11.0 1.505 7.488
750 11.0 1.497 7.498
760 11.0 1.560 7.464
770 11.0 1.609 7.489
780 11.0 1.641 7.472
790 11.0 1.699 7.503
610 31.0 0.271 8.299
620 31.0 0.350 8.097
630 31.0 0.429 7.894
640 31.0 0.508 7.691
650 31.0 0.681 7.488
660 31.0 0.949 7.286
670 31.0 1.217 7.083
680 31.0 1.513 6.909
690 31.0 1.699 7.028
700 31.0 1.727 7.305
710 31.0 2.413 6.985
720 31.0 2.389 6.844
730 31.0 2.905 6.715
740 31.0 3.251 6.532
750 31.0 2.906 6.562
760 31.0 2.909 6.025
770 31.0 2.744 6.379
780 31.0 3.872 5.745
790 31.0 3.620 5.900
800 31.0 2.874 6.581
630 33.0 0.164 6.414
640 33.0 0.439 6.249
650 33.0 0.714 6.084
660 33.0 0.989 5.919
670 33.0 1.115 5.644
680 33.0 1.242 5.370
690 33.0 1.283 5.389
700 33.0 1.324 5.409
710 33.0 1.596 5.294
720 33.0 2.114 4.870
730 33.0 1.841 5.209
740 33.0 2.079 4.852
750 33.0 2.344 4.555
760 33.0 2.537 4.949
770 33.0 2.431 4.197
780 33.0 3.449 4.394
790 33.0 3.459 3.982
800 33.0 4.239 3.591
810 33.0 4.825 3.007
820 33.0 5.697 2.997
690 27.0 3.218 7.225
700 27.0 3.512 7.268
710 27.0 3.805 7.302
720 27.0 4.097 7.294
730 27.0 4.389 7.286
740 27.0 4.683 7.276
750 27.0 5.005 7.243
760 27.0 5.326 7.209
770 27.0 4.856 6.641
780 27.0 5.228 6.703
790 27.0 5.393 6.816
800 27.0 5.590 6.791
810 27.0 5.965 6.758
820 27.0 5.785 6.947
830 27.0 6.154 6.800
840 27.0 6.181 6.645
850 27.0 6.590 6.787
860 27.0 7.056 6.912
870 27.0 7.303 6.837
880 27.0 6.558 6.705
720 29.0 3.996 6.806
730 29.0 4.308 6.721
740 29.0 4.621 6.636
750 29.0 4.927 6.616
760 29.0 5.230 6.623
770 29.0 5.533 6.630
780 29.0 5.839 6.626
790 29.0 6.147 6.596
800 29.0 6.113 6.643
810 29.0 6.281 6.855
820 29.0 6.878 6.489
830 29.0 7.125 6.570
840 29.0 6.997 6.873
850 29.0 7.089 6.211
860 29.0 7.646 6.161
870 29.0 8.048 5.900
880 29.0 7.674 6.163
890 29.0 7.307 6.230
900 29.0 8.561 5.663
910 29.0 7.474 5.882
800 12.0 1.466 7.549
810 12.0 1.467 7.557
820 12.0 1.467 7.566
830 12.0 1.468 7.574
840 12.0 1.468 7.582
850 12.0 1.469 7.591
860 12.0 1.469 7.599
870 12.0 1.470 7.607
880 12.0 1.496 7.658
890 12.0 1.493 7.594
900 12.0 1.474 7.535
910 12.0 1.421 7.518
920 12.0 1.448 7.515
930 12.0 1.431 7.558
940 12.0 1.469 7.544
950 12.0 1.495 7.558
960 12.0 1.484 7.554
970 12.0 1.476 7.582
980 12.0 1.464 7.606
990 12.0 1.457 7.574
810 32.0 5.731 6.722
820 32.0 6.000 6.755
830 32.0 6.260 6.765
840 32.0 6.502 6.720
850 32.0 6.744 6.676
860 32.0 7.012 6.619
870 32.0 7.299 6.553
880 32.0 7.585 6.486
890 32.0 7.695 6.749
900 32.0 7.805 6.385
910 32.0 8.088 6.511
920 32.0 8.522 6.278
930 32.0 8.573 6.326
940 32.0 8.703 6.466
950 32.0 8.119 6.825
960 32.0 8.473 6.450
970 32.0 8.679 6.875
980 32.0 8.374 6.728
990 32.0 8.221 7.001
1000 32.0 8.676 6.485
850 35.0 0.359 8.737
860 35.0 0.468 8.509
870 35.0 0.578 8.281
880 35.0 0.688 8.052
890 35.0 0.798 7.824
900 35.0 1.001 7.531
910 35.0 1.266 7.195
920 35.0 1.531 6.859
930 35.0 1.690 6.327
940 35.0 2.417 6.040
950 35.0 2.700 5.846
960 35.0 2.683 5.965
970 35.0 3.539 5.833
980 35.0 3.986 5.444
990 35.0 3.923 5.811
1000 35.0 5.569 4.923
1010 35.0 5.208 4.548
1020 35.0 5.944 3.922
1030 35.0 6.764 4.409
1040 35.0 4.821 5.559
860 34.0 13.997 10.937
870 34.0 13.946 10.476
880 34.0 13.895 10.016
890 34.0 13.795 9.600
900 34.0 13.646 9.231
910 34.0 13.496 8.861
920 34.0 13.322 8.507
930 34.0 13.112 8.174
940 34.0 13.440 7.801
950 34.0 13.488 7.779
960 34.0 13.629 6.883
970 34.0 13.570 5.895
980 34.0 13.491 6.798
990 34.0 13.677 5.750
1000 34.0 13.783 5.398
1010 34.0 13.710 4.445
1020 34.0 13.602 5.218
1030 34.0 13.603 3.307
1040 34.0 13.390 2.901
1050 34.0 13.523 3.241
1000 13.0 1.251 7.308
1010 13.0 1.212 7.245
1020 13.0 1.174 7.182
1030 13.0 1.135 7.120
1040 13.0 1.126 7.080
1050 13.0 1.147 7.063
1060 13.0 1.168 7.046
1070 13.0 1.190 7.029
1080 13.0 1.233 7.037
1090 13.0 1.230 6.895
1100 13.0 1.257 6.805
1110 13.0 1.222 6.683
1120 13.0 1.119 6.612
1130 13.0 1.079 6.514
1140 13.0 1.097 6.522
1150 13.0 1.069 6.432
1160 13.0 0.851 6.342
1170 13.0 0.810 6.346
1180 13.0 0.714 5.995
1190 13.0 0.634 5.702
1080 36.0 14.863 6.605
1090 36.0 14.400 6.471
1100 36.0 13.937 6.338
1110 36.0 13.410 6.309
1120 36.0 12.877 6.292
1130 36.0 12.352 6.263
1140 36.0 11.905 6.129
1150 36.0 11.457 5.995
1160 36.0 11.451 6.402
1170 36.0 10.120 6.401
1180 36.0 10.179 6.489
1190 36.0 9.516 6.296
1200 36.0 9.060 5.863
1210 36.0 9.348 6.045
1220 36.0 8.823 6.246
1230 36.0 8.667 6.429
1240 36.0 9.501 6.812
1250 36.0 10.351 6.221
1260 36.0 10.129 5.700
1270 36.0 7.415 6.624
1090 37.0 15.313 2.909
1100 37.0 14.756 2.916
1110 37.0 14.200 2.924
1120 37.0 13.643 2.932
1130 37.0 13.099 2.898
1140 37.0 12.567 2.822
1150 37.0 12.035 2.747
1160 37.0 11.504 2.672
1170 37.0 11.054 2.916
1180 37.0 11.433 2.516
1190 37.0 11.368 2.177
1200 37.0 10.879 2.711
1210 37.0 11.187 2.360
1220 37.0 10.570 2.874
1230 37.0 10.940 2.382
1240 37.0 9.845 2.699
1250 37.0 9.225 3.027
1260 37.0 9.990 2.248
1270 37.0 9.383 2.969
1280 37.0 11.027 2.463
1100 38.0 15.048 3.437
1110 38.0 14.438 3.461
1120 38.0 13.828 3.484
1130 38.0 13.217 3.508
1140 38.0 12.654 3.560
1150 38.0 12.091 3.611
1160 38.0 11.528 3.663
1170 38.0 10.980 3.709
1180 38.0 10.902 3.472
1190 38.0 10.714 3.355
1200 38.0 10.044 3.434
1210 38.0 9.811 3.695
1220 38.0 9.432 3.424
1230 38.0 7.946 3.628
1240 38.0 10.093 3.397
1250 38.0 9.321 3.516
1260 38.0 8.219 4.552
1270 38.0 9.055 3.888
1280 38.0 8.386 3.984
1290 38.0 9.553 4.084
1160 39.0 0.411 3.290
1170 39.0 1.010 3.437
1180 39.0 1.609 3.583
1190 39.0 2.171 3.787
1200 39.0 2.716 4.015
1210 39.0 3.294 4.206
1220 39.0 3.904 4.362
1230 39.0 4.480 4.540
1240 39.0 3.191 3.980
1250 39.0 3.095 4.579
1260 39.0 4.069 4.380
1270 39.0 4.042 4.184
1280 39.0 3.754 3.676
1290 39.0 4.078 3.601
1300 39.0 4.108 3.634
1310 39.0 4.702 3.672
1320 39.0 3.556 3.859
1330 39.0 4.541 3.629
1340 39.0 4.094 3.750
1350 39.0 3.565 4.147
1200 14.0 1.465 6.808
1210 14.0 1.600 6.839
1220 14.0 1.810 6.901
1230 14.0 2.020 6.963
1240 14.0 2.269 6.981
1250 14.0 2.521 6.995
1260 14.0 2.774 7.008
1270 14.0 3.019 7.028
1280 14.0 2.666 7.123
1290 14.0 3.266 6.984
1300 14.0 4.022 6.917
1310 14.0 4.110 7.132
1320 14.0 3.430 7.258
1330 14.0 3.986 7.549
1340 14.0 4.072 6.593
1350 14.0 3.940 7.205
1360 14.0 4.183 7.016
1370 14.0 4.738 6.704
1380 14.0 4.433 7.140
1390 14.0 5.120 6.648
1300 40.0 15.227 6.947
1310 40.0 14.676 6.822
1320 40.0 14.124 6.697
1330 40.0 13.560 6.562
1340 40.0 12.984 6.417
1350 40.0 12.392 6.273
1360 40.0 11.738 6.135
1370 40.0 11.092 6.022
1380 40.0 11.115 6.366
1390 40.0 10.612 6.307
1400 40.0 11.523 6.567
1410 40.0 9.798 6.729
1420 40.0 9.913 6.415
1430 40.0 8.216 6.870
1440 40.0 9.304 6.662
1450 40.0 9.538 6.624
1460 40.0 9.883 6.840
1470 40.0 9.851 6.670
1480 40.0 9.765 6.370
1490 40.0 8.731 7.135
1400 15.0 4.860 7.342
1410 15.0 4.805 7.321
1420 15.0 4.749 7.300
1430 15.0 4.693 7.279
1440 15.0 4.536 7.247
1450 15.0 4.378 7.214
1460 15.0 4.220 7.182
1470 15.0 4.062 7.149
1480 15.0 3.987 7.306
1490 15.0 4.089 7.205
1500 15.0 3.749 7.268
1510 15.0 3.801 7.336
1520 15.0 3.768 7.322
1530 15.0 3.421 7.392
1540 15.0 3.694 7.508
1550 15.0 3.180 7.294
1560 15.0 3.612 7.184
1570 15.0 2.768 7.352
1580 15.0 3.060 7.172
1590 15.0 2.569 7.582
1550 41.0 0.117 4.893
1560 41.0 0.631 4.884
1570 41.0 1.144 4.874
1580 41.0 1.650 4.856
1590 41.0 2.146 4.825
1600 41.0 2.642 4.795
1610 41.0 3.145 4.777
1620 41.0 3.665 4.790
1630 41.0 3.224 4.833
1640 41.0 2.725 4.972
1650 41.0 2.617 4.612
1660 41.0 3.202 4.670
1670 41.0 3.745 4.537
1680 41.0 3.125 4.477
1690 41.0 3.380 4.662
1700 41.0 3.752 4.614
1710 41.0 4.226 4.804
1720 41.0 4.012 4.470
1730 41.0 4.544 4.369
1740 41.0 4.710 4.524
1550 42.0 0.119 5.756
1560 42.0 0.612 5.715
1570 42.0 1.105 5.674
1580 42.0 1.598 5.633
1590 42.0 2.097 5.606
1600 42.0 2.606 5.600
1610 42.0 3.114 5.594
1620 42.0 3.622 5.589
1630 42.0 2.954 5.440
1640 42.0 3.269 5.631
1650 42.0 3.476 5.474
1660 42.0 3.885 5.308
1670 42.0 4.183 5.436
1680 42.0 4.177 5.422
1690 42.0 5.483 5.630
1700 42.0 4.082 6.005
1710 42.0 4.508 5.540
1720 42.0 4.313 5.675
1730 42.0 4.226 5.282
1740 42.0 4.612 5.299
1560 43.0 15.010 4.559
1570 43.0 14.343 4.549
1580 43.0 13.677 4.540
1590 43.0 13.036 4.568
1600 43.0 12.422 4.635
1610 43.0 11.807 4.702
1620 43.0 11.193 4.712
1630 43.0 10.579 4.721
1640 43.0 11.003 4.610
1650 43.0 11.260 4.746
1660 43.0 10.657 4.501
1670 43.0 11.090 4.244
1680 43.0 11.951 4.247
1690 43.0 10.236 5.039
1700 43.0 8.936 5.414
1710 43.0 9.120 5.191
1720 43.0 9.894 4.945
1730 43.0 9.918 4.269
1740 43.0 8.969 4.797
1750 43.0 9.753 4.624
1570 44.0 14.612 3.778
1580 44.0 13.943 3.854
1590 44.0 13.274 3.931
1600 44.0 12.623 3.962
1610 44.0 11.984 3.962
1620 44.0 11.345 3.962
1630 44.0 10.720 3.938
1640 44.0 10.096 3.911
1650 44.0 11.172 3.379
1660 44.0 10.260 3.507
1670 44.0 9.706 3.680
1680 44.0 8.940 3.224
1690 44.0 8.792 2.971
1700 44.0 8.422 4.293
1710 44.0 8.356 3.574
1720 44.0 8.953 3.565
1730 44.0 9.256 3.367
1740 44.0 9.134 3.697
1750 44.0 8.820 3.240
1760 44.0 9.083 2.930
1600 16.0 2.254 7.112
1610 16.0 2.162 7.112
1620 16.0 2.069 7.112
1630 16.0 1.976 7.082
1640 16.0 1.882 7.040
1650 16.0 1.789 6.998
1660 16.0 1.696 6.955
1670 16.0 1.625 6.920
1680 16.0 1.554 6.893
1690 16.0 1.488 7.077
1700 16.0 1.395 6.912
1710 16.0 1.444 7.150
1720 16.0 1.521 6.917
1730 16.0 1.409 6.910
1740 16.0 1.128 7.142
1750 16.0 0.909 7.220
1760 16.0 1.033 7.105
1770 16.0 0.925 7.066
1780 16.0 1.036 7.084
1790 16.0 1.077 7.027
1660 45.0 0.039 4.026
1670 45.0 0.540 4.051
1680 45.0 1.041 4.075
1690 45.0 1.541 4.100
1700 45.0 2.029 4.130
1710 45.0 2.513 4.162
1720 45.0 2.997 4.194
1730 45.0 3.374 4.373
1740 45.0 2.947 4.401
1750 45.0 2.317 4.436
1760 45.0 2.449 4.277
1770 45.0 2.968 4.096
1780 45.0 3.593 4.032
1790 45.0 2.516 4.255
1800 45.0 3.573 3.807
1810 45.0 2.912 4.255
1820 45.0 3.907 3.778
1830 45.0 4.062 3.823
1840 45.0 3.877 3.946
1850 45.0 4.365 3.823
1660 47.0 -0.016 4.842
1670 47.0 0.459 4.851
1680 47.0 0.935 4.860
1690 47.0 1.410 4.869
1700 47.0 1.899 4.903
1710 47.0 2.387 4.937
1720 47.0 2.866 4.997
1730 47.0 3.305 5.163
1740 47.0 3.080 4.899
1750 47.0 3.446 4.765
1760 47.0 2.619 5.260
1770 47.0 4.163 4.416
1780 47.0 3.662 4.625
1790 47.0 4.008 4.384
1800 47.0 4.217 4.555
1810 47.0 2.711 4.452
1820 47.0 4.437 4.322
1830 47.0 4.725 4.852
1840 47.0 4.687 4.812
1850 47.0 4.030 4.539
1820 49.0 0.208 7.031
1830 49.0 0.395 6.934
1840 49.0 0.582 6.836
1850 49.0 0.774 6.714
1860 49.0 0.973 6.555
1870 49.0 1.172 6.396
1880 49.0 1.370 6.237
1890 49.0 1.535 6.166
1900 49.0 1.440 5.851
1910 49.0 1.652 6.023
1920 49.0 1.881 5.887
1930 49.0 2.443 5.962
1940 49.0 2.719 5.553
1950 49.0 2.848 5.334
1960 49.0 2.837 5.236
1970 49.0 3.512 4.779
1980 49.0 3.760 4.600
1990 49.0 4.008 4.060
2000 49.0 4.558 3.724
2010 49.0 4.150 4.149
1850 52.0 0.168 5.767
1860 52.0 0.379 5.668
1870 52.0 0.589 5.570
1880 52.0 0.800 5.471
1890 52.0 1.010 5.372
1900 52.0 1.231 5.326
1910 52.0 1.463 5.334
1920 52.0 1.694 5.342
1930 52.0 1.466 5.432
1940 52.0 1.606 5.422
1950 52.0 1.573 5.233
1960 52.0 1.515 5.217
1970 52.0 1.344 5.312
1980 52.0 1.948 5.003
1990 52.0 2.130 5.146
2000 52.0 2.231 4.902
2010 52.0 2.901 4.809
2020 52.0 3.027 4.752
2030 52.0 2.601 4.699
2040 52.0 2.597 4.973
1860 46.0 5.609 4.996
1870 46.0 5.643 5.010
1880 46.0 5.677 5.024
1890 46.0 5.732 5.044
1900 46.0 5.872 5.083
1910 46.0 6.012 5.123
1920 46.0 6.079 5.144
1930 46.0 6.127 5.159
1940 46.0 6.072 5.177
1950 46.0 6.051 5.210
1960 46.0 6.188 5.102
1970 46.0 6.103 5.164
1980 46.0 6.080 5.048
1990 46.0 6.097 5.158
2000 46.0 5.945 4.956
2010 46.0 6.091 5.034
2020 46.0 6.086 5.010
2030 46.0 6.111 5.199
2040 46.0 6.144 5.318
2050 46.0 6.255 5.179
1860 48.0 5.382 5.743
1870 48.0 5.393 5.749
1880 48.0 5.404 5.755
1890 48.0 5.415 5.760
1900 48.0 5.426 5.766
1910 48.0 5.437 5.771
1920 48.0 5.448 5.777
1930 48.0 5.459 5.782
1940 48.0 5.458 5.767
1950 48.0 5.416 5.797
1960 48.0 5.402 5.768
1970 48.0 5.428 5.737
1980 48.0 5.394 5.786
1990 48.0 5.407 5.828
2000 48.0 5.392 5.877
2010 48.0 5.401 5.884
2020 48.0 5.352 5.831
2030 48.0 5.355 5.846
2040 48.0 5.389 5.802
2050 48.0 5.374 5.843
2020 50.0 3.670 6.303
2030 50.0 3.709 6.344
2040 50.0 3.749 6.385
2050 50.0 3.788 6.426
2060 50.0 3.828 6.467
2070 50.0 3.977 6.494
2080 50.0 4.289 6.501
2090 50.0 4.602 6.508
2100 50.0 4.397 6.656
2110 50.0 4.348 6.449
2120 50.0 4.581 6.507
2130 50.0 4.310 6.550
2140 50.0 4.302 6.367
2150 50.0 4.244 6.510
2160 50.0 4.184 6.548
2170 50.0 4.153 6.543
2180 50.0 4.344 6.561
2190 50.0 4.105 6.692
2200 50.0 4.197 6.693
2210 50.0 4.500 6.875
2030 54.0 0.410 5.267
2040 54.0 1.147 5.061
2050 54.0 1.865 4.881
2060 54.0 2.538 4.761
2070 54.0 3.213 4.651
2080 54.0 3.891 4.563
2090 54.0 4.569 4.474
2100 54.0 5.275 4.393
2110 54.0 4.154 4.226
2120 54.0 4.848 4.420
2130 54.0 4.659 4.484
2140 54.0 5.035 3.998
2150 54.0 4.757 3.803
2160 54.0 4.590 3.541
2170 54.0 5.372 3.205
2180 54.0 6.180 2.988
2190 54.0 5.063 4.079
2200 54.0 6.819 2.816
2210 54.0 5.895 3.608
2220 54.0 4.968 3.847
2050 53.0 3.884 5.754
2060 53.0 3.995 5.768
2070 53.0 4.185 5.760
2080 53.0 4.494 5.721
2090 53.0 4.802 5.682
2100 53.0 5.110 5.644
2110 53.0 5.420 5.600
2120 53.0 5.741 5.519
2130 53.0 6.103 5.364
2140 53.0 6.766 5.259
2150 53.0 6.816 5.308
2160 53.0 7.539 5.467
2170 53.0 7.139 5.297
2180 53.0 7.641 5.181
2190 53.0 7.104 5.419
2200 53.0 7.979 4.989
2210 53.0 8.005 5.156
2220 53.0 8.307 5.208
2230 53.0 7.699 4.883
2240 53.0 8.437 4.806
2080 55.0 14.714 4.725
2090 55.0 14.045 4.964
2100 55.0 13.445 5.151
2110 55.0 12.861 5.324
2120 55.0 12.272 5.498
2130 55.0 11.679 5.672
2140 55.0 11.086 5.812
2150 55.0 10.495 5.903
2160 55.0 10.775 6.075
2170 55.0 9.866 6.526
2180 55.0 9.476 6.648
2190 55.0 8.585 7.528
2200 55.0 9.250 6.595
2210 55.0 8.102 7.556
2220 55.0 8.476 7.568
2230 55.0 7.145 8.041
2240 55.0 8.264 7.247
2250 55.0 6.938 8.129
2260 55.0 5.480 8.734
2270 55.0 7.140 8.286
2220 51.0 9.098 5.560
2230 51.0 9.421 5.482
2240 51.0 9.698 5.448
2250 51.0 9.976 5.414
2260 51.0 10.253 5.380
2270 51.0 10.530 5.346
2280 51.0 10.808 5.312
2290 51.0 11.085 5.278
2300 51.0 11.111 5.082
2310 51.0 11.086 4.667
2320 51.0 11.187 4.947
2330 51.0 11.091 4.836
2340 51.0 11.224 4.875
2350 51.0 10.921 4.591
2360 51.0 12.289 4.298
2370 51.0 11.295 4.481
2380 51.0 12.454 3.897
2390 51.0 12.595 4.499
2400 51.0 13.384 4.100
2410 51.0 13.405 4.072
2520 56.0 14.971 4.481
2530 56.0 14.478 4.539
2540 56.0 13.984 4.596
2550 56.0 13.491 4.654
2560 56.0 12.928 4.678
2570 56.0 12.365 4.702
2580 56.0 11.802 4.725
2590 56.0 11.239 4.749
2600 56.0 11.931 4.470
2610 56.0 12.069 5.250
2620 56.0 11.470 4.948
2630 56.0 11.025 5.032
2640 56.0 10.343 5.574
2650 56.0 10.198 4.877
2660 56.0 9.335 5.116
2670 56.0 9.549 4.770
2680 56.0 8.704 5.633
2690 56.0 9.293 6.441
2700 56.0 10.209 6.307
2710 56.0 9.022 6.994
2530 57.0 14.721 5.039
2540 57.0 14.217 5.107
2550 57.0 13.713 5.176
2560 57.0 13.140 5.253
2570 57.0 12.521 5.338
2580 57.0 11.902 5.422
2590 57.0 11.303 5.497
2600 57.0 10.782 5.537
2610 57.0 10.942 6.228
2620 57.0 10.040 6.159
2630 57.0 9.506 6.434
2640 57.0 9.753 6.708
2650 57.0 8.361 7.122
2660 57.0 8.204 7.053
2670 57.0 8.360 6.984
2680 57.0 8.636 6.838
2690 57.0 6.872 7.934
2700 57.0 7.116 8.092
2710 57.0 5.689 8.497
2720 57.0 7.207 8.638
2870 58.0 15.036 3.836
2880 58.0 14.528 3.902
2890 58.0 14.020 3.967
2900 58.0 13.512 4.033
2910 58.0 13.053 4.099
2920 58.0 12.593 4.163
2930 58.0 12.134 4.229
2940 58.0 11.634 4.280
2950 58.0 11.915 4.161
2960 58.0 11.594 4.548
2970 58.0 10.805 5.250
2980 58.0 10.521 4.930
2990 58.0 10.008 5.042
3000 58.0 10.096 5.293
3010 58.0 8.862 5.411
3020 58.0 8.417 5.623
3030 58.0 9.130 5.258
3040 58.0 8.761 5.211
3050 58.0 9.937 5.699
3060 58.0 8.436 5.883
2880 59.0 15.024 4.255
2890 59.0 14.568 4.327
2900 59.0 14.112 4.399
2910 59.0 13.653 4.473
2920 59.0 13.173 4.570
2930 59.0 12.693 4.667
2940 59.0 12.213 4.763
2950 59.0 11.777 4.832
2960 59.0 12.517 4.474
2970 59.0 11.890 4.065
2980 59.0 12.612 3.871
2990 59.0 11.171 4.261
3000 59.0 10.837 4.058
3010 59.0 11.774 3.996
3020 59.0 11.196 4.250
3030 59.0 11.410 4.117
3040 59.0 10.083 4.216
3050 59.0 11.191 3.793
3060 59.0 11.689 3.760
3070 59.0 10.467 3.962
2930 60.0 -0.093 5.761
2940 60.0 0.455 5.737
2950 60.0 1.002 5.714
2960 60.0 1.549 5.690
2970 60.0 2.069 5.697
2980 60.0 2.570 5.725
2990 60.0 3.072 5.753
3000 60.0 3.568 5.777
3010 60.0 3.316 5.811
3020 60.0 2.904 5.660
3030 60.0 3.114 5.581
3040 60.0 3.710 5.397
3050 60.0 4.166 5.406
3060 60.0 4.293 4.833
3070 60.0 3.479 5.333
3080 60.0 3.832 5.225
3090 60.0 4.247 5.215
3100 60.0 4.238 5.027
3110 60.0 5.036 4.737
3120 60.0 4.718 4.912
3030 61.0 14.736 4.602
3040 61.0 14.061 4.651
3050 61.0 13.386 4.701
3060 61.0 12.733 4.686
3070 61.0 12.102 4.606
3080 61.0 11.470 4.527
3090 61.0 10.813 4.504
3100 61.0 10.129 4.538
3110 61.0 11.063 4.165
3120 61.0 10.534 4.571
3130 61.0 9.941 5.142
3140 61.0 10.197 4.848
3150 61.0 9.066 5.529
3160 61.0 10.114 5.398
3170 61.0 9.455 5.369
3180 61.0 9.085 5.639
3190 61.0 7.541 5.952
3200 61.0 8.128 5.626
3210 61.0 7.890 5.962
3220 61.0 7.931 5.526
3040 62.0 0.301 4.866
3050 62.0 0.782 4.840
3060 62.0 1.263 4.815
3070 62.0 1.756 4.782
3080 62.0 2.279 4.731
3090 62.0 2.802 4.681
3100 62.0 3.325 4.630
3110 62.0 3.864 4.574
3120 62.0 3.064 4.537
3130 62.0 4.878 4.116
3140 62.0 4.878 4.304
3150 62.0 4.443 4.211
3160 62.0 3.979 4.770
3170 62.0 3.643 4.685
3180 62.0 4.567 4.110
3190 62.0 4.972 4.367
3200 62.0 4.192 4.641
3210 62.0 4.866 4.628
3220 62.0 4.531 4.736
3230 62.0 4.953 4.596
3040 63.0 0.113 4.163
3050 63.0 0.669 4.061
3060 63.0 1.225 3.958
3070 63.0 1.774 3.864
3080 63.0 2.262 3.844
3090 63.0 2.749 3.823
3100 63.0 3.236 3.803
3110 63.0 3.751 3.762
3120 63.0 3.483 4.052
3130 63.0 3.026 4.237
3140 63.0 2.731 3.939
3150 63.0 3.692 3.864
3160 63.0 3.393 3.579
3170 63.0 3.750 3.401
3180 63.0 4.149 3.497
3190 63.0 4.659 3.974
3200 63.0 4.923 3.523
3210 63.0 4.635 3.903
3220 63.0 4.077 3.870
3230 63.0 4.420 3.870
3130 64.0 0.535 4.003
3140 64.0 1.084 4.045
3150 64.0 1.633 4.088
3160 64.0 2.158 4.146
3170 64.0 2.667 4.216
3180 64.0 3.176 4.285
3190 64.0 3.671 4.317
3200 64.0 4.151 4.311
3210 64.0 3.365 4.473
3220 64.0 3.146 3.852
3230 64.0 3.555 3.725
3240 64.0 3.839 3.726
3250 64.0 4.070 4.152
3260 64.0 4.311 3.915
3270 64.0 4.618 4.237
3280 64.0 4.156 4.044
3290 64.0 5.700 3.693
3300 64.0 5.283 3.971
3310 64.0 5.759 3.720
3320 64.0 5.362 3.830
3130 65.0 0.447 3.272
3140 65.0 0.881 3.337
3150 65.0 1.314 3.402
3160 65.0 1.754 3.461
3170 65.0 2.241 3.461
3180 65.0 2.729 3.461
3190 65.0 3.217 3.461
3200 65.0 3.704 3.461
3210 65.0 3.674 3.451
3220 65.0 3.253 3.364
3230 65.0 3.283 3.203
3240 65.0 3.770 3.145
3250 65.0 3.743 3.494
3260 65.0 3.868 3.220
3270 65.0 3.571 3.273
3280 65.0 4.421 3.276
3290 65.0 4.578 3.389
3300 65.0 3.967 3.289
3310 65.0 4.636 3.225
3320 65.0 3.565 3.512
3190 66.0 0.295 3.437
3200 66.0 0.798 3.394
3210 66.0 1.302 3.351
3220 66.0 1.797 3.316
3230 66.0 2.259 3.309
3240 66.0 2.721 3.303
3250 66.0 3.183 3.296
3260 66.0 3.661 3.286
3270 66.0 2.626 3.205
3280 66.0 2.950 3.164
3290 66.0 2.795 2.988
3300 66.0 3.007 2.985
3310 66.0 2.880 3.279
3320 66.0 2.930 2.962
3330 66.0 3.304 3.055
3340 66.0 3.141 2.924
3350 66.0 3.498 2.997
3360 66.0 3.484 3.099
3370 66.0 3.702 3.007
3380 66.0 3.898 2.497
3210 67.0 14.773 3.586
3220 67.0 14.206 3.687
3230 67.0 13.640 3.788
3240 67.0 13.067 3.912
3250 67.0 12.491 4.045
3260 67.0 11.915 4.179
3270 67.0 11.363 4.312
3280 67.0 10.867 4.447
3290 67.0 11.721 4.685
3300 67.0 11.600 5.023
3310 67.0 10.285 5.779
3320 67.0 10.346 5.543
3330 67.0 9.175 5.960
3340 67.0 9.356 6.070
3350 67.0 8.521 6.444
3360 67.0 8.443 6.771
3370 67.0 8.728 6.728
3380 67.0 7.346 7.293
3390 67.0 7.733 7.074
3400 67.0 7.036 8.000
3210 68.0 14.913 4.469
3220 68.0 14.338 4.621
3230 68.0 13.764 4.773
3240 68.0 13.242 4.844
3250 68.0 12.720 4.915
3260 68.0 12.206 4.999
3270 68.0 11.711 5.115
3280 68.0 11.216 5.231
3290 68.0 11.436 5.541
3300 68.0 11.639 5.431
3310 68.0 10.860 6.043
3320 68.0 10.495 6.237
3330 68.0 9.766 6.346
3340 68.0 9.438 6.585
3350 68.0 9.387 6.074
3360 68.0 8.849 6.553
3370 68.0 8.655 6.844
3380 68.0 6.924 7.845
3390 68.0 7.632 7.398
3400 68.0 8.839 7.257
3340 69.0 0.430 3.242
3350 69.0 1.030 3.233
3360 69.0 1.630 3.225
3370 69.0 2.174 3.196
3380 69.0 2.693 3.158
3390 69.0 3.213 3.121
3400 69.0 3.749 3.077
3410 69.0 4.300 3.025
3420 69.0 3.957 3.030
3430 69.0 3.684 3.160
3440 69.0 2.838 2.687
3450 69.0 3.951 2.969
3460 69.0 3.963 3.080
3470 69.0 5.208 2.749
3480 69.0 3.845 3.239
3490 69.0 4.435 2.932
3500 69.0 3.681 3.023
3510 69.0 4.395 2.820
3520 69.0 5.317 2.787
3530 69.0 5.268 2.528
3370 70.0 0.008 4.074
3380 70.0 0.566 4.032
3390 70.0 1.125 3.991
3400 70.0 1.682 3.946
3410 70.0 2.237 3.896
3420 70.0 2.792 3.845
3430 70.0 3.346 3.795
3440 70.0 3.941 3.759
3450 70.0 4.089 3.478
3460 70.0 2.780 3.861
3470 70.0 3.455 4.086
3480 70.0 3.538 3.909
3490 70.0 3.907 3.632
3500 70.0 4.118 3.759
3510 70.0 3.525 3.975
3520 70.0 4.155 3.871
3530 70.0 3.788 3.614
3540 70.0 4.176 3.661
3550 70.0 3.814 3.998
3560 70.0 4.614 3.449
3370 71.0 0.273 6.794
3380 71.0 0.761 6.689
3390 71.0 1.249 6.584
3400 71.0 1.794 6.556
3410 71.0 2.352 6.547
3420 71.0 2.902 6.533
3430 71.0 3.418 6.502
3440 71.0 3.934 6.471
3450 71.0 2.783 6.568
3460 71.0 2.997 6.637
3470 71.0 3.292 6.624
3480 71.0 3.857 6.891
3490 71.0 3.786 6.985
3500 71.0 3.453 7.091
3510 71.0 4.039 6.695
3520 71.0 4.482 6.350
3530 71.0 4.197 6.802
3540 71.0 5.010 6.343
3550 71.0 4.702 6.573
3560 71.0 4.607 6.549
3570 72.0 15.102 3.915
3580 72.0 14.833 4.030
3590 72.0 14.563 4.144
3600 72.0 14.356 4.256
3610 72.0 14.295 4.364
3620 72.0 14.234 4.472
3630 72.0 14.115 4.564
3640 72.0 13.764 4.594
3650 72.0 13.335 4.696
3660 72.0 13.031 5.056
3670 72.0 12.898 4.719
3680 72.0 12.488 5.292
3690 72.0 12.352 5.143
3700 72.0 12.268 5.393
3710 72.0 11.707 5.653
3720 72.0 11.201 5.899
3730 72.0 11.389 6.075
3740 72.0 10.475 6.559
3750 72.0 8.830 7.195
3760 72.0 10.500 6.458
3580 73.0 15.043 4.673
3590 73.0 14.950 4.505
3600 73.0 14.858 4.337
3610 73.0 14.765 4.168
3620 73.0 14.610 4.003
3630 73.0 14.208 3.851
3640 73.0 13.807 3.699
3650 73.0 13.268 3.737
3660 73.0 13.732 3.653
3670 73.0 14.555 3.940
3680 73.0 14.242 3.580
3690 73.0 14.279 3.727
3700 73.0 14.596 3.332
3710 73.0 14.786 2.926
3720 73.0 14.834 2.350
3730 73.0 15.033 1.773
3740 73.0 14.617 1.143
3750 73.0 15.031 1.350
3760 73.0 14.951 0.554
3770 73.0 15.040 -0.592
3580 74.0 0.153 8.464
3590 74.0 0.296 8.127
3600 74.0 0.438 7.790
3610 74.0 0.581 7.453
3620 74.0 0.780 7.140
3630 74.0 1.209 6.919
3640 74.0 1.638 6.698
3650 74.0 2.086 6.538
3660 74.0 1.914 6.949
3670 74.0 2.241 6.789
3680 74.0 2.675 6.659
3690 74.0 3.782 6.078
3700 74.0 4.449 4.856
3710 74.0 4.193 5.376
3720 74.0 3.603 5.931
3730 74.0 5.582 4.523
3740 74.0 4.339 4.751
3750 74.0 4.800 4.309
3760 74.0 4.351 4.979
3770 74.0 5.637 4.406
3630 76.0 14.857 4.746
3640 76.0 14.474 4.930
3650 76.0 14.042 5.111
3660 76.0 13.495 5.283
3670 76.0 12.948 5.455
3680 76.0 12.441 5.551
3690 76.0 11.945 5.627
3700 76.0 11.449 5.704
3710 76.0 10.856 5.760
3720 76.0 10.183 6.132
3730 76.0 10.071 5.688
3740 76.0 8.994 6.627
3750 76.0 8.458 6.804
3760 76.0 8.616 6.681
3770 76.0 8.536 7.490
3780 76.0 10.099 6.474
3790 76.0 7.798 8.397
3800 76.0 6.752 8.417
3810 76.0 8.376 7.397
3820 76.0 7.102 8.311
3650 77.0 14.998 4.387
3660 77.0 14.490 4.584
3670 77.0 13.982 4.780
3680 77.0 13.475 4.977
3690 77.0 12.954 5.074
3700 77.0 12.428 5.128
3710 77.0 11.921 5.174
3720 77.0 11.432 5.212
3730 77.0 11.476 5.289
3740 77.0 10.989 5.946
3750 77.0 11.189 5.764
3760 77.0 9.759 6.023
3770 77.0 9.472 5.963
3780 77.0 10.234 6.475
3790 77.0 9.345 6.390
3800 77.0 8.070 7.368
3810 77.0 8.489 6.928
3820 77.0 8.190 6.631
3830 77.0 8.164 6.011
3840 77.0 9.330 5.991
3660 75.0 0.211 6.311
3670 75.0 0.639 5.941
3680 75.0 1.067 5.571
3690 75.0 1.519 5.237
3700 75.0 2.063 5.048
3710 75.0 2.606 4.859
3720 75.0 3.110 4.579
3730 75.0 3.604 4.276
3740 75.0 3.810 3.871
3750 75.0 4.710 3.739
3760 75.0 5.281 3.162
3770 75.0 5.674 2.776
3780 75.0 5.516 2.698
3790 75.0 4.547 3.339
3800 75.0 6.189 2.295
3810 75.0 5.944 3.201
3820 75.0 6.560 2.230
3830 75.0 8.944 1.106
3840 75.0 6.043 0.958
3850 75.0 8.378 0.765
3760 78.0 0.385 4.076
3770 78.0 0.837 4.049
3780 78.0 1.289 4.023
3790 78.0 1.735 4.009
3800 78.0 2.175 4.009
3810 78.0 2.615 4.009
3820 78.0 3.057 4.006
3830 78.0 3.505 3.991
3840 78.0 2.581 3.910
3850 78.0 3.325 3.922
3860 78.0 4.220 3.808
3870 78.0 3.056 4.391
3880 78.0 3.336 4.163
3890 78.0 3.914 3.946
3900 78.0 3.685 4.212
3910 78.0 4.344 4.087
3920 78.0 3.955 4.289
3930 78.0 4.931 4.018
3940 78.0 4.667 4.173
3950 78.0 3.261 4.478
3760 79.0 0.153 3.566
3770 79.0 0.625 3.533
3780 79.0 1.097 3.500
3790 79.0 1.568 3.467
3800 79.0 2.008 3.436
3810 79.0 2.440 3.404
3820 79.0 2.872 3.373
3830 79.0 3.304 3.341
3840 79.0 3.359 3.214
3850 79.0 3.008 3.177
3860 79.0 3.205 3.345
3870 79.0 2.858 3.472
3880 79.0 2.205 3.250
3890 79.0 2.917 3.116
3900 79.0 3.523 3.196
3910 79.0 3.968 3.179
3920 79.0 3.629 3.357
3930 79.0 4.521 2.778
3940 79.0 4.209 3.296
3950 79.0 5.097 2.505
3760 80.0 0.225 2.904
3770 80.0 0.668 2.930
3780 80.0 1.112 2.955
3790 80.0 1.555 2.981
3800 80.0 2.018 2.909
3810 80.0 2.482 2.827
3820 80.0 2.947 2.745
3830 80.0 3.405 2.745
3840 80.0 2.891 2.494
3850 80.0 3.509 2.407
3860 80.0 4.366 2.098
3870 80.0 4.536 2.360
3880 80.0 3.995 2.343
3890 80.0 3.884 1.852
3900 80.0 3.817 1.941
3910 80.0 4.751 1.784
3920 80.0 5.375 1.371
3930 80.0 4.869 1.697
3940 80.0 5.802 0.954
3950 80.0 5.709 1.109
4010 81.0 12.623 12.343
4020 81.0 12.710 12.011
4030 81.0 12.797 11.679
4040 81.0 12.885 11.347
4050 81.0 12.972 11.016
4060 81.0 13.004 10.734
4070 81.0 13.000 10.486
4080 81.0 12.996 10.237
4090 81.0 13.300 9.314
4100 81.0 12.946 9.502
4110 81.0 12.857 9.220
4120 81.0 13.195 8.586
4130 81.0 12.953 8.467
4140 81.0 13.043 8.126
4150 81.0 12.679 8.177
4160 81.0 12.685 7.228
4170 81.0 12.808 6.423
4180 81.0 12.973 6.031
4190 81.0 12.750 5.654
4200 81.0 13.017 4.620
4010 83.0 13.381 12.284
4020 83.0 13.396 12.068
4030 83.0 13.411 11.851
4040 83.0 13.425 11.635
4050 83.0 13.440 11.418
4060 83.0 13.471 11.166
4070 83.0 13.526 10.860
4080 83.0 13.580 10.554
4090 83.0 13.471 10.278
4100 83.0 13.363 9.843
4110 83.0 13.322 9.203
4120 83.0 13.243 8.690
4130 83.0 13.451 7.813
4140 83.0 13.226 7.263
4150 83.0 13.259 7.582
4160 83.0 13.165 7.392
4170 83.0 12.957 6.774
4180 83.0 12.855 5.642
4190 83.0 12.952 6.141
4200 83.0 12.842 3.521
4210 82.0 12.697 6.826
4220 82.0 12.533 6.587
4230 82.0 12.330 6.380
4240 82.0 12.039 6.247
4250 82.0 11.748 6.113
4260 82.0 11.457 5.980
4270 82.0 11.096 5.978
4280 82.0 10.726 5.991
4290 82.0 10.882 6.200
4300 82.0 10.661 5.868
4310 82.0 10.304 6.224
4320 82.0 9.863 6.115
4330 82.0 9.353 6.422
4340 82.0 9.035 6.416
4350 82.0 9.535 6.467
4360 82.0 9.893 6.158
4370 82.0 8.665 6.424
4380 82.0 8.504 6.131
4390 82.0 8.094 5.973
4400 82.0 7.952 6.434
4210 84.0 13.531 6.819
4220 84.0 13.403 6.512
4230 84.0 13.144 6.227
4240 84.0 12.828 5.952
4250 84.0 12.501 5.694
4260 84.0 12.073 5.594
4270 84.0 11.645 5.494
4280 84.0 11.218 5.394
4290 84.0 12.193 4.687
4300 84.0 12.543 4.782
4310 84.0 12.416 4.561
4320 84.0 12.119 4.862
4330 84.0 11.819 3.981
4340 84.0 12.363 2.950
4350 84.0 12.285 2.214
4360 84.0 12.436 1.196
4370 84.0 12.673 1.586
4380 84.0 12.542 1.053
4390 84.0 12.505 0.401
4400 84.0 12.376 0.294
4310 85.0 15.159 6.899
4320 85.0 14.719 6.813
4330 85.0 14.279 6.726
4340 85.0 13.839 6.639
4350 85.0 13.403 6.514
4360 85.0 12.974 6.333
4370 85.0 12.545 6.152
4380 85.0 12.070 6.050
4390 85.0 12.640 6.416
4400 85.0 12.319 6.569
4410 85.0 13.002 6.645
4420 85.0 12.424 6.883
4430 85.0 11.298 6.435
4440 85.0 11.519 5.996
4450 85.0 11.204 6.098
4460 85.0 11.336 6.229
4470 85.0 8.975 6.364
4480 85.0 10.401 6.079
4490 85.0 9.616 6.056
4500 85.0 10.943 6.680
4350 86.0 0.082 3.933
4360 86.0 0.522 3.985
4370 86.0 0.961 4.036
4380 86.0 1.403 4.047
4390 86.0 1.846 4.030
4400 86.0 2.290 4.013
4410 86.0 2.727 3.990
4420 86.0 3.162 3.965
4430 86.0 2.102 3.966
4440 86.0 2.679 3.700
4450 86.0 3.603 3.519
4460 86.0 2.788 4.004
4470 86.0 3.319 3.805
4480 86.0 3.727 3.364
4490 86.0 2.911 3.550
4500 86.0 3.503 3.818
4510 86.0 3.451 3.503
4520 86.0 3.883 3.019
4530 86.0 3.825 3.130
4540 86.0 3.507 3.632
4360 88.0 0.638 2.784
4370 88.0 1.410 2.816
4380 88.0 2.182 2.848
4390 88.0 2.924 2.887
4400 88.0 3.636 2.933
4410 88.0 4.349 2.979
4420 88.0 5.077 2.983
4430 88.0 5.807 2.983
4440 88.0 4.573 3.016
4450 88.0 4.626 2.620
4460 88.0 5.415 2.676
4470 88.0 5.490 2.860
4480 88.0 5.298 2.568
4490 88.0 5.862 2.516
4500 88.0 5.032 2.395
4510 88.0 6.104 2.911
4520 88.0 5.382 2.586
4530 88.0 5.405 2.482
4540 88.0 5.126 2.653
4550 88.0 5.264 2.966
4460 89.0 5.127 4.551
4470 89.0 5.572 4.537
4480 89.0 6.018 4.523
4490 89.0 6.460 4.511
4500 89.0 6.870 4.518
4510 89.0 7.279 4.524
4520 89.0 7.689 4.531
4530 89.0 8.085 4.546
4540 89.0 7.852 4.375
4550 89.0 7.413 4.346
4560 89.0 8.291 4.389
4570 89.0 8.710 4.298
4580 89.0 8.893 4.299
4590 89.0 8.545 4.746
4600 89.0 8.720 4.913
4610 89.0 8.855 4.431
4620 89.0 9.475 4.527
4630 89.0 9.680 3.992
4640 89.0 8.549 4.607
4650 89.0 9.225 4.855
4550 87.0 8.796 3.925
4560 87.0 9.193 3.904
4570 87.0 9.568 3.903
4580 87.0 9.889 3.945
4590 87.0 10.211 3.987
4600 87.0 10.533 4.029
4610 87.0 10.835 4.158
4620 87.0 11.134 4.296
4630 87.0 11.153 4.113
4640 87.0 11.175 4.226
4650 87.0 11.767 4.236
4660 87.0 11.147 4.160
4670 87.0 11.315 4.632
4680 87.0 10.921 4.493
4690 87.0 11.895 4.636
4700 87.0 10.817 4.885
4710 87.0 10.809 4.883
4720 87.0 10.953 4.689
4730 87.0 11.165 4.496
4740 87.0 11.180 4.719
4670 90.0 0.524 4.111
4680 90.0 1.109 4.171
4690 90.0 1.693 4.230
4700 90.0 2.278 4.290
4710 90.0 2.821 4.201
4720 90.0 3.359 4.096
4730 90.0 3.898 3.991
4740 90.0 4.438 3.955
4750 90.0 3.352 3.622
4760 90.0 3.287 3.810
4770 90.0 3.085 3.720
4780 90.0 3.056 4.138
4790 90.0 3.687 4.191
4800 90.0 3.453 3.758
4810 90.0 3.327 4.027
4820 90.0 3.581 4.044
4830 90.0 3.603 4.118
4840 90.0 4.010 3.368
4850 90.0 3.808 3.805
4860 90.0 3.945 3.850
4750 91.0 14.721 4.652
4760 91.0 14.107 4.600
4770 91.0 13.509 4.541
4780 91.0 12.969 4.453
4790 91.0 12.429 4.366
4800 91.0 11.882 4.321
4810 91.0 11.309 4.447
4820 91.0 10.736 4.573
4830 91.0 12.232 4.450
4840 91.0 11.609 4.306
4850 91.0 11.930 4.498
4860 91.0 11.407 4.733
4870 91.0 10.375 4.319
4880 91.0 8.906 4.512
4890 91.0 10.540 4.419
4900 91.0 9.737 4.466
4910 91.0 9.339 4.542
4920 91.0 10.616 4.319
4930 91.0 9.355 4.666
4940 91.0 10.020 4.254
4750 92.0 15.048 5.179
4760 92.0 14.502 5.209
4770 92.0 13.957 5.239
4780 92.0 13.411 5.268
4790 92.0 12.832 5.299
4800 92.0 12.245 5.331
4810 92.0 11.657 5.362
4820 92.0 11.070 5.394
4830 92.0 12.939 5.125
4840 92.0 11.937 5.300
4850 92.0 11.768 5.151
4860 92.0 11.658 4.964
4870 92.0 11.540 4.840
4880 92.0 10.278 4.874
4890 92.0 8.818 4.783
4900 92.0 10.043 5.190
4910 92.0 9.868 5.384
4920 92.0 9.550 5.218
4930 92.0 8.630 4.700
4940 92.0 9.147 5.628
4820 93.0 15.271 4.353
4830 93.0 14.556 4.449
4840 93.0 13.840 4.544
4850 93.0 13.130 4.644
4860 93.0 12.471 4.779
4870 93.0 11.811 4.914
4880 93.0 11.155 5.047
4890 93.0 10.530 5.159
4900 93.0 11.565 5.002
4910 93.0 11.640 5.194
4920 93.0 11.034 5.500
4930 93.0 10.638 4.941
4940 93.0 9.419 5.583
4950 93.0 9.302 5.875
4960 93.0 8.968 6.226
4970 93.0 9.159 6.079
4980 93.0 9.896 5.763
4990 93.0 8.507 6.973
5000 93.0 8.622 8.068
5010 93.0 10.509 6.370
5000 94.0 15.024 3.889
5010 94.0 14.634 3.896
5020 94.0 14.244 3.904
5030 94.0 13.854 3.910
5040 94.0 13.600 3.903
5050 94.0 13.482 3.880
5060 94.0 13.363 3.858
5070 94.0 13.236 3.842
5080 94.0 12.771 3.753
5090 94.0 12.498 3.657
5100 94.0 12.322 3.840
5110 94.0 13.120 3.586
5120 94.0 12.888 3.994
5130 94.0 12.161 4.050
5140 94.0 12.496 3.970
5150 94.0 12.160 4.122
5160 94.0 11.423 3.799
5170 94.0 11.551 4.106
5180 94.0 12.076 4.002
5190 94.0 10.304 4.085
5030 97.0 14.917 7.485
5040 97.0 14.587 7.163
5050 97.0 14.270 6.855
5060 97.0 14.059 6.665
5070 97.0 13.849 6.476
5080 97.0 13.645 6.292
5090 97.0 13.471 6.128
5100 97.0 13.297 5.964
5110 97.0 13.722 5.964
5120 97.0 13.173 6.468
5130 97.0 13.330 5.886
5140 97.0 13.744 5.810
5150 97.0 13.199 5.912
5160 97.0 13.145 6.063
5170 97.0 12.329 5.951
5180 97.0 12.757 6.123
5190 97.0 13.171 5.067
5200 97.0 13.000 4.909
5210 97.0 12.749 3.914
5220 97.0 12.873 4.039
5040 100.0 15.144 7.370
5050 100.0 14.905 7.023
5060 100.0 14.666 6.676
5070 100.0 14.432 6.345
5080 100.0 14.208 6.037
5090 100.0 13.984 5.729
5100 100.0 13.742 5.462
5110 100.0 13.456 5.291
5120 100.0 13.390 5.622
5130 100.0 13.362 5.694
5140 100.0 13.207 5.718
5150 100.0 12.403 5.110
5160 100.0 12.554 4.533
5170 100.0 13.383 5.142
5180 100.0 12.816 5.223
5190 100.0 13.267 5.700
5200 100.0 13.153 5.488
5210 100.0 11.995 4.539
5220 100.0 10.721 4.028
5230 100.0 11.792 4.453
5060 103.0 0.183 3.930
5070 103.0 0.671 4.007
5080 103.0 1.160 4.084
5090 103.0 1.643 4.150
5100 103.0 2.074 4.126
5110 103.0 2.506 4.103
5120 103.0 2.937 4.079
5130 103.0 3.372 4.050
5140 103.0 2.915 3.716
5150 103.0 2.678 4.131
5160 103.0 3.137 3.734
5170 103.0 3.272 4.171
5180 103.0 2.779 3.768
5190 103.0 3.660 4.030
5200 103.0 3.267 3.799
5210 103.0 2.892 3.996
5220 103.0 3.747 3.929
5230 103.0 3.979 3.949
5240 103.0 4.126 3.688
5250 103.0 4.505 3.922
5090 104.0 0.003 3.856
5100 104.0 0.522 3.941
5110 104.0 1.040 4.026
5120 104.0 1.559 4.112
5130 104.0 2.050 4.163
5140 104.0 2.535 4.207
5150 104.0 3.020 4.250
5160 104.0 3.500 4.278
5170 104.0 2.805 4.277
5180 104.0 3.209 3.866
5190 104.0 3.726 4.011
5200 104.0 2.836 4.280
5210 104.0 3.543 4.074
5220 104.0 4.437 3.864
5230 104.0 4.557 3.773
5240 104.0 3.315 4.200
5250 104.0 4.094 3.312
5260 104.0 3.981 3.448
5270 104.0 3.978 3.596
5280 104.0 4.341 3.462
5090 105.0 15.168 6.987
5100 105.0 14.839 6.927
5110 105.0 14.510 6.867
5120 105.0 14.181 6.808
5130 105.0 13.906 6.744
5140 105.0 13.683 6.676
5150 105.0 13.461 6.608
5160 105.0 13.238 6.539
5170 105.0 12.649 6.752
5180 105.0 13.278 7.213
5190 105.0 12.609 7.340
5200 105.0 12.196 7.165
5210 105.0 13.014 6.734
5220 105.0 11.918 7.326
5230 105.0 12.120 7.225
5240 105.0 11.702 7.340
5250 105.0 12.358 7.209
5260 105.0 11.073 7.489
5270 105.0 10.718 7.664
5280 105.0 11.393 7.346
5100 107.0 15.069 6.110
5110 107.0 14.817 6.126
5120 107.0 14.564 6.141
5130 107.0 14.312 6.157
5140 107.0 14.077 6.028
5150 107.0 13.843 5.898
5160 107.0 13.608 5.769
5170 107.0 13.289 5.630
5180 107.0 13.596 5.855
5190 107.0 13.821 5.903
5200 107.0 12.707 5.991
5210 107.0 13.136 6.331
5220 107.0 12.881 6.280
5230 107.0 11.956 6.464
5240 107.0 12.036 6.277
5250 107.0 11.957 6.146
5260 107.0 11.285 6.415
5270 107.0 11.199 6.699
5280 107.0 10.275 6.877
5290 107.0 11.376 6.439
5120 111.0 0.341 2.907
5130 111.0 0.687 2.899
5140 111.0 1.033 2.890
5150 111.0 1.164 2.893
5160 111.0 1.203 2.900
5170 111.0 1.241 2.908
5180 111.0 1.280 2.915
5190 111.0 1.319 2.922
5200 111.0 1.468 2.866
5210 111.0 1.841 2.746
5220 111.0 2.002 2.709
5230 111.0 2.410 2.470
5240 111.0 2.686 2.704
5250 111.0 2.446 2.641
5260 111.0 3.445 2.417
5270 111.0 3.059 2.409
5280 111.0 2.984 2.582
5290 111.0 3.359 2.415
5300 111.0 3.612 2.698
5310 111.0 3.675 2.578
5130 109.0 0.147 6.730
5140 109.0 0.491 6.452
5150 109.0 0.835 6.173
5160 109.0 1.179 5.895
5170 109.0 1.575 5.790
5180 109.0 1.971 5.684
5190 109.0 2.367 5.579
5200 109.0 2.806 5.443
5210 109.0 4.180 4.805
5220 109.0 4.259 4.782
5230 109.0 4.803 4.285
5240 109.0 4.617 4.162
5250 109.0 4.176 4.827
5260 109.0 5.137 4.096
5270 109.0 6.562 2.996
5280 109.0 5.229 4.976
5290 109.0 5.509 4.379
5300 109.0 7.122 3.249
5310 109.0 5.708 4.429
5320 109.0 4.714 3.969
5150 110.0 0.189 5.799
5160 110.0 0.649 5.587
5170 110.0 1.109 5.375
5180 110.0 1.557 5.212
5190 110.0 1.978 5.162
5200 110.0 2.399 5.113
5210 110.0 2.831 5.000
5220 110.0 3.279 4.793
5230 110.0 2.831 4.421
5240 110.0 2.661 4.552
5250 110.0 2.967 4.529
5260 110.0 4.243 4.077
5270 110.0 4.598 3.908
5280 110.0 5.049 3.858
5290 110.0 5.799 3.273
5300 110.0 5.772 3.095
5310 110.0 4.860 3.180
5320 110.0 6.560 3.345
5330 110.0 7.090 2.860
5340 110.0 6.815 2.831
5200 95.0 10.273 4.101
5210 95.0 9.964 4.152
5220 95.0 9.656 4.203
5230 95.0 9.347 4.254
5240 95.0 9.037 4.304
5250 95.0 8.777 4.378
5260 95.0 8.537 4.461
5270 95.0 8.297 4.545
5280 95.0 8.367 4.400
5290 95.0 8.493 4.707
5300 95.0 8.850 4.713
5310 95.0 8.228 4.999
5320 95.0 7.947 5.276
5330 95.0 7.633 5.375
5340 95.0 7.084 5.445
5350 95.0 6.899 5.609
5360 95.0 6.066 6.285
5370 95.0 5.664 6.169
5380 95.0 4.934 6.696
5390 95.0 4.736 6.765
5230 98.0 10.049 5.719
5240 98.0 9.804 5.773
5250 98.0 9.574 5.819
5260 98.0 9.359 5.857
5270 98.0 9.145 5.895
5280 98.0 8.930 5.933
5290 98.0 8.715 5.971
5300 98.0 8.503 6.072
5310 98.0 8.559 6.090
5320 98.0 8.901 6.172
5330 98.0 8.021 6.228
5340 98.0 7.617 6.639
5350 98.0 8.359 6.496
5360 98.0 7.315 6.995
5370 98.0 6.523 7.213
5380 98.0 8.089 6.818
5390 98.0 7.199 7.224
5400 98.0 6.994 7.034
5410 98.0 6.517 7.361
5420 98.0 5.270 7.749
5240 101.0 9.674 4.994
5250 101.0 9.438 5.043
5260 101.0 9.202 5.091
5270 101.0 8.965 5.140
5280 101.0 8.731 5.198
5290 101.0 8.504 5.295
5300 101.0 8.278 5.391
5310 101.0 8.051 5.487
5320 101.0 7.447 5.628
5330 101.0 7.444 5.972
5340 101.0 7.125 6.040
5350 101.0 6.176 6.343
5360 101.0 6.627 6.118
5370 101.0 6.066 6.450
5380 101.0 5.315 6.613
5390 101.0 4.479 7.222
5400 101.0 5.127 7.099
5410 101.0 3.832 7.468
5420 101.0 4.302 7.494
5430 101.0 3.879 7.621
5290 106.0 9.454 4.790
5300 106.0 9.155 4.809
5310 106.0 8.856 4.828
5320 106.0 8.555 4.837
5330 106.0 8.234 4.762
5340 106.0 7.912 4.687
5350 106.0 7.591 4.611
5360 106.0 7.263 4.565
5370 106.0 6.707 4.716
5380 106.0 6.061 4.615
5390 106.0 6.242 4.295
5400 106.0 6.792 4.479
5410 106.0 6.413 4.289
5420 106.0 5.624 4.354
5430 106.0 6.225 4.659
5440 106.0 6.630 3.981
5450 106.0 5.992 4.227
5460 106.0 4.719 4.821
5470 106.0 3.918 4.630
5480 106.0 3.414 4.745
5290 113.0 0.414 3.612
5300 113.0 0.948 3.629
5310 113.0 1.481 3.646
5320 113.0 1.957 3.616
5330 113.0 2.408 3.565
5340 113.0 2.859 3.513
5350 113.0 3.329 3.469
5360 113.0 3.801 3.426
5370 113.0 3.310 3.459
5380 113.0 3.372 3.589
5390 113.0 2.476 3.642
5400 113.0 4.117 3.135
5410 113.0 4.083 3.358
5420 113.0 4.370 3.614
5430 113.0 3.338 3.382
5440 113.0 4.389 3.619
5450 113.0 3.873 3.561
5460 113.0 4.578 3.564
5470 113.0 4.690 3.783
5480 113.0 5.432 3.342
5300 108.0 9.168 3.893
5310 108.0 8.812 3.906
5320 108.0 8.455 3.919
5330 108.0 8.098 3.933
5340 108.0 7.734 3.924
5350 108.0 7.364 3.901
5360 108.0 6.995 3.877
5370 108.0 6.625 3.854
5380 108.0 6.466 4.360
5390 108.0 6.153 4.579
5400 108.0 6.035 4.772
5410 108.0 5.576 4.530
5420 108.0 4.463 4.797
5430 108.0 3.497 5.099
5440 108.0 4.655 4.564
5450 108.0 4.262 4.381
5460 108.0 3.119 4.612
5470 108.0 3.142 5.366
5480 108.0 1.808 5.884
5490 108.0 1.777 5.656
5320 112.0 3.630 3.116
5330 112.0 4.188 3.058
5340 112.0 4.745 3.000
5350 112.0 5.285 2.973
5360 112.0 5.783 3.016
5370 112.0 6.282 3.061
5380 112.0 6.780 3.104
5390 112.0 7.290 3.123
5400 112.0 6.152 2.652
5410 112.0 7.346 2.430
5420 112.0 7.085 2.985
5430 112.0 7.769 2.756
5440 112.0 7.334 2.897
5450 112.0 7.398 2.648
5460 112.0 8.028 2.457
5470 112.0 7.728 2.849
5480 112.0 6.851 3.073
5490 112.0 7.413 3.022
5500 112.0 7.247 3.292
5510 112.0 7.420 3.112
5320 114.0 0.441 3.751
5330 114.0 0.943 3.758
5340 114.0 1.445 3.766
5350 114.0 1.944 3.762
5360 114.0 2.437 3.740
5370 114.0 2.931 3.717
5380 114.0 3.410 3.678
5390 114.0 3.830 3.574
5400 114.0 4.141 3.586
5410 114.0 4.335 3.403
5420 114.0 4.507 3.420
5430 114.0 4.696 3.132
5440 114.0 4.723 3.618
5450 114.0 5.630 3.344
5460 114.0 4.871 3.504
5470 114.0 4.797 3.654
5480 114.0 5.480 2.840
5490 114.0 5.475 3.333
5500 114.0 6.337 2.946
5510 114.0 5.332 3.106
5320 115.0 0.517 4.335
5330 115.0 1.087 4.366
5340 115.0 1.657 4.397
5350 115.0 2.184 4.399
5360 115.0 2.646 4.360
5370 115.0 3.108 4.320
5380 115.0 3.570 4.280
5390 115.0 3.986 4.147
5400 115.0 4.196 4.039
5410 115.0 4.704 3.683
5420 115.0 4.798 3.263
5430 115.0 4.730 4.218
5440 115.0 4.870 3.472
5450 115.0 5.655 4.007
5460 115.0 6.348 3.862
5470 115.0 6.703 3.579
5480 115.0 5.354 3.812
5490 115.0 4.549 4.348
5500 115.0 5.431 3.982
5510 115.0 5.188 3.435
5320 116.0 14.920 6.824
5330 116.0 14.385 6.694
5340 116.0 13.850 6.565
5350 116.0 13.277 6.400
5360 116.0 12.693 6.227
5370 116.0 12.116 6.093
5380 116.0 11.542 5.986
5390 116.0 10.969 5.879
5400 116.0 11.413 6.455
5410 116.0 10.962 6.569
5420 116.0 10.113 6.230
5430 116.0 11.299 6.391
5440 116.0 10.287 6.674
5450 116.0 9.907 6.951
5460 116.0 9.918 7.444
5470 116.0 8.675 6.969
5480 116.0 8.258 7.208
5490 116.0 10.035 6.725
5500 116.0 9.555 7.495
5510 116.0 9.449 6.801
5340 117.0 12.081 12.386
5350 117.0 12.070 12.148
5360 117.0 12.060 11.909
5370 117.0 12.050 11.670
5380 117.0 12.040 11.432
5390 117.0 12.036 11.288
5400 117.0 12.033 11.155
5410 117.0 12.031 11.022
5420 117.0 12.063 10.492
5430 117.0 11.755 10.169
5440 117.0 12.048 9.601
5450 117.0 12.218 8.627
5460 117.0 12.112 8.495
5470 117.0 12.138 8.436
5480 117.0 12.314 7.358
5490 117.0 12.135 7.192
5500 117.0 12.040 6.158
5510 117.0 12.097 6.520
5520 117.0 12.053 7.322
5530 117.0 11.993 6.274
5370 120.0 15.050 4.230
5380 120.0 14.624 4.291
5390 120.0 14.197 4.352
5400 120.0 13.771 4.413
5410 120.0 13.345 4.475
5420 120.0 12.865 4.562
5430 120.0 12.372 4.656
5440 120.0 11.879 4.751
5450 120.0 11.812 4.723
5460 120.0 11.452 4.589
5470 120.0 10.520 5.038
5480 120.0 10.567 5.078
5490 120.0 9.577 5.307
5500 120.0 8.522 5.958
5510 120.0 8.961 5.119
5520 120.0 8.278 5.572
5530 120.0 8.797 5.519
5540 120.0 9.316 5.531
5550 120.0 11.813 4.861
5560 120.0 10.193 5.552
5370 122.0 15.148 3.094
5380 122.0 14.676 3.202
5390 122.0 14.204 3.311
5400 122.0 13.732 3.419
5410 122.0 13.268 3.505
5420 122.0 12.817 3.556
5430 122.0 12.366 3.607
5440 122.0 11.915 3.658
5450 122.0 11.567 4.173
5460 122.0 11.608 3.720
5470 122.0 11.698 4.399
5480 122.0 10.800 4.693
5490 122.0 9.778 5.274
5500 122.0 9.987 4.942
5510 122.0 9.495 5.121
5520 122.0 10.004 4.836
5530 122.0 8.207 6.070
5540 122.0 8.713 6.020
5550 122.0 8.772 5.272
5560 122.0 8.561 5.716
5380 124.0 15.006 3.842
5390 124.0 14.564 3.834
5400 124.0 14.121 3.826
5410 124.0 13.680 3.831
5420 124.0 13.253 3.953
5430 124.0 12.826 4.076
5440 124.0 12.400 4.199
5450 124.0 11.975 4.291
5460 124.0 11.967 4.282
5470 124.0 11.693 4.018
5480 124.0 12.526 4.369
5490 124.0 12.317 4.265
5500 124.0 11.350 4.528
5510 124.0 11.279 3.987
5520 124.0 10.810 3.961
5530 124.0 10.710 4.147
5540 124.0 9.772 4.388
5550 124.0 9.543 4.670
5560 124.0 9.555 4.705
5570 124.0 9.593 4.934
5400 96.0 5.324 5.492
5410 96.0 5.053 5.573
5420 96.0 4.782 5.654
5430 96.0 4.510 5.735
5440 96.0 4.263 5.796
5450 96.0 4.108 5.780
5460 96.0 3.954 5.764
5470 96.0 3.800 5.749
5480 96.0 3.329 5.844
5490 96.0 2.424 6.207
5500 96.0 2.460 6.263
5510 96.0 2.206 6.394
5520 96.0 2.340 6.765
5530 96.0 2.574 6.677
5540 96.0 1.301 7.198
5550 96.0 1.364 7.454
5560 96.0 0.338 7.520
5570 96.0 0.162 7.760
5580 96.0 0.353 8.419
5590 96.0 -0.737 8.393
5410 126.0 14.920 3.331
5420 126.0 14.476 3.467
5430 126.0 14.033 3.604
5440 126.0 13.604 3.736
5450 126.0 13.210 3.859
5460 126.0 12.817 3.983
5470 126.0 12.420 4.099
5480 126.0 12.011 4.188
5490 126.0 11.821 4.618
5500 126.0 11.804 4.815
5510 126.0 10.748 5.480
5520 126.0 9.865 5.424
5530 126.0 8.504 6.543
5540 126.0 9.465 5.916
5550 126.0 7.976 6.919
5560 126.0 8.830 6.798
5570 126.0 8.288 7.310
5580 126.0 7.936 7.290
5590 126.0 6.968 8.252
5600 126.0 7.347 8.403
5420 127.0 14.768 4.157
5430 127.0 14.334 4.262
5440 127.0 13.900 4.366
5450 127.0 13.477 4.465
5460 127.0 13.079 4.551
5470 127.0 12.682 4.637
5480 127.0 12.284 4.724
5490 127.0 11.882 4.820
5500 127.0 11.489 5.359
5510 127.0 10.637 5.830
5520 127.0 10.179 5.642
5530 127.0 10.345 5.688
5540 127.0 8.484 6.569
5550 127.0 7.701 7.331
5560 127.0 8.577 6.094
5570 127.0 7.653 7.552
5580 127.0 7.188 7.247
5590 127.0 8.071 6.924
5600 127.0 5.679 8.247
5610 127.0 7.193 7.380
5430 99.0 5.566 7.165
5440 99.0 5.376 7.199
5450 99.0 5.186 7.234
5460 99.0 4.971 7.279
5470 99.0 4.719 7.339
5480 99.0 4.466 7.398
5490 99.0 4.214 7.458
5500 99.0 3.936 7.510
5510 99.0 3.387 7.858
5520 99.0 3.797 7.610
5530 99.0 3.115 7.999
5540 99.0 2.709 7.983
5550 99.0 2.220 8.278
5560 99.0 1.556 8.578
5570 99.0 1.504 8.502
5580 99.0 0.958 8.708
5590 99.0 -0.903 9.473
5600 99.0 0.151 8.468
5610 99.0 0.135 8.379
5620 99.0 1.239 8.315
5430 129.0 0.316 2.630
5440 129.0 0.846 2.653
5450 129.0 1.375 2.676
5460 129.0 1.904 2.697
5470 129.0 2.425 2.697
5480 129.0 2.947 2.697
5490 129.0 3.468 2.697
5500 129.0 3.989 2.697
5510 129.0 3.407 2.645
5520 129.0 2.772 2.659
5530 129.0 2.863 2.339
5540 129.0 3.479 2.733
5550 129.0 3.368 2.541
5560 129.0 2.396 2.418
5570 129.0 3.320 2.461
5580 129.0 3.365 2.526
5590 129.0 3.226 2.419
5600 129.0 2.835 2.757
5610 129.0 2.664 2.648
5620 129.0 3.594 2.671
5430 130.0 0.316 3.580
5440 130.0 0.807 3.553
5450 130.0 1.298 3.527
5460 130.0 1.789 3.500
5470 130.0 2.273 3.479
5480 130.0 2.747 3.466
5490 130.0 3.220 3.453
5500 130.0 3.694 3.439
5510 130.0 3.270 2.996
5520 130.0 3.167 2.777
5530 130.0 4.307 2.434
5540 130.0 3.493 2.529
5550 130.0 4.620 2.121
5560 130.0 4.671 2.059
5570 130.0 4.931 2.027
5580 130.0 5.241 1.972
5590 130.0 5.716 1.689
5600 130.0 5.551 1.875
5610 130.0 5.012 1.556
5620 130.0 5.422 1.624
5440 102.0 5.144 6.550
5450 102.0 4.944 6.613
5460 102.0 4.714 6.629
5470 102.0 4.485 6.645
5480 102.0 4.255 6.661
5490 102.0 4.026 6.678
5500 102.0 3.767 6.700
5510 102.0 3.495 6.725
5520 102.0 3.672 6.831
5530 102.0 3.328 6.737
5540 102.0 2.938 6.774
5550 102.0 3.103 6.897
5560 102.0 2.050 7.470
5570 102.0 3.025 7.090
5580 102.0 1.623 7.543
5590 102.0 1.723 7.687
5600 102.0 1.856 8.068
5610 102.0 0.093 8.502
5620 102.0 0.230 8.963
5630 102.0 0.192 8.675
5540 118.0 12.211 7.818
5550 118.0 12.221 7.494
5560 118.0 12.231 7.170
5570 118.0 12.241 6.846
5580 118.0 12.219 6.551
5590 118.0 12.067 6.369
5600 118.0 11.916 6.188
5610 118.0 11.576 6.076
5620 118.0 12.224 4.975
5630 118.0 12.071 4.382
5640 118.0 12.178 3.626
5650 118.0 12.376 2.829
5660 118.0 12.125 2.850
5670 118.0 12.061 2.295
5680 118.0 12.130 1.826
5690 118.0 12.281 0.857
5700 118.0 11.705 -0.774
5710 118.0 11.949 -1.828
5720 118.0 11.611 0.692
5730 118.0 12.063 0.042
5570 121.0 6.791 5.064
5580 121.0 6.448 5.020
5590 121.0 6.099 4.983
5600 121.0 5.749 4.945
5610 121.0 5.400 4.907
5620 121.0 5.051 4.869
5630 121.0 4.715 4.901
5640 121.0 4.379 4.933
5650 121.0 4.873 4.610
5660 121.0 5.045 4.744
5670 121.0 4.015 4.759
5680 121.0 2.952 5.228
5690 121.0 3.007 5.139
5700 121.0 2.871 4.899
5710 121.0 3.407 4.486
5720 121.0 3.125 4.484
5730 121.0 2.461 4.785
5740 121.0 2.458 4.775
5750 121.0 2.833 4.318
5760 121.0 2.635 4.553
5570 123.0 7.006 4.334
5580 123.0 6.667 4.255
5590 123.0 6.320 4.126
5600 123.0 5.973 3.997
5610 123.0 5.626 3.868
5620 123.0 5.263 3.755
5630 123.0 4.896 3.646
5640 123.0 4.529 3.537
5650 123.0 4.959 3.728
5660 123.0 4.992 3.608
5670 123.0 5.283 4.123
5680 123.0 5.047 3.877
5690 123.0 4.619 4.024
5700 123.0 3.661 4.110
5710 123.0 3.343 4.040
5720 123.0 3.232 3.966
5730 123.0 3.161 3.390
5740 123.0 2.900 3.679
5750 123.0 2.396 4.180
5760 123.0 1.847 3.761
5580 125.0 7.044 4.940
5590 125.0 6.712 4.940
5600 125.0 6.405 4.894
5610 125.0 6.125 4.803
5620 125.0 5.844 4.711
5630 125.0 5.563 4.619
5640 125.0 5.193 4.511
5650 125.0 4.763 4.391
5660 125.0 5.203 4.613
5670 125.0 5.548 4.614
5680 125.0 5.615 4.333
5690 125.0 4.848 4.523
5700 125.0 5.154 4.655
5710 125.0 4.458 4.897
5720 125.0 4.295 4.676
5730 125.0 4.095 4.987
5740 125.0 4.147 4.797
5750 125.0 3.968 5.057
5760 125.0 3.911 4.410
5770 125.0 3.547 4.276
5620 128.0 6.307 6.732
5630 128.0 5.838 6.784
5640 128.0 5.369 6.827
5650 128.0 4.899 6.870
5660 128.0 4.429 6.913
5670 128.0 3.999 6.930
5680 128.0 3.578 6.941
5690 128.0 3.157 6.952
5700 128.0 3.126 7.102
5710 128.0 3.213 6.912
5720 128.0 3.317 7.067
5730 128.0 2.926 7.748
5740 128.0 1.402 7.836
5750 128.0 1.666 7.914
5760 128.0 1.520 8.067
5770 128.0 1.582 8.070
5780 128.0 0.538 8.931
5790 128.0 0.814 9.249
5800 128.0 -0.211 9.594
5810 128.0 -0.201 9.210
5710 131.0 14.964 2.530
5720 131.0 14.486 2.631
5730 131.0 14.008 2.732
5740 131.0 13.529 2.834
5750 131.0 13.062 2.860
5760 131.0 12.600 2.855
5770 131.0 12.138 2.850
5780 131.0 11.676 2.845
5790 131.0 11.239 2.959
5800 131.0 11.804 3.064
5810 131.0 11.070 3.067
5820 131.0 10.606 3.218
5830 131.0 10.380 3.328
5840 131.0 9.251 4.071
5850 131.0 9.993 3.384
5860 131.0 9.817 3.344
5870 131.0 8.811 3.398
5880 131.0 9.331 3.147
5890 131.0 9.010 3.067
5900 131.0 9.777 2.080
5740 119.0 6.765 7.013
5750 119.0 6.391 6.993
5760 119.0 6.017 6.973
5770 119.0 5.643 6.953
5780 119.0 5.285 6.948
5790 119.0 4.937 6.954
5800 119.0 4.590 6.959
5810 119.0 4.242 6.965
5820 119.0 3.897 6.831
5830 119.0 4.129 7.532
5840 119.0 3.401 7.645
5850 119.0 2.816 7.777
5860 119.0 2.392 7.767
5870 119.0 2.171 8.286
5880 119.0 1.672 8.766
5890 119.0 1.497 8.684
5900 119.0 1.081 8.833
5910 119.0 0.065 9.613
5920 119.0 -0.743 10.233
5930 119.0 -0.125 9.880
5860 132.0 0.479 5.797
5870 132.0 0.888 5.790
5880 132.0 1.297 5.783
5890 132.0 1.706 5.776
5900 132.0 2.105 5.744
5910 132.0 2.503 5.710
5920 132.0 2.901 5.675
5930 132.0 3.299 5.640
5940 132.0 3.011 5.837
5950 132.0 3.125 5.870
5960 132.0 3.305 5.634
5970 132.0 2.965 5.617
5980 132.0 3.436 5.976
5990 132.0 2.925 6.233
6000 132.0 3.177 6.039
6010 132.0 3.565 6.563
6020 132.0 4.479 6.055
6030 132.0 4.275 6.079
6040 132.0 4.096 5.940
6050 132.0 4.116 5.714
5860 133.0 0.262 4.935
5870 133.0 0.623 4.911
5880 133.0 0.985 4.886
5890 133.0 1.346 4.862
5900 133.0 1.733 4.833
5910 133.0 2.178 4.795
5920 133.0 2.623 4.757
5930 133.0 3.068 4.719
5940 133.0 3.071 4.990
5950 133.0 2.486 4.909
5960 133.0 2.940 4.943
5970 133.0 2.738 4.994
5980 133.0 3.386 5.071
5990 133.0 4.184 4.557
6000 133.0 3.606 5.074
6010 133.0 2.850 5.156
6020 133.0 3.506 4.791
6030 133.0 3.962 4.724
6040 133.0 3.563 5.131
6050 133.0 3.702 5.176
5920 134.0 14.562 3.954
5930 134.0 13.843 3.939
5940 134.0 13.123 3.923
5950 134.0 12.416 3.866
5960 134.0 11.730 3.747
5970 134.0 11.043 3.628
5980 134.0 10.356 3.508
5990 134.0 9.645 3.433
6000 134.0 10.596 3.135
6010 134.0 10.428 3.071
6020 134.0 10.630 3.512
6030 134.0 9.972 3.339
6040 134.0 10.623 3.075
6050 134.0 9.789 3.716
6060 134.0 9.193 3.957
6070 134.0 9.275 3.365
6080 134.0 8.885 3.649
6090 134.0 8.623 4.019
6100 134.0 8.403 3.647
6110 134.0 9.349 4.217
5980 135.0 14.685 3.531
5990 135.0 13.875 3.625
6000 135.0 13.065 3.720
6010 135.0 12.281 3.785
6020 135.0 11.597 3.739
6030 135.0 10.913 3.693
6040 135.0 10.229 3.646
6050 135.0 9.537 3.642
6060 135.0 10.274 3.031
6070 135.0 10.090 3.588
6080 135.0 11.463 3.155
6090 135.0 10.200 3.200
6100 135.0 9.789 3.616
6110 135.0 9.447 3.136
6120 135.0 9.619 3.319
6130 135.0 8.715 3.371
6140 135.0 8.673 4.094
6150 135.0 8.656 3.132
6160 135.0 9.064 3.211
6170 135.0 8.606 3.362
6070 136.0 0.132 7.060
6080 136.0 0.500 6.864
6090 136.0 0.868 6.668
6100 136.0 1.250 6.468
6110 136.0 1.749 6.236
6120 136.0 2.248 6.005
6130 136.0 2.747 5.773
6140 136.0 3.246 5.654
6150 136.0 3.077 5.610
6160 136.0 3.323 5.666
6170 136.0 5.097 4.624
6180 136.0 4.552 4.704
6190 136.0 5.160 4.356
6200 136.0 5.040 4.621
6210 136.0 4.889 4.200
6220 136.0 5.352 4.408
6230 136.0 5.580 4.190
6240 136.0 5.912 3.729
6250 136.0 5.658 4.757
6260 136.0 8.005 3.008
6070 137.0 0.363 8.044
6080 137.0 0.730 7.796
6090 137.0 1.096 7.549
6100 137.0 1.477 7.317
6110 137.0 1.916 7.149
6120 137.0 2.356 6.980
6130 137.0 2.795 6.812
6140 137.0 3.279 6.687
6150 137.0 2.405 6.859
6160 137.0 2.786 6.532
6170 137.0 3.843 6.659
6180 137.0 4.488 5.828
6190 137.0 5.026 6.112
6200 137.0 5.104 5.324
6210 137.0 5.479 5.684
6220 137.0 5.521 6.173
6230 137.0 5.040 5.299
6240 137.0 7.621 4.968
6250 137.0 6.481 5.830
6260 137.0 7.149 5.209
6130 138.0 15.153 4.063
6140 138.0 14.522 4.155
6150 138.0 13.891 4.246
6160 138.0 13.262 4.316
6170 138.0 12.641 4.297
6180 138.0 12.021 4.278
6190 138.0 11.400 4.259
6200 138.0 10.772 4.242
6210 138.0 11.125 4.417
6220 138.0 10.905 4.152
6230 138.0 10.582 4.219
6240 138.0 11.085 4.074
6250 138.0 10.496 4.225
6260 138.0 9.732 4.345
6270 138.0 9.199 4.101
6280 138.0 9.821 4.672
6290 138.0 9.858 4.242
6300 138.0 8.975 4.388
6310 138.0 8.893 4.500
6320 138.0 8.743 4.426
6140 139.0 14.785 3.214
6150 139.0 14.125 3.254
6160 139.0 13.466 3.294
6170 139.0 12.817 3.324
6180 139.0 12.186 3.341
6190 139.0 11.555 3.357
6200 139.0 10.923 3.374
6210 139.0 10.293 3.390
6220 139.0 10.420 2.644
6230 139.0 10.414 2.694
6240 139.0 10.461 2.658
6250 139.0 9.340 2.838
6260 139.0 9.616 2.469
6270 139.0 10.143 3.038
6280 139.0 10.459 2.798
6290 139.0 9.718 3.277
6300 139.0 9.786 2.900
6310 139.0 9.478 3.288
6320 139.0 9.650 2.788
6330 139.0 9.861 3.304
6280 140.0 0.142 2.481
6290 140.0 0.721 2.466
6300 140.0 1.300 2.451
6310 140.0 1.878 2.436
6320 140.0 2.412 2.452
6330 140.0 2.940 2.471
6340 140.0 3.468 2.491
6350 140.0 3.997 2.510
6360 140.0 3.082 2.043
6370 140.0 3.184 1.926
6380 140.0 4.194 1.948
6390 140.0 3.833 1.629
6400 140.0 4.175 1.186
6410 140.0 4.767 1.369
6420 140.0 4.092 1.462
6430 140.0 5.016 1.587
6440 140.0 5.408 1.093
6450 140.0 4.604 1.150
6460 140.0 4.877 0.918
6470 140.0 4.740 0.939
6290 141.0 0.223 3.078
6300 141.0 0.766 3.070
6310 141.0 1.309 3.062
6320 141.0 1.852 3.055
6330 141.0 2.406 3.089
6340 141.0 2.960 3.123
6350 141.0 3.514 3.157
6360 141.0 4.069 3.191
6370 141.0 3.339 3.133
6380 141.0 4.331 2.964
6390 141.0 4.017 3.158
6400 141.0 4.006 3.005
6410 141.0 3.792 2.890
6420 141.0 3.783 2.925
6430 141.0 3.574 3.340
6440 141.0 3.627 3.178
6450 141.0 5.168 2.461
6460 141.0 5.417 2.910
6470 141.0 5.209 2.704
6480 141.0 4.724 2.667
6400 142.0 0.448 3.413
6410 142.0 0.937 3.413
6420 142.0 1.426 3.413
6430 142.0 1.920 3.417
6440 142.0 2.425 3.431
6450 142.0 2.931 3.445
6460 142.0 3.436 3.459
6470 142.0 3.942 3.473
6480 142.0 4.175 3.066
6490 142.0 3.455 3.622
6500 142.0 3.093 3.778
6510 142.0 3.361 3.633
6520 142.0 3.910 3.249
6530 142.0 3.723 3.446
6540 142.0 3.765 3.727
6550 142.0 4.344 3.121
6560 142.0 4.172 3.441
6570 142.0 5.280 3.092
6580 142.0 4.906 3.581
6590 142.0 5.254 3.386
6400 143.0 0.399 2.562
6410 143.0 0.919 2.606
6420 143.0 1.440 2.650
6430 143.0 1.961 2.694
6440 143.0 2.475 2.724
6450 143.0 2.981 2.734
6460 143.0 3.487 2.743
6470 143.0 3.993 2.752
6480 143.0 3.865 2.505
6490 143.0 3.698 2.228
6500 143.0 3.249 2.203
6510 143.0 3.295 2.534
6520 143.0 3.362 2.358
6530 143.0 4.016 2.281
6540 143.0 4.332 2.537
6550 143.0 4.647 2.453
6560 143.0 3.510 2.324
6570 143.0 3.953 2.213
6580 143.0 4.965 1.791
6590 143.0 5.577 1.952
6480 144.0 14.943 5.274
6490 144.0 14.486 5.414
6500 144.0 14.029 5.554
6510 144.0 13.577 5.682
6520 144.0 13.176 5.705
6530 144.0 12.775 5.727
6540 144.0 12.373 5.750
6550 144.0 12.144 5.731
6560 144.0 11.291 6.418
6570 144.0 10.758 6.679
6580 144.0 10.447 6.809
6590 144.0 10.296 6.722
6600 144.0 10.548 7.087
6610 144.0 9.032 7.347
6620 144.0 8.035 7.954
6630 144.0 8.397 7.563
6640 144.0 6.543 9.018
6650 144.0 7.464 8.494
6660 144.0 6.177 8.950
6670 144.0 6.990 8.321
6510 145.0 14.877 4.441
6520 145.0 14.449 4.624
6530 145.0 14.021 4.807
6540 145.0 13.558 4.905
6550 145.0 13.041 4.876
6560 145.0 12.525 4.847
6570 145.0 12.013 4.817
6580 145.0 11.549 4.781
6590 145.0 12.620 4.321
6600 145.0 12.479 4.642
6610 145.0 11.806 4.355
6620 145.0 11.305 4.952
6630 145.0 10.697 4.730
6640 145.0 10.859 4.490
6650 145.0 10.900 4.597
6660 145.0 10.082 4.765
6670 145.0 11.067 4.702
6680 145.0 10.417 5.231
6690 145.0 9.850 5.324
6700 145.0 8.457 5.895
6520 146.0 15.009 5.192
6530 146.0 14.615 5.323
6540 146.0 14.221 5.454
6550 146.0 13.828 5.585
6560 146.0 13.386 5.569
6570 146.0 12.944 5.553
6580 146.0 12.502 5.537
6590 146.0 11.968 5.494
6600 146.0 11.904 5.800
6610 146.0 11.470 6.060
6620 146.0 11.668 5.920
6630 146.0 10.779 6.472
6640 146.0 9.895 6.082
6650 146.0 9.586 6.774
6660 146.0 8.527 7.290
6670 146.0 9.090 7.226
6680 146.0 8.045 7.538
6690 146.0 8.745 7.061
6700 146.0 7.613 7.936
6710 146.0 8.693 7.507
6530 147.0 0.316 6.229
6540 147.0 0.751 6.180
6550 147.0 1.187 6.130
6560 147.0 1.624 6.082
6570 147.0 2.079 6.050
6580 147.0 2.534 6.018
6590 147.0 2.989 5.986
6600 147.0 3.445 5.966
6610 147.0 2.685 6.295
6620 147.0 3.379 5.961
6630 147.0 2.835 6.350
6640 147.0 3.246 5.780
6650 147.0 3.393 5.631
6660 147.0 4.456 6.073
6670 147.0 4.172 5.905
6680 147.0 3.932 5.843
6690 147.0 4.350 6.076
6700 147.0 4.559 6.410
6710 147.0 3.806 6.289
6720 147.0 5.252 5.960
6530 148.0 0.210 6.945
6540 148.0 0.760 6.924
6550 148.0 1.308 6.903
6560 148.0 1.827 6.864
6570 148.0 2.332 6.816
6580 148.0 2.837 6.768
6590 148.0 3.293 6.749
6600 148.0 3.726 6.741
6610 148.0 3.871 6.891
6620 148.0 3.982 6.765
6630 148.0 4.243 6.553
6640 148.0 5.344 6.602
6650 148.0 4.732 6.650
6660 148.0 4.303 6.811
6670 148.0 4.013 6.810
6680 148.0 4.058 7.061
6690 148.0 4.756 6.771
6700 148.0 4.489 6.446
6710 148.0 4.408 6.451
6720 148.0 4.710 6.657
6530 149.0 0.274 3.675
6540 149.0 0.695 3.729
6550 149.0 1.115 3.783
6560 149.0 1.536 3.836
6570 149.0 1.957 3.890
6580 149.0 2.384 3.965
6590 149.0 2.811 4.040
6600 149.0 3.238 4.115
6610 149.0 3.344 4.105
6620 149.0 3.415 3.410
6630 149.0 3.694 3.448
6640 149.0 4.311 3.399
6650 149.0 3.781 3.518
6660 149.0 3.823 3.476
6670 149.0 5.325 3.063
6680 149.0 4.419 3.262
6690 149.0 4.005 3.541
6700 149.0 4.156 3.576
6710 149.0 5.049 3.574
6720 149.0 4.439 3.926
6600 150.0 0.527 4.677
6610 150.0 0.953 4.671
6620 150.0 1.379 4.665
6630 150.0 1.805 4.659
6640 150.0 2.234 4.649
6650 150.0 2.687 4.600
6660 150.0 3.141 4.551
6670 150.0 3.594 4.502
6680 150.0 3.595 4.530
6690 150.0 2.819 4.629
6700 150.0 3.047 4.659
6710 150.0 4.450 4.378
6720 150.0 3.927 4.402
6730 150.0 4.250 4.753
6740 150.0 3.683 4.426
6750 150.0 3.137 4.505
6760 150.0 3.607 4.956
6770 150.0 4.104 4.877
6780 150.0 3.987 4.702
6790 150.0 4.574 4.870
6610 151.0 0.556 3.836
6620 151.0 0.996 3.871
6630 151.0 1.436 3.906
6640 151.0 1.878 3.933
6650 151.0 2.345 3.887
6660 151.0 2.812 3.840
6670 151.0 3.279 3.793
6680 151.0 3.746 3.747
6690 151.0 4.081 3.561
6700 151.0 2.942 3.772
6710 151.0 3.568 3.933
6720 151.0 3.570 3.867
6730 151.0 3.476 3.690
6740 151.0 4.260 3.852
6750 151.0 5.176 3.690
6760 151.0 5.402 3.456
6770 151.0 4.457 3.489
6780 151.0 4.985 3.404
6790 151.0 6.106 3.256
6800 151.0 4.531 4.025
6770 152.0 14.987 3.722
6780 152.0 14.372 3.713
6790 152.0 13.758 3.703
6800 152.0 13.162 3.536
6810 152.0 12.578 3.265
6820 152.0 12.021 3.051
6830 152.0 11.505 2.920
6840 152.0 10.971 2.808
6850 152.0 10.881 3.205
6860 152.0 10.198 2.924
6870 152.0 10.743 2.825
6880 152.0 10.343 2.890
6890 152.0 9.872 2.778
6900 152.0 9.765 2.942
6910 152.0 10.137 3.626
6920 152.0 10.489 3.595
6930 152.0 10.780 2.967
6940 152.0 9.993 3.366
6950 152.0 9.909 3.334
6960 152.0 8.884 4.271
6810 153.0 0.708 3.954
6820 153.0 0.965 4.006
6830 153.0 1.221 4.058
6840 153.0 1.496 4.106
6850 153.0 1.930 4.113
6860 153.0 2.365 4.121
6870 153.0 2.799 4.129
6880 153.0 3.220 4.141
6890 153.0 1.964 4.043
6900 153.0 2.405 4.359
6910 153.0 2.411 4.572
6920 153.0 2.485 4.595
6930 153.0 2.940 4.607
6940 153.0 2.558 4.279
6950 153.0 3.090 3.987
6960 153.0 2.909 4.181
6970 153.0 3.268 3.875
6980 153.0 3.236 4.068
6990 153.0 3.305 4.408
7000 153.0 2.791 4.174
6810 154.0 0.160 3.225
6820 154.0 0.548 3.217
6830 154.0 0.937 3.210
6840 154.0 1.325 3.203
6850 154.0 1.762 3.196
6860 154.0 2.275 3.189
6870 154.0 2.788 3.183
6880 154.0 3.301 3.177
6890 154.0 3.175 2.716
6900 154.0 3.141 2.777
6910 154.0 3.544 2.821
6920 154.0 4.107 2.870
6930 154.0 2.487 3.231
6940 154.0 3.055 3.175
6950 154.0 3.706 3.076
6960 154.0 3.486 3.092
6970 154.0 3.738 2.973
6980 154.0 4.322 2.917
6990 154.0 4.674 2.825
7000 154.0 3.755 3.204
6980 155.0 0.232 3.174
6990 155.0 0.737 3.346
7000 155.0 1.242 3.518
7010 155.0 1.743 3.671
7020 155.0 2.241 3.807
7030 155.0 2.740 3.942
7040 155.0 3.241 4.049
7050 155.0 3.744 4.129
7060 155.0 2.503 4.071
7070 155.0 2.526 4.052
7080 155.0 2.739 3.700
7090 155.0 2.533 3.975
7100 155.0 2.913 3.892
7110 155.0 2.906 3.599
7120 155.0 2.809 3.993
7130 155.0 3.390 3.703
7140 155.0 2.709 3.939
7150 155.0 2.702 3.867
7160 155.0 3.043 3.984
7170 155.0 3.350 4.163
6980 156.0 -0.050 4.267
6990 156.0 0.496 4.399
7000 156.0 1.041 4.532
7010 156.0 1.587 4.664
7020 156.0 2.103 4.749
7030 156.0 2.615 4.829
7040 156.0 3.127 4.909
7050 156.0 3.660 4.984
7060 156.0 3.503 4.363
7070 156.0 4.019 4.609
7080 156.0 3.533 4.590
7090 156.0 3.938 4.762
7100 156.0 4.326 4.576
7110 156.0 3.646 4.455
7120 156.0 3.489 4.185
7130 156.0 2.896 4.031
7140 156.0 4.222 3.943
7150 156.0 5.064 3.576
7160 156.0 4.688 3.637
7170 156.0 3.532 4.284
7010 157.0 0.404 3.908
7020 157.0 0.908 3.965
7030 157.0 1.411 4.023
7040 157.0 1.915 4.081
7050 157.0 2.422 4.204
7060 157.0 2.930 4.326
7070 157.0 3.437 4.448
7080 157.0 3.949 4.566
7090 157.0 2.482 4.579
7100 157.0 2.795 4.183
7110 157.0 3.341 3.977
7120 157.0 2.902 4.250
7130 157.0 3.356 4.804
7140 157.0 3.865 4.431
7150 157.0 3.598 4.446
7160 157.0 3.192 4.766
7170 157.0 3.315 4.053
7180 157.0 3.072 4.132
7190 157.0 3.166 4.207
7200 157.0 2.467 4.357
7010 158.0 0.149 3.286
7020 158.0 0.705 3.311
7030 158.0 1.261 3.337
7040 158.0 1.818 3.362
7050 158.0 2.347 3.477
7060 158.0 2.873 3.602
7070 158.0 3.399 3.727
7080 158.0 3.925 3.852
7090 158.0 3.237 3.703
7100 158.0 3.610 3.425
7110 158.0 5.092 2.830
7120 158.0 4.933 2.798
7130 158.0 4.493 3.026
7140 158.0 3.960 2.860
7150 158.0 4.771 2.837
7160 158.0 4.704 2.963
7170 158.0 4.948 2.381
7180 158.0 6.545 2.809
7190 158.0 5.869 2.377
7200 158.0 4.653 3.407
7300 159.0 14.989 5.582
7310 159.0 14.695 5.590
7320 159.0 14.400 5.598
7330 159.0 14.105 5.606
7340 159.0 13.802 5.609
7350 159.0 13.495 5.609
7360 159.0 13.188 5.609
7370 159.0 12.880 5.609
7380 159.0 12.999 5.567
7390 159.0 12.566 5.631
7400 159.0 12.917 5.319
7410 159.0 12.370 5.396
7420 159.0 11.935 5.703
7430 159.0 12.050 5.645
7440 159.0 11.120 6.142
7450 159.0 10.988 6.151
7460 159.0 10.781 6.400
7470 159.0 10.771 6.587
7480 159.0 10.474 6.640
7490 159.0 9.055 6.819
7330 161.0 14.770 3.062
7340 161.0 14.326 3.214
7350 161.0 13.881 3.367
7360 161.0 13.437 3.519
7370 161.0 12.994 3.554
7380 161.0 12.551 3.511
7390 161.0 12.109 3.468
7400 161.0 11.666 3.426
7410 161.0 11.665 3.111
7420 161.0 12.276 3.138
7430 161.0 12.260 3.386
7440 161.0 11.243 3.455
7450 161.0 11.110 3.335
7460 161.0 11.089 3.588
7470 161.0 9.958 4.298
7480 161.0 9.594 4.201
7490 161.0 8.441 4.117
7500 161.0 7.769 4.193
7510 161.0 8.342 4.884
7520 161.0 7.408 5.821
7330 164.0 14.998 5.396
7340 164.0 14.651 5.331
7350 164.0 14.304 5.267
7360 164.0 13.957 5.202
7370 164.0 13.610 5.138
7380 164.0 13.157 5.131
7390 164.0 12.691 5.131
7400 164.0 12.227 5.131
7410 164.0 12.144 4.937
7420 164.0 11.278 4.823
7430 164.0 11.060 4.653
7440 164.0 11.891 4.825
7450 164.0 12.298 5.060
7460 164.0 11.844 5.171
7470 164.0 11.789 5.162
7480 164.0 10.670 5.529
7490 164.0 11.051 5.221
7500 164.0 10.734 5.164
7510 164.0 11.125 5.234
7520 164.0 9.635 5.886
7340 163.0 14.671 4.590
7350 163.0 14.306 4.551
7360 163.0 13.941 4.511
7370 163.0 13.548 4.480
7380 163.0 13.112 4.462
7390 163.0 12.675 4.445
7400 163.0 12.239 4.427
7410 163.0 11.804 4.403
7420 163.0 12.465 4.259
7430 163.0 12.574 4.027
7440 163.0 11.863 3.964
7450 163.0 12.141 4.144
7460 163.0 11.636 4.112
7470 163.0 12.049 3.906
7480 163.0 12.359 3.783
7490 163.0 11.590 4.249
7500 163.0 11.241 3.952
7510 163.0 11.701 3.906
7520 163.0 11.707 4.146
7530 163.0 10.588 4.528
7360 166.0 14.922 4.177
7370 166.0 14.444 4.009
7380 166.0 13.966 3.841
7390 166.0 13.488 3.673
7400 166.0 12.996 3.528
7410 166.0 12.470 3.435
7420 166.0 11.944 3.343
7430 166.0 11.418 3.250
7440 166.0 10.921 3.906
7450 166.0 12.085 3.972
7460 166.0 11.703 4.059
7470 166.0 10.527 3.711
7480 166.0 8.468 4.025
7490 166.0 10.427 4.067
7500 166.0 10.467 3.919
7510 166.0 10.044 3.579
7520 166.0 9.331 3.769
7530 166.0 8.634 3.903
7540 166.0 9.040 4.101
7550 166.0 9.369 3.779
7500 160.0 7.698 6.161
7510 160.0 7.251 6.227
7520 160.0 6.832 6.291
7530 160.0 6.433 6.353
7540 160.0 6.035 6.416
7550 160.0 5.636 6.479
7560 160.0 5.259 6.527
7570 160.0 4.887 6.571
7580 160.0 4.645 6.623
7590 160.0 3.826 7.038
7600 160.0 4.417 7.230
7610 160.0 2.948 7.401
7620 160.0 2.524 7.459
7630 160.0 2.553 7.675
7640 160.0 1.877 8.254
7650 160.0 1.462 8.705
7660 160.0 0.977 8.636
7670 160.0 0.742 9.105
7680 160.0 1.544 8.606
7690 160.0 1.199 8.675
7500 167.0 15.006 4.224
7510 167.0 14.480 4.296
7520 167.0 13.954 4.367
7530 167.0 13.428 4.439
7540 167.0 12.852 4.474
7550 167.0 12.276 4.509
7560 167.0 11.701 4.544
7570 167.0 11.186 4.582
7580 167.0 11.591 4.993
7590 167.0 10.051 6.022
7600 167.0 10.113 5.847
7610 167.0 10.070 5.732
7620 167.0 9.948 6.215
7630 167.0 9.387 6.341
7640 167.0 7.872 7.222
7650 167.0 9.752 6.211
7660 167.0 7.730 6.313
7670 167.0 9.003 5.668
7680 167.0 7.140 6.526
7690 167.0 4.752 8.270
7530 162.0 6.101 3.553
7540 162.0 5.704 3.580
7550 162.0 5.333 3.684
7560 162.0 4.962 3.788
7570 162.0 4.592 3.891
7580 162.0 4.221 3.995
7590 162.0 3.884 4.129
7600 162.0 3.597 4.308
7610 162.0 4.111 4.341
7620 162.0 3.215 4.665
7630 162.0 3.029 4.819
7640 162.0 2.770 5.009
7650 162.0 1.898 5.411
7660 162.0 1.992 5.712
7670 162.0 1.059 6.060
7680 162.0 0.943 5.954
7690 162.0 0.678 6.630
7700 162.0 -0.015 6.706
7710 162.0 -0.514 6.767
7720 162.0 -0.719 7.131
7530 165.0 6.677 5.614
7540 165.0 6.325 5.692
7550 165.0 5.973 5.770
7560 165.0 5.620 5.848
7570 165.0 5.263 5.922
7580 165.0 4.860 5.951
7590 165.0 4.456 5.980
7600 165.0 4.052 6.009
7610 165.0 4.165 6.047
7620 165.0 3.884 5.896
7630 165.0 3.231 6.159
7640 165.0 2.692 5.968
7650 165.0 3.202 6.048
7660 165.0 2.150 6.028
7670 165.0 1.957 5.165
7680 165.0 1.784 5.682
7690 165.0 1.463 5.457
7700 165.0 0.067 6.332
7710 165.0 -0.589 5.599
7720 165.0 0.312 5.963
7630 168.0 0.081 3.313
7640 168.0 0.583 3.327
7650 168.0 1.084 3.341
7660 168.0 1.585 3.355
7670 168.0 2.103 3.374
7680 168.0 2.659 3.402
7690 168.0 3.214 3.431
7700 168.0 3.770 3.460
7710 168.0 1.987 3.898
7720 168.0 2.438 3.275
7730 168.0 2.472 3.571
7740 168.0 2.502 3.586
7750 168.0 3.171 3.601
7760 168.0 3.057 3.794
7770 168.0 2.879 3.600
7780 168.0 3.539 3.449
7790 168.0 3.177 3.433
7800 168.0 2.854 3.509
7810 168.0 4.043 3.629
7820 168.0 3.355 3.665
7670 169.0 15.131 4.621
7680 169.0 14.644 4.651
7690 169.0 14.158 4.681
7700 169.0 13.671 4.710
7710 169.0 13.181 4.691
7720 169.0 12.688 4.623
7730 169.0 12.195 4.555
7740 169.0 11.702 4.487
7750 169.0 12.175 4.628
7760 169.0 11.983 4.524
7770 169.0 10.261 4.460
7780 169.0 10.677 4.125
7790 169.0 10.982 4.390
7800 169.0 10.047 4.488
7810 169.0 9.778 4.263
7820 169.0 9.452 4.926
7830 169.0 9.280 4.690
7840 169.0 9.057 5.243
7850 169.0 9.697 4.345
7860 169.0 8.952 4.518
7700 171.0 14.932 3.519
7710 171.0 14.354 3.571
7720 171.0 13.775 3.623
7730 171.0 13.196 3.675
7740 171.0 12.713 3.731
7750 171.0 12.231 3.788
7760 171.0 11.748 3.844
7770 171.0 11.235 3.894
7780 171.0 10.900 3.892
7790 171.0 10.511 3.389
7800 171.0 10.580 3.697
7810 171.0 9.478 3.647
7820 171.0 9.452 3.297
7830 171.0 8.009 3.094
7840 171.0 8.730 3.074
7850 171.0 8.997 3.251
7860 171.0 9.051 2.930
7870 171.0 9.652 2.790
7880 171.0 9.837 3.308
7890 171.0 8.672 3.406
7760 172.0 0.141 2.857
7770 172.0 0.489 2.893
7780 172.0 0.837 2.930
7790 172.0 1.185 2.967
7800 172.0 1.533 3.004
7810 172.0 1.881 3.040
7820 172.0 2.273 3.062
7830 172.0 2.694 3.073
7840 172.0 2.843 2.665
7850 172.0 3.455 2.711
7860 172.0 2.840 2.646
7870 172.0 2.510 3.077
7880 172.0 2.227 3.052
7890 172.0 2.710 2.941
7900 172.0 2.885 2.995
7910 172.0 3.302 2.844
7920 172.0 3.286 2.731
7930 172.0 3.710 2.896
7940 172.0 2.711 2.945
7950 172.0 3.016 2.466
7770 173.0 -0.049 3.810
7780 173.0 0.390 3.831
7790 173.0 0.829 3.851
7800 173.0 1.268 3.872
7810 173.0 1.704 3.891
7820 173.0 2.111 3.901
7830 173.0 2.519 3.911
7840 173.0 2.927 3.921
7850 173.0 1.494 4.023
7860 173.0 1.816 3.430
7870 173.0 2.312 3.784
7880 173.0 2.147 3.633
7890 173.0 2.330 3.790
7900 173.0 2.487 3.318
7910 173.0 2.640 3.891
7920 173.0 2.678 3.841
7930 173.0 3.393 3.420
7940 173.0 3.789 3.429
7950 173.0 3.386 3.111
7960 173.0 2.911 3.659
7870 170.0 6.528 5.487
7880 170.0 6.087 5.644
7890 170.0 5.646 5.800
7900 170.0 5.228 5.956
7910 170.0 4.818 6.110
7920 170.0 4.408 6.265
7930 170.0 3.999 6.420
7940 170.0 3.612 6.517
7950 170.0 4.119 6.509
7960 170.0 3.645 6.845
7970 170.0 3.370 7.164
7980 170.0 2.549 7.694
7990 170.0 2.174 7.586
8000 170.0 1.634 7.593
8010 170.0 0.623 8.087
8020 170.0 0.212 8.430
8030 170.0 0.566 8.189
8040 170.0 -1.059 9.326
8050 170.0 -0.183 9.273
8060 170.0 -1.507 9.359
8360 174.0 0.245 3.588
8370 174.0 0.796 3.672
8380 174.0 1.348 3.756
8390 174.0 1.900 3.840
8400 174.0 2.447 3.897
8410 174.0 2.989 3.914
8420 174.0 3.530 3.931
8430 174.0 4.071 3.948
8440 174.0 4.043 3.400
8450 174.0 2.944 3.525
8460 174.0 3.424 3.907
8470 174.0 3.294 3.633
8480 174.0 4.070 3.536
8490 174.0 3.520 3.819
8500 174.0 4.132 3.591
8510 174.0 3.764 3.871
8520 174.0 3.769 3.961
8530 174.0 3.806 3.137
8540 174.0 3.604 3.481
8550 174.0 3.590 3.513
8400 175.0 15.225 6.579
8410 175.0 14.637 6.447
8420 175.0 14.049 6.315
8430 175.0 13.461 6.184
8440 175.0 12.850 6.065
8450 175.0 12.233 5.950
8460 175.0 11.616 5.835
8470 175.0 11.009 5.720
8480 175.0 12.126 5.809
8490 175.0 11.428 5.777
8500 175.0 10.066 6.555
8510 175.0 10.536 6.110
8520 175.0 10.166 6.275
8530 175.0 10.706 6.010
8540 175.0 10.143 5.786
8550 175.0 11.106 6.052
8560 175.0 10.541 5.993
8570 175.0 9.841 5.893
8580 175.0 9.297 6.257
8590 175.0 10.740 6.263
8550 183.0 0.462 8.765
8560 183.0 0.574 8.614
8570 183.0 0.686 8.463
8580 183.0 0.798 8.312
8590 183.0 0.846 8.173
8600 183.0 0.878 8.038
8610 183.0 0.910 7.903
8620 183.0 0.942 7.768
8630 183.0 1.230 7.568
8640 183.0 0.830 7.419
8650 183.0 1.408 7.026
8660 183.0 1.640 6.963
8670 183.0 1.889 6.413
8680 183.0 2.270 6.282
8690 183.0 2.063 6.205
8700 183.0 2.866 6.191
8710 183.0 2.691 6.346
8720 183.0 1.488 7.168
8730 183.0 2.563 6.565
8740 183.0 3.349 5.475
8580 176.0 7.183 -0.375
8590 176.0 6.941 0.305
8600 176.0 6.699 0.986
8610 176.0 6.367 1.865
8620 176.0 6.013 2.795
8630 176.0 5.732 3.166
8640 176.0 5.459 3.476
8650 176.0 5.235 3.767
8660 176.0 5.810 3.240
8670 176.0 5.511 4.062
8680 176.0 4.954 3.156
8690 176.0 4.055 4.248
8700 176.0 4.470 4.186
8710 176.0 3.659 4.378
8720 176.0 2.792 5.304
8730 176.0 3.978 5.195
8740 176.0 2.510 7.010
8750 176.0 3.237 5.087
8760 176.0 4.980 5.995
8770 176.0 2.672 4.239
8600 177.0 7.726 -0.290
8610 177.0 7.610 -0.035
8620 177.0 7.494 0.221
8630 177.0 7.378 0.476
8640 177.0 7.053 0.856
8650 177.0 6.705 1.251
8660 177.0 6.351 1.642
8670 177.0 5.985 2.021
8680 177.0 5.389 1.838
8690 177.0 4.994 2.062
8700 177.0 4.246 2.431
8710 177.0 4.288 2.054
8720 177.0 3.856 2.653
8730 177.0 2.610 3.279
8740 177.0 2.017 3.952
8750 177.0 2.839 3.652
8760 177.0 1.161 4.282
8770 177.0 1.400 3.654
8780 177.0 0.431 3.996
8790 177.0 0.766 4.398
8620 178.0 15.186 4.796
8630 178.0 14.727 4.959
8640 178.0 14.268 5.121
8650 178.0 13.799 5.223
8660 178.0 13.319 5.265
8670 178.0 12.840 5.306
8680 178.0 12.371 5.242
8690 178.0 11.908 5.108
8700 178.0 11.366 6.169
8710 178.0 11.361 6.351
8720 178.0 10.176 6.890
8730 178.0 10.023 6.617
8740 178.0 9.316 7.204
8750 178.0 8.859 7.747
8760 178.0 6.751 8.314
8770 178.0 7.371 8.380
8780 178.0 8.961 7.335
8790 178.0 8.918 7.010
8800 178.0 7.754 7.159
8810 178.0 7.394 7.917
8650 179.0 14.926 4.597
8660 179.0 14.527 4.671
8670 179.0 14.128 4.745
8680 179.0 13.707 4.792
8690 179.0 13.235 4.776
8700 179.0 12.764 4.759
8710 179.0 12.327 4.733
8720 179.0 11.942 4.692
8730 179.0 12.114 4.815
8740 179.0 12.045 4.658
8750 179.0 11.141 4.786
8760 179.0 11.384 4.580
8770 179.0 10.397 4.768
8780 179.0 10.100 4.595
8790 179.0 10.160 4.365
8800 179.0 8.758 4.185
8810 179.0 8.797 4.274
8820 179.0 8.605 4.394
8830 179.0 8.442 4.332
8840 179.0 8.574 4.392
8660 180.0 14.863 2.381
8670 180.0 14.247 2.440
8680 180.0 13.631 2.500
8690 180.0 13.021 2.524
8700 180.0 12.417 2.511
8710 180.0 11.813 2.498
8720 180.0 11.210 2.486
8730 180.0 10.603 2.511
8740 180.0 11.674 2.683
8750 180.0 11.326 3.083
8760 180.0 11.073 2.882
8770 180.0 11.519 2.672
8780 180.0 10.329 3.454
8790 180.0 10.958 3.374
8800 180.0 10.598 3.743
8810 180.0 9.794 3.619
8820 180.0 9.415 4.188
8830 180.0 9.516 4.412
8840 180.0 9.048 4.486
8850 180.0 9.442 4.606
8660 181.0 15.027 3.150
8670 181.0 14.444 3.194
8680 181.0 13.860 3.237
8690 181.0 13.233 3.289
8700 181.0 12.596 3.344
8710 181.0 11.959 3.399
8720 181.0 11.324 3.447
8730 181.0 10.698 3.482
8740 181.0 11.136 3.157
8750 181.0 10.791 3.318
8760 181.0 10.622 3.036
8770 181.0 9.553 2.824
8780 181.0 10.469 2.202
8790 181.0 8.659 2.669
8800 181.0 9.723 2.781
8810 181.0 9.422 2.435
8820 181.0 7.925 2.977
8830 181.0 8.608 2.606
8840 181.0 8.512 3.169
8850 181.0 10.213 3.016
8660 182.0 15.060 5.432
8670 182.0 14.519 5.523
8680 182.0 13.978 5.614
8690 182.0 13.527 5.673
8700 182.0 13.099 5.724
8710 182.0 12.670 5.776
8720 182.0 12.207 5.744
8730 182.0 11.744 5.712
8740 182.0 12.599 5.553
8750 182.0 12.403 5.590
8760 182.0 11.428 5.550
8770 182.0 11.240 5.722
8780 182.0 12.242 5.535
8790 182.0 11.668 5.678
8800 182.0 10.529 5.902
8810 182.0 10.445 6.436
8820 182.0 10.430 6.281
8830 182.0 9.359 6.156
8840 182.0 8.963 6.128
8850 182.0 10.394 6.140
8750 184.0 1.453 6.832
8760 184.0 1.440 6.823
8770 184.0 1.427 6.814
8780 184.0 1.414 6.806
8790 184.0 1.401 6.797
8800 184.0 1.388 6.788
8810 184.0 1.375 6.780
8820 184.0 1.362 6.771
8830 184.0 1.449 6.796
8840 184.0 1.457 6.775
8850 184.0 1.416 6.755
8860 184.0 1.498 6.757
8870 184.0 1.493 6.737
8880 184.0 1.491 6.714
8890 184.0 1.487 6.709
8900 184.0 1.498 6.781
8910 184.0 1.538 6.798
8920 184.0 1.484 6.765
8930 184.0 1.512 6.734
8940 184.0 1.511 6.797
