0 1.0 0.295 8.091
10 1.0 1.031 7.852
20 1.0 1.768 7.613
30 1.0 2.515 7.364
40 1.0 3.279 7.099
50 1.0 4.043 6.834
60 1.0 4.851 6.618
70 1.0 5.677 6.424
80 1.0 3.777 6.533
90 1.0 4.948 5.995
100 1.0 5.408 5.642
110 1.0 4.765 5.698
120 1.0 4.419 6.160
130 1.0 6.394 4.711
140 1.0 5.706 5.188
150 1.0 7.474 4.348
160 1.0 5.380 4.836
170 1.0 6.103 4.512
180 1.0 6.783 4.448
190 1.0 5.403 4.898
10 2.0 0.279 9.989
20 2.0 1.064 9.859
30 2.0 1.848 9.729
40 2.0 2.611 9.567
50 2.0 3.363 9.393
60 2.0 4.112 9.202
70 2.0 4.821 8.857
80 2.0 5.531 8.512
90 2.0 4.523 8.834
100 2.0 4.936 8.677
110 2.0 4.411 8.587
120 2.0 4.156 8.979
130 2.0 5.366 8.088
140 2.0 6.158 7.742
150 2.0 5.837 8.112
160 2.0 5.993 8.279
170 2.0 6.094 7.723
180 2.0 6.140 7.471
190 2.0 5.694 6.669
200 2.0 4.683 8.023
230 4.0 15.294 9.097
240 4.0 14.615 9.162
250 4.0 13.936 9.228
260 4.0 13.240 9.338
270 4.0 12.529 9.495
280 4.0 11.818 9.651
290 4.0 11.139 9.851
300 4.0 10.483 10.080
310 4.0 11.814 9.509
320 4.0 11.522 9.828
330 4.0 10.603 10.556
340 4.0 10.443 10.285
350 4.0 10.029 10.122
360 4.0 9.189 10.750
370 4.0 8.056 11.525
380 4.0 8.048 11.659
390 4.0 7.990 11.031
400 4.0 9.262 10.399
410 4.0 8.439 11.658
420 4.0 9.554 11.667
240 5.0 15.042 8.569
250 5.0 14.351 8.580
260 5.0 13.659 8.592
270 5.0 12.948 8.773
280 5.0 12.237 8.954
290 5.0 11.525 9.134
300 5.0 10.804 9.309
310 5.0 10.084 9.483
320 5.0 11.412 9.149
330 5.0 10.834 9.894
340 5.0 9.700 9.957
350 5.0 9.052 10.423
360 5.0 8.490 10.495
370 5.0 8.872 10.731
380 5.0 9.802 10.321
390 5.0 7.229 11.296
400 5.0 8.978 10.370
410 5.0 6.903 10.947
420 5.0 7.256 10.876
430 5.0 6.489 12.033
500 6.0 15.005 9.014
510 6.0 14.576 8.981
520 6.0 14.148 8.946
530 6.0 13.712 8.922
540 6.0 13.265 8.912
550 6.0 12.817 8.902
560 6.0 12.329 9.004
570 6.0 11.840 9.107
580 6.0 11.895 8.676
590 6.0 11.335 8.679
600 6.0 10.492 8.918
610 6.0 10.453 9.258
620 6.0 11.363 8.435
630 6.0 11.054 8.441
640 6.0 10.604 8.804
650 6.0 9.376 8.797
660 6.0 10.265 9.534
670 6.0 8.510 9.071
680 6.0 9.380 9.284
690 6.0 8.547 8.651
610 7.0 11.282 8.098
620 7.0 10.821 8.258
630 7.0 10.393 8.445
640 7.0 10.014 8.676
650 7.0 9.635 8.907
660 7.0 9.253 9.150
670 7.0 8.865 9.411
680 7.0 8.476 9.672
690 7.0 7.815 9.881
700 7.0 7.804 9.900
710 7.0 7.252 10.432
720 7.0 6.534 10.812
730 7.0 5.986 10.909
740 7.0 6.531 10.715
750 7.0 4.280 11.623
760 7.0 5.319 11.033
770 7.0 5.669 10.616
780 7.0 4.655 11.193
790 7.0 4.340 11.697
800 7.0 4.838 12.123
610 8.0 0.183 11.741
620 8.0 0.780 11.617
630 8.0 1.378 11.493
640 8.0 1.969 11.410
650 8.0 2.557 11.344
660 8.0 3.145 11.278
670 8.0 3.740 11.234
680 8.0 4.338 11.196
690 8.0 2.501 11.666
700 8.0 3.114 11.502
710 8.0 4.210 11.661
720 8.0 3.866 11.497
730 8.0 3.850 11.663
740 8.0 3.790 11.486
750 8.0 4.184 11.544
760 8.0 4.185 11.424
770 8.0 4.412 11.085
780 8.0 3.870 11.164
790 8.0 4.311 11.474
800 8.0 4.159 11.870
680 9.0 15.115 9.127
690 9.0 14.450 9.261
700 9.0 13.785 9.395
710 9.0 13.126 9.534
720 9.0 12.479 9.681
730 9.0 11.831 9.827
740 9.0 11.164 9.893
750 9.0 10.493 9.939
760 9.0 11.522 9.815
770 9.0 11.237 9.651
780 9.0 10.387 10.031
790 9.0 10.143 9.914
800 9.0 8.990 10.589
810 9.0 9.319 10.346
820 9.0 9.695 10.872
830 9.0 9.072 10.986
840 9.0 9.055 10.892
850 9.0 7.849 11.228
860 9.0 8.239 11.856
870 9.0 5.955 12.744
680 10.0 15.159 8.389
690 10.0 14.472 8.508
700 10.0 13.784 8.628
710 10.0 13.097 8.747
720 10.0 12.438 8.846
730 10.0 11.784 8.944
740 10.0 11.122 9.037
750 10.0 10.435 9.117
760 10.0 10.492 8.913
770 10.0 10.990 8.467
780 10.0 11.129 8.661
790 10.0 10.353 8.929
800 10.0 10.166 8.960
810 10.0 9.439 9.359
820 10.0 9.608 9.608
830 10.0 8.605 9.588
840 10.0 8.472 10.498
850 10.0 9.844 9.704
860 10.0 8.633 11.019
870 10.0 8.856 10.343
680 12.0 10.430 6.345
690 12.0 10.264 6.005
700 12.0 10.099 5.665
710 12.0 9.933 5.325
720 12.0 9.741 4.920
730 12.0 9.524 4.451
740 12.0 9.306 3.982
750 12.0 9.122 3.556
760 12.0 9.956 3.200
770 12.0 10.085 1.761
780 12.0 9.802 2.169
790 12.0 9.738 0.791
800 12.0 10.063 1.522
810 12.0 9.777 0.500
820 12.0 9.682 0.720
830 12.0 9.861 0.024
840 12.0 9.730 1.400
850 12.0 9.736 -2.282
860 12.0 9.658 -1.510
870 12.0 9.646 -1.112
750 11.0 0.088 7.704
760 11.0 0.636 7.441
770 11.0 1.183 7.179
780 11.0 1.733 6.910
790 11.0 2.297 6.618
800 11.0 2.860 6.325
810 11.0 3.427 6.039
820 11.0 4.023 5.807
830 11.0 3.792 5.682
840 11.0 2.825 5.672
850 11.0 4.013 5.290
860 11.0 4.866 5.002
870 11.0 5.942 4.559
880 11.0 5.704 4.675
890 11.0 6.747 3.443
900 11.0 5.510 3.783
910 11.0 8.386 2.209
920 11.0 7.293 3.540
930 11.0 6.808 3.585
940 11.0 5.954 3.907
890 13.0 15.111 8.759
900 13.0 14.495 8.776
910 13.0 13.879 8.793
920 13.0 13.255 8.833
930 13.0 12.602 8.965
940 13.0 11.949 9.096
950 13.0 11.298 9.246
960 13.0 10.653 9.439
970 13.0 10.791 9.304
980 13.0 10.667 9.327
990 13.0 10.021 8.891
1000 13.0 9.375 9.987
1010 13.0 10.196 9.563
1020 13.0 9.911 9.825
1030 13.0 10.216 9.703
1040 13.0 9.097 9.589
1050 13.0 8.973 10.640
1060 13.0 9.202 10.190
1070 13.0 7.943 10.241
1080 13.0 8.951 10.292
1130 18.0 15.426 8.393
1140 18.0 14.639 8.472
1150 18.0 13.852 8.552
1160 18.0 13.064 8.632
1170 18.0 12.270 8.799
1180 18.0 11.475 8.975
1190 18.0 10.682 9.135
1200 18.0 9.898 9.225
1210 18.0 9.868 9.320
1220 18.0 9.790 9.554
1230 18.0 8.626 10.326
1240 18.0 9.404 9.893
1250 18.0 8.636 10.480
1260 18.0 9.416 9.786
1270 18.0 8.664 10.200
1280 18.0 8.407 10.562
1290 18.0 8.022 11.036
1300 18.0 9.004 10.245
1310 18.0 9.212 10.489
1320 18.0 8.322 10.000
1140 21.0 1.136 7.652
1150 21.0 1.552 7.805
1160 21.0 1.967 7.958
1170 21.0 2.383 8.111
1180 21.0 2.813 8.267
1190 21.0 3.304 8.434
1200 21.0 3.795 8.601
1210 21.0 4.281 8.754
1220 21.0 3.133 8.580
1230 21.0 3.492 8.904
1240 21.0 3.296 8.377
1250 21.0 2.597 8.712
1260 21.0 3.100 8.552
1270 21.0 3.234 8.397
1280 21.0 3.548 8.706
1290 21.0 3.735 8.143
1300 21.0 3.670 8.056
1310 21.0 3.888 8.170
1320 21.0 4.239 7.987
1330 21.0 3.688 7.959
1160 19.0 12.242 7.491
1170 19.0 11.891 7.520
1180 19.0 11.540 7.549
1190 19.0 11.190 7.578
1200 19.0 10.763 7.634
1210 19.0 10.285 7.707
1220 19.0 9.808 7.780
1230 19.0 9.168 7.962
1240 19.0 10.021 8.186
1250 19.0 9.647 8.292
1260 19.0 8.913 8.079
1270 19.0 9.211 7.959
1280 19.0 8.455 7.910
1290 19.0 7.831 7.946
1300 19.0 7.482 7.644
1310 19.0 7.407 8.171
1320 19.0 7.130 8.604
1330 19.0 6.243 8.531
1340 19.0 6.397 8.946
1350 19.0 6.855 9.323
1200 20.0 11.991 8.161
1210 20.0 11.435 8.276
1220 20.0 10.879 8.390
1230 20.0 10.358 8.493
1240 20.0 9.851 8.590
1250 20.0 9.345 8.687
1260 20.0 8.766 8.735
1270 20.0 8.187 8.783
1280 20.0 9.397 8.824
1290 20.0 8.307 9.372
1300 20.0 7.626 9.325
1310 20.0 8.338 9.321
1320 20.0 6.317 10.027
1330 20.0 6.156 10.258
1340 20.0 4.817 10.669
1350 20.0 6.913 9.600
1360 20.0 6.374 10.309
1370 20.0 5.471 10.571
1380 20.0 6.509 10.159
1390 20.0 7.324 9.432
1230 25.0 3.849 4.590
1240 25.0 4.039 4.668
1250 25.0 4.229 4.747
1260 25.0 4.419 4.825
1270 25.0 4.609 4.903
1280 25.0 4.798 4.981
1290 25.0 4.988 5.060
1300 25.0 5.225 5.100
1310 25.0 5.203 5.165
1320 25.0 6.035 5.203
1330 25.0 6.076 4.987
1340 25.0 6.335 4.713
1350 25.0 6.614 4.958
1360 25.0 6.823 4.399
1370 25.0 6.875 4.548
1380 25.0 6.904 4.338
1390 25.0 6.766 4.617
1400 25.0 6.522 4.497
1410 25.0 7.111 4.220
1420 25.0 7.467 4.446
1310 22.0 14.781 5.883
1320 22.0 14.322 5.852
1330 22.0 13.863 5.821
1340 22.0 13.405 5.791
1350 22.0 12.965 5.789
1360 22.0 12.544 5.817
1370 22.0 12.123 5.845
1380 22.0 11.702 5.873
1390 22.0 12.095 5.546
1400 22.0 11.236 6.273
1410 22.0 11.624 5.518
1420 22.0 9.809 5.420
1430 22.0 11.179 5.403
1440 22.0 10.401 4.784
1450 22.0 9.680 5.249
1460 22.0 9.675 4.804
1470 22.0 8.966 5.189
1480 22.0 8.866 5.336
1490 22.0 9.965 5.552
1500 22.0 8.811 5.184
1310 23.0 14.939 5.155
1320 23.0 14.500 5.155
1330 23.0 14.060 5.155
1340 23.0 13.621 5.155
1350 23.0 13.176 5.166
1360 23.0 12.731 5.180
1370 23.0 12.285 5.194
1380 23.0 11.849 5.189
1390 23.0 12.212 5.106
1400 23.0 11.374 4.843
1410 23.0 9.902 4.760
1420 23.0 11.166 5.217
1430 23.0 11.063 4.820
1440 23.0 10.185 4.760
1450 23.0 9.935 4.604
1460 23.0 9.925 5.304
1470 23.0 9.366 5.156
1480 23.0 9.601 4.931
1490 23.0 9.702 5.495
1500 23.0 8.496 5.409
1310 24.0 14.936 4.413
1320 24.0 14.479 4.399
1330 24.0 14.022 4.385
1340 24.0 13.565 4.372
1350 24.0 13.126 4.347
1360 24.0 12.695 4.318
1370 24.0 12.263 4.289
1380 24.0 11.832 4.260
1390 24.0 12.035 4.347
1400 24.0 12.704 4.079
1410 24.0 12.046 4.421
1420 24.0 11.863 4.135
1430 24.0 10.971 4.404
1440 24.0 11.352 3.636
1450 24.0 10.784 4.557
1460 24.0 10.049 4.835
1470 24.0 9.289 5.066
1480 24.0 9.639 4.871
1490 24.0 9.761 5.002
1500 24.0 8.702 5.615
1370 27.0 6.367 0.491
1380 27.0 6.390 1.139
1390 27.0 6.412 1.787
1400 27.0 6.428 2.382
1410 27.0 6.440 2.955
1420 27.0 6.452 3.527
1430 27.0 6.461 4.085
1440 27.0 6.461 4.580
1450 27.0 6.800 5.489
1460 27.0 6.772 5.273
1470 27.0 7.055 5.470
1480 27.0 7.061 6.051
1490 27.0 6.887 6.709
1500 27.0 7.621 7.278
1510 27.0 7.200 7.508
1520 27.0 7.050 7.190
1530 27.0 7.240 9.221
1540 27.0 6.899 8.053
1550 27.0 7.107 5.797
1560 27.0 6.749 8.378
1430 26.0 8.171 6.327
1440 26.0 8.321 6.402
1450 26.0 8.470 6.478
1460 26.0 8.611 6.546
1470 26.0 8.743 6.607
1480 26.0 8.875 6.668
1490 26.0 9.007 6.729
1500 26.0 9.101 6.781
1510 26.0 9.117 6.635
1520 26.0 8.887 6.646
1530 26.0 8.854 6.809
1540 26.0 9.191 6.874
1550 26.0 9.228 6.978
1560 26.0 9.197 7.028
1570 26.0 9.368 6.968
1580 26.0 9.333 6.996
1590 26.0 9.971 7.322
1600 26.0 9.537 7.355
1610 26.0 10.012 7.255
1620 26.0 10.048 7.082
1560 28.0 9.766 9.217
1570 28.0 9.769 9.169
1580 28.0 9.771 9.120
1590 28.0 9.774 9.072
1600 28.0 9.776 9.024
1610 28.0 9.778 8.976
1620 28.0 9.781 8.927
1630 28.0 9.783 8.879
1640 28.0 9.815 8.947
1650 28.0 10.014 8.936
1660 28.0 9.910 8.857
1670 28.0 9.737 8.990
1680 28.0 9.738 9.004
1690 28.0 9.709 8.999
1700 28.0 9.743 8.983
1710 28.0 9.719 9.062
1720 28.0 9.700 9.090
1730 28.0 9.646 9.128
1740 28.0 9.749 9.047
1750 28.0 9.725 9.050
1560 29.0 0.844 7.509
1570 29.0 1.049 7.352
1580 29.0 1.254 7.195
1590 29.0 1.459 7.038
1600 29.0 1.664 6.881
1610 29.0 1.967 6.760
1620 29.0 2.295 6.647
1630 29.0 2.623 6.535
1640 29.0 2.397 6.758
1650 29.0 2.760 6.624
1660 29.0 2.623 6.735
1670 29.0 3.433 6.424
1680 29.0 2.975 6.442
1690 29.0 2.642 6.155
1700 29.0 3.254 6.352
1710 29.0 4.043 5.944
1720 29.0 4.548 5.929
1730 29.0 5.205 5.420
1740 29.0 5.526 5.380
1750 29.0 5.263 4.899
1780 30.0 12.813 9.162
1790 30.0 12.238 9.393
1800 30.0 11.663 9.623
1810 30.0 11.091 9.861
1820 30.0 10.527 10.115
1830 30.0 9.964 10.369
1840 30.0 9.398 10.622
1850 30.0 8.823 10.869
1860 30.0 7.956 11.354
1870 30.0 8.273 11.457
1880 30.0 7.654 11.613
1890 30.0 7.049 12.021
1900 30.0 6.795 12.168
1910 30.0 6.675 12.260
1920 30.0 7.355 12.546
1930 30.0 6.664 12.958
1940 30.0 7.517 12.183
1950 30.0 4.604 13.777
1960 30.0 6.310 13.530
1970 30.0 5.522 14.064
1780 31.0 1.784 11.060
1790 31.0 2.400 10.857
1800 31.0 3.016 10.654
1810 31.0 3.591 10.450
1820 31.0 4.140 10.245
1830 31.0 4.689 10.041
1840 31.0 5.321 9.899
1850 31.0 5.975 9.774
1860 31.0 5.000 9.432
1870 31.0 5.907 9.044
1880 31.0 5.829 9.040
1890 31.0 6.494 9.006
1900 31.0 6.592 8.940
1910 31.0 6.808 8.405
1920 31.0 6.102 7.934
1930 31.0 6.602 7.971
1940 31.0 7.749 7.955
1950 31.0 7.485 7.867
1960 31.0 6.792 8.248
1970 31.0 8.900 6.946
2040 33.0 0.146 10.352
2050 33.0 0.763 10.294
2060 33.0 1.380 10.237
2070 33.0 1.996 10.154
2080 33.0 2.613 9.974
2090 33.0 3.230 9.792
2100 33.0 3.825 9.619
2110 33.0 4.370 9.462
2120 33.0 3.699 9.738
2130 33.0 4.030 9.393
2140 33.0 4.842 9.042
2150 33.0 4.660 9.052
2160 33.0 5.775 8.330
2170 33.0 4.569 8.541
2180 33.0 5.377 8.066
2190 33.0 4.722 8.250
2200 33.0 6.259 8.006
2210 33.0 5.346 8.286
2220 33.0 5.528 8.371
2230 33.0 6.215 7.934
2110 35.0 0.182 8.361
2120 35.0 0.638 8.321
2130 35.0 1.094 8.281
2140 35.0 1.560 8.228
2150 35.0 2.040 8.153
2160 35.0 2.520 8.079
2170 35.0 2.993 8.024
2180 35.0 3.437 8.050
2190 35.0 2.284 8.040
2200 35.0 1.609 8.596
2210 35.0 2.329 8.554
2220 35.0 2.857 8.385
2230 35.0 3.317 8.170
2240 35.0 3.465 8.542
2250 35.0 2.992 8.443
2260 35.0 3.633 8.414
2270 35.0 3.828 8.107
2280 35.0 4.201 8.315
2290 35.0 3.535 8.183
2300 35.0 4.249 8.289
2150 36.0 14.859 6.125
2160 36.0 14.227 6.202
2170 36.0 13.596 6.278
2180 36.0 12.975 6.344
2190 36.0 12.369 6.391
2200 36.0 11.762 6.439
2210 36.0 11.103 6.487
2220 36.0 10.438 6.535
2230 36.0 10.859 5.970
2240 36.0 10.267 6.039
2250 36.0 9.900 5.842
2260 36.0 9.140 6.832
2270 36.0 9.644 6.205
2280 36.0 9.888 6.547
2290 36.0 8.007 6.826
2300 36.0 8.997 6.612
2310 36.0 8.643 6.651
2320 36.0 9.471 6.902
2330 36.0 7.891 6.891
2340 36.0 8.207 6.983
2200 37.0 6.003 12.440
2210 37.0 6.024 12.111
2220 37.0 6.046 11.782
2230 37.0 6.072 11.445
2240 37.0 6.109 11.091
2250 37.0 6.145 10.737
2260 37.0 6.175 10.379
2270 37.0 6.196 10.012
2280 37.0 6.064 10.288
2290 37.0 6.358 9.769
2300 37.0 5.968 9.491
2310 37.0 5.939 9.436
2320 37.0 6.111 8.434
2330 37.0 5.690 7.991
2340 37.0 5.922 7.169
2350 37.0 5.787 7.402
2360 37.0 6.117 6.930
2370 37.0 5.937 7.781
2380 37.0 5.801 6.397
2390 37.0 5.902 4.589
2440 40.0 14.886 6.563
2450 40.0 14.182 6.802
2460 40.0 13.477 7.040
2470 40.0 12.735 7.240
2480 40.0 11.989 7.435
2490 40.0 11.280 7.612
2500 40.0 10.587 7.781
2510 40.0 9.893 7.934
2520 40.0 9.547 7.664
2530 40.0 10.354 7.346
2540 40.0 8.958 7.772
2550 40.0 9.762 7.714
2560 40.0 8.634 8.187
2570 40.0 7.061 8.257
2580 40.0 8.441 7.389
2590 40.0 7.875 7.796
2600 40.0 6.099 9.683
2610 40.0 7.562 8.062
2620 40.0 8.406 8.051
2630 40.0 7.769 8.549
2440 41.0 15.281 9.021
2450 41.0 14.506 9.021
2460 41.0 13.732 9.021
2470 41.0 12.958 9.021
2480 41.0 12.151 9.196
2490 41.0 11.340 9.391
2500 41.0 10.535 9.598
2510 41.0 9.755 9.857
2520 41.0 10.238 9.614
2530 41.0 9.316 10.128
2540 41.0 9.507 10.190
2550 41.0 8.859 10.282
2560 41.0 8.955 9.930
2570 41.0 9.222 10.103
2580 41.0 7.558 10.210
2590 41.0 9.369 10.510
2600 41.0 9.429 9.596
2610 41.0 9.247 9.933
2620 41.0 8.802 10.681
2630 41.0 8.990 10.329
2730 43.0 15.235 9.047
2740 43.0 14.514 9.038
2750 43.0 13.793 9.029
2760 43.0 13.083 9.050
2770 43.0 12.409 9.193
2780 43.0 11.736 9.336
2790 43.0 11.073 9.602
2800 43.0 10.415 9.920
2810 43.0 11.003 9.289
2820 43.0 10.908 10.203
2830 43.0 10.300 9.842
2840 43.0 9.608 10.175
2850 43.0 8.570 11.024
2860 43.0 9.135 11.027
2870 43.0 8.463 10.829
2880 43.0 8.541 11.311
2890 43.0 8.908 11.218
2900 43.0 7.564 11.527
2910 43.0 7.373 12.565
2920 43.0 8.372 10.181
2730 44.0 10.049 6.892
2740 44.0 10.000 7.155
2750 44.0 9.951 7.418
2760 44.0 9.902 7.680
2770 44.0 9.841 7.998
2780 44.0 9.777 8.330
2790 44.0 9.706 8.588
2800 44.0 9.629 8.771
2810 44.0 10.024 8.812
2820 44.0 9.656 8.844
2830 44.0 9.830 8.696
2840 44.0 9.837 9.511
2850 44.0 9.858 9.178
2860 44.0 9.597 10.169
2870 44.0 9.679 10.535
2880 44.0 9.650 11.400
2890 44.0 9.706 11.096
2900 44.0 9.643 11.668
2910 44.0 9.649 11.654
2920 44.0 9.759 12.395
2950 46.0 15.113 7.655
2960 46.0 14.465 7.711
2970 46.0 13.818 7.766
2980 46.0 13.166 7.844
2990 46.0 12.503 7.976
3000 46.0 11.841 8.109
3010 46.0 11.213 8.249
3020 46.0 10.609 8.395
3030 46.0 11.399 8.601
3040 46.0 10.611 8.661
3050 46.0 10.252 9.221
3060 46.0 9.608 9.755
3070 46.0 9.527 9.792
3080 46.0 10.312 9.872
3090 46.0 10.225 10.318
3100 46.0 8.333 10.503
3110 46.0 11.005 9.504
3120 46.0 8.522 11.704
3130 46.0 7.259 11.813
3140 46.0 4.049 13.252
2960 47.0 14.691 8.306
2970 47.0 14.104 8.356
2980 47.0 13.515 8.413
2990 47.0 12.912 8.532
3000 47.0 12.309 8.651
3010 47.0 11.697 8.831
3020 47.0 11.084 9.018
3030 47.0 10.435 9.207
3040 47.0 11.059 8.887
3050 47.0 10.152 9.392
3060 47.0 10.982 8.975
3070 47.0 8.294 9.216
3080 47.0 9.299 9.485
3090 47.0 8.657 9.387
3100 47.0 8.028 9.373
3110 47.0 8.350 9.124
3120 47.0 8.529 9.644
3130 47.0 9.146 10.083
3140 47.0 9.647 9.358
3150 47.0 8.906 9.857
2960 48.0 14.707 9.007
2970 48.0 14.110 8.978
2980 48.0 13.512 8.950
2990 48.0 12.990 9.065
3000 48.0 12.467 9.180
3010 48.0 11.920 9.338
3020 48.0 11.315 9.596
3030 48.0 10.710 9.855
3040 48.0 11.086 9.961
3050 48.0 10.479 10.118
3060 48.0 10.723 10.003
3070 48.0 10.046 10.637
3080 48.0 9.816 10.638
3090 48.0 8.617 11.181
3100 48.0 8.025 11.383
3110 48.0 8.953 11.313
3120 48.0 8.723 11.617
3130 48.0 8.448 11.430
3140 48.0 6.614 12.152
3150 48.0 7.061 10.811
3010 49.0 8.891 8.481
3020 49.0 9.199 8.335
3030 49.0 9.506 8.188
3040 49.0 9.862 8.120
3050 49.0 10.264 8.130
3060 49.0 10.662 8.137
3070 49.0 11.037 8.128
3080 49.0 11.413 8.119
3090 49.0 10.795 8.223
3100 49.0 11.167 8.046
3110 49.0 11.045 8.246
3120 49.0 11.429 8.220
3130 49.0 11.475 8.301
3140 49.0 11.928 8.343
3150 49.0 12.461 8.568
3160 49.0 12.310 8.650
3170 49.0 12.644 8.580
3180 49.0 12.912 8.430
3190 49.0 13.563 8.607
3200 49.0 13.007 8.337
3040 50.0 0.112 10.188
3050 50.0 0.469 9.974
3060 50.0 0.827 9.759
3070 50.0 1.185 9.544
3080 50.0 1.547 9.360
3090 50.0 1.910 9.179
3100 50.0 2.273 8.997
3110 50.0 2.592 8.891
3120 50.0 3.111 8.576
3130 50.0 3.604 8.343
3140 50.0 3.898 8.284
3150 50.0 4.677 7.934
3160 50.0 5.243 7.632
3170 50.0 6.911 6.637
3180 50.0 5.150 7.387
3190 50.0 3.477 8.215
3200 50.0 7.245 6.621
3210 50.0 6.456 6.289
3220 50.0 9.709 5.401
3230 50.0 7.169 5.648
3100 52.0 0.118 12.916
3110 52.0 0.442 12.852
3120 52.0 0.766 12.788
3130 52.0 1.077 12.747
3140 52.0 1.382 12.716
3150 52.0 1.688 12.685
3160 52.0 1.940 12.641
3170 52.0 2.156 12.588
3180 52.0 1.939 12.443
3190 52.0 2.386 12.436
3200 52.0 2.391 12.467
3210 52.0 3.145 12.116
3220 52.0 3.616 12.330
3230 52.0 3.805 11.999
3240 52.0 4.046 11.887
3250 52.0 4.842 11.654
3260 52.0 5.597 11.498
3270 52.0 4.323 11.436
3280 52.0 5.402 11.050
3290 52.0 4.528 11.198
3200 54.0 14.702 9.063
3210 54.0 14.045 9.050
3220 54.0 13.343 9.157
3230 54.0 12.622 9.316
3240 54.0 11.954 9.510
3250 54.0 11.323 9.728
3260 54.0 10.689 9.946
3270 54.0 10.049 10.166
3280 54.0 11.040 10.165
3290 54.0 10.515 9.765
3300 54.0 10.126 9.788
3310 54.0 9.563 9.757
3320 54.0 9.443 10.341
3330 54.0 9.806 10.225
3340 54.0 9.273 10.370
3350 54.0 8.685 10.824
3360 54.0 8.430 10.346
3370 54.0 8.112 11.578
3380 54.0 7.926 11.233
3390 54.0 7.079 11.771
3240 51.0 4.206 8.429
3250 51.0 4.399 8.380
3260 51.0 4.735 8.292
3270 51.0 5.072 8.203
3280 51.0 5.409 8.114
3290 51.0 5.842 7.995
3300 51.0 6.274 7.876
3310 51.0 6.707 7.756
3320 51.0 6.712 7.267
3330 51.0 6.561 7.650
3340 51.0 6.848 7.675
3350 51.0 7.540 7.225
3360 51.0 7.449 7.030
3370 51.0 7.288 7.228
3380 51.0 6.187 7.185
3390 51.0 7.268 6.920
3400 51.0 7.902 6.649
3410 51.0 7.388 6.525
3420 51.0 7.698 6.480
3430 51.0 8.975 6.164
3300 53.0 3.967 10.755
3310 53.0 4.099 10.568
3320 53.0 4.230 10.382
3330 53.0 4.415 10.223
3340 53.0 4.600 10.064
3350 53.0 4.785 9.904
3360 53.0 4.984 9.729
3370 53.0 5.188 9.546
3380 53.0 5.493 9.589
3390 53.0 5.769 9.253
3400 53.0 6.097 9.107
3410 53.0 6.361 9.088
3420 53.0 6.491 8.756
3430 53.0 7.585 8.686
3440 53.0 6.681 8.891
3450 53.0 6.722 8.614
3460 53.0 7.501 8.062
3470 53.0 7.883 8.111
3480 53.0 9.624 7.475
3490 53.0 9.370 7.818
3460 55.0 -0.162 11.055
3470 55.0 0.728 10.958
3480 55.0 1.618 10.860
3490 55.0 2.498 10.782
3500 55.0 3.369 10.725
3510 55.0 4.240 10.667
3520 55.0 5.077 10.617
3530 55.0 5.893 10.573
3540 55.0 4.877 10.288
3550 55.0 3.924 10.219
3560 55.0 4.679 10.700
3570 55.0 3.600 10.668
3580 55.0 4.217 10.758
3590 55.0 4.864 10.878
3600 55.0 4.694 10.948
3610 55.0 4.404 10.821
3620 55.0 3.343 10.658
3630 55.0 4.008 10.422
3640 55.0 3.970 10.434
3650 55.0 4.392 10.340
3520 56.0 0.132 11.040
3530 56.0 0.816 10.938
3540 56.0 1.500 10.835
3550 56.0 2.181 10.742
3560 56.0 2.857 10.670
3570 56.0 3.533 10.597
3580 56.0 4.209 10.525
3590 56.0 4.888 10.440
3600 56.0 3.416 10.026
3610 56.0 4.318 9.788
3620 56.0 4.224 9.800
3630 56.0 4.284 10.056
3640 56.0 5.388 9.680
3650 56.0 4.908 9.653
3660 56.0 4.326 9.347
3670 56.0 5.413 9.340
3680 56.0 6.101 9.173
3690 56.0 6.934 9.493
3700 56.0 5.064 9.296
3710 56.0 4.333 10.351
3970 60.0 14.764 8.080
3980 60.0 14.000 8.292
3990 60.0 13.236 8.504
4000 60.0 12.553 8.806
4010 60.0 11.906 9.145
4020 60.0 11.256 9.497
4030 60.0 10.582 9.955
4040 60.0 9.909 10.413
4050 60.0 9.829 10.419
4060 60.0 9.089 10.736
4070 60.0 9.606 10.378
4080 60.0 7.553 11.275
4090 60.0 8.772 11.071
4100 60.0 7.844 11.648
4110 60.0 7.523 12.225
4120 60.0 7.122 12.296
4130 60.0 6.157 12.413
4140 60.0 9.065 11.597
4150 60.0 7.169 12.821
4160 60.0 8.816 11.986
3990 62.0 3.379 7.155
4000 62.0 3.688 7.436
4010 62.0 3.998 7.717
4020 62.0 4.307 7.998
4030 62.0 4.736 8.278
4040 62.0 5.285 8.559
4050 62.0 5.829 8.830
4060 62.0 6.352 9.069
4070 62.0 5.221 8.845
4080 62.0 5.409 8.647
4090 62.0 6.040 8.224
4100 62.0 6.021 8.150
4110 62.0 6.051 8.211
4120 62.0 5.629 8.051
4130 62.0 5.597 7.897
4140 62.0 6.361 7.925
4150 62.0 6.832 7.712
4160 62.0 6.531 7.490
4170 62.0 6.648 7.509
4180 62.0 6.992 7.458
4220 64.0 2.294 11.340
4230 64.0 2.925 11.140
4240 64.0 3.557 10.939
4250 64.0 4.180 10.707
4260 64.0 4.799 10.453
4270 64.0 5.417 10.200
4280 64.0 6.031 9.908
4290 64.0 6.640 9.558
4300 64.0 6.405 8.830
4310 64.0 6.999 8.465
4320 64.0 7.248 8.632
4330 64.0 7.243 9.060
4340 64.0 8.740 7.954
4350 64.0 8.963 7.299
4360 64.0 6.548 8.197
4370 64.0 8.253 7.963
4380 64.0 8.408 7.277
4390 64.0 8.836 8.077
4400 64.0 10.079 6.362
4410 64.0 9.613 6.954
4220 65.0 6.877 9.056
4230 65.0 6.742 9.588
4240 65.0 6.609 10.119
4250 65.0 6.417 10.683
4260 65.0 6.226 11.247
4270 65.0 6.044 11.685
4280 65.0 5.865 12.092
4290 65.0 5.680 12.478
4300 65.0 5.803 11.430
4310 65.0 6.344 11.310
4320 65.0 6.389 12.105
4330 65.0 6.358 12.307
4340 65.0 6.266 12.263
4350 65.0 6.231 12.297
4360 65.0 6.291 12.508
4370 65.0 6.230 13.534
4380 65.0 6.088 14.005
4390 65.0 5.983 13.755
4400 65.0 5.974 13.098
4410 65.0 5.895 13.530
4270 66.0 11.245 7.967
4280 66.0 10.843 8.112
4290 66.0 10.441 8.256
4300 66.0 10.039 8.401
4310 66.0 9.481 8.750
4320 66.0 8.922 9.098
4330 66.0 8.331 9.327
4340 66.0 7.691 9.375
4350 66.0 8.078 9.719
4360 66.0 7.719 9.616
4370 66.0 6.221 10.395
4380 66.0 6.030 10.487
4390 66.0 5.421 10.980
4400 66.0 4.444 11.382
4410 66.0 5.225 11.088
4420 66.0 3.862 11.812
4430 66.0 3.220 12.609
4440 66.0 5.043 11.128
4450 66.0 3.629 12.092
4460 66.0 3.533 12.480
4280 67.0 15.224 7.173
4290 67.0 14.450 7.106
4300 67.0 13.675 7.040
4310 67.0 12.888 6.993
4320 67.0 12.070 6.993
4330 67.0 11.253 6.993
4340 67.0 10.467 7.062
4350 67.0 9.695 7.162
4360 67.0 11.016 6.848
4370 67.0 10.265 7.562
4380 67.0 9.539 6.821
4390 67.0 9.740 6.856
4400 67.0 9.447 7.234
4410 67.0 10.453 7.516
4420 67.0 10.837 6.826
4430 67.0 9.689 7.226
4440 67.0 8.356 7.195
4450 67.0 7.953 7.925
4460 67.0 10.536 7.001
4470 67.0 8.912 7.439
4310 68.0 10.313 9.618
4320 68.0 9.892 9.484
4330 68.0 9.408 9.272
4340 68.0 8.829 8.944
4350 68.0 8.261 8.699
4360 68.0 7.698 8.478
4370 68.0 7.145 8.270
4380 68.0 6.609 8.067
4390 68.0 7.194 8.756
4400 68.0 7.986 8.744
4410 68.0 6.548 9.048
4420 68.0 7.769 8.893
4430 68.0 6.364 8.673
4440 68.0 5.846 8.916
4450 68.0 5.226 8.910
4460 68.0 5.741 8.600
4470 68.0 4.664 8.686
4480 68.0 5.162 9.005
4490 68.0 5.518 9.337
4500 68.0 5.300 8.694
4510 69.0 9.428 13.047
4520 69.0 9.374 12.790
4530 69.0 9.320 12.533
4540 69.0 9.266 12.276
4550 69.0 9.239 11.989
4560 69.0 9.239 11.670
4570 69.0 9.239 11.352
4580 69.0 9.245 11.037
4590 69.0 9.277 11.102
4600 69.0 9.503 10.262
4610 69.0 9.372 10.161
4620 69.0 9.666 9.332
4630 69.0 9.650 9.158
4640 69.0 9.583 8.472
4650 69.0 9.428 7.849
4660 69.0 9.591 7.329
4670 69.0 9.638 7.665
4680 69.0 9.690 6.877
4690 69.0 9.549 7.058
4700 69.0 9.286 6.174
4510 70.0 10.198 13.383
4520 70.0 10.227 13.070
4530 70.0 10.256 12.758
4540 70.0 10.268 12.460
4550 70.0 10.263 12.179
4560 70.0 10.257 11.897
4570 70.0 10.252 11.616
4580 70.0 10.273 11.304
4590 70.0 10.444 10.682
4600 70.0 10.193 9.899
4610 70.0 10.348 10.235
4620 70.0 10.009 9.444
4630 70.0 10.170 8.977
4640 70.0 10.323 9.061
4650 70.0 10.185 8.172
4660 70.0 10.304 6.551
4670 70.0 9.918 6.178
4680 70.0 9.902 5.615
4690 70.0 10.207 5.951
4700 70.0 10.106 5.380
4600 73.0 0.170 9.853
4610 73.0 0.818 9.816
4620 73.0 1.465 9.780
4630 73.0 2.099 9.725
4640 73.0 2.720 9.654
4650 73.0 3.342 9.558
4660 73.0 3.963 9.439
4670 73.0 4.583 9.318
4680 73.0 3.567 9.465
4690 73.0 2.761 9.991
4700 73.0 3.592 9.599
4710 73.0 3.489 9.630
4720 73.0 3.222 9.709
4730 73.0 3.176 9.874
4740 73.0 3.463 9.574
4750 73.0 4.210 9.706
4760 73.0 4.481 9.528
4770 73.0 3.683 9.614
4780 73.0 5.450 9.534
4790 73.0 3.414 9.956
4610 74.0 0.449 10.200
4620 74.0 1.178 10.123
4630 74.0 1.907 10.047
4640 74.0 2.593 10.002
4650 74.0 3.261 9.971
4660 74.0 3.919 9.920
4670 74.0 4.560 9.841
4680 74.0 5.214 9.762
4690 74.0 3.667 9.701
4700 74.0 3.100 9.788
4710 74.0 4.076 9.506
4720 74.0 4.434 9.358
4730 74.0 5.037 9.333
4740 74.0 5.983 8.841
4750 74.0 5.046 9.587
4760 74.0 5.016 9.398
4770 74.0 5.396 9.293
4780 74.0 4.848 9.469
4790 74.0 5.689 8.884
4800 74.0 5.285 8.779
4640 75.0 -0.100 11.481
4650 75.0 0.466 11.298
4660 75.0 1.033 11.114
4670 75.0 1.600 10.931
4680 75.0 2.176 11.006
4690 75.0 2.765 11.047
4700 75.0 3.458 10.859
4710 75.0 4.109 10.859
4720 75.0 4.096 10.598
4730 75.0 3.336 10.501
4740 75.0 3.774 10.193
4750 75.0 3.936 9.917
4760 75.0 4.376 10.145
4770 75.0 5.082 9.858
4780 75.0 3.756 10.286
4790 75.0 5.108 10.058
4800 75.0 4.664 9.944
4810 75.0 5.056 10.207
4820 75.0 5.105 10.151
4830 75.0 6.816 9.207
4680 76.0 0.328 7.055
4690 76.0 0.899 7.370
4700 76.0 1.470 7.686
4710 76.0 1.929 8.114
4720 76.0 2.340 8.592
4730 76.0 2.668 9.063
4740 76.0 2.940 9.530
4750 76.0 3.241 9.967
4760 76.0 2.869 9.574
4770 76.0 2.428 8.924
4780 76.0 2.594 9.198
4790 76.0 2.462 9.794
4800 76.0 2.648 11.069
4810 76.0 2.609 11.207
4820 76.0 2.525 10.852
4830 76.0 2.774 11.362
4840 76.0 2.860 10.929
4850 76.0 2.714 11.652
4860 76.0 2.698 11.294
4870 76.0 2.206 11.317
4690 77.0 -0.015 9.260
4700 77.0 0.584 9.021
4710 77.0 1.142 8.696
4720 77.0 1.660 8.289
4730 77.0 2.179 7.892
4740 77.0 2.789 7.542
4750 77.0 3.412 7.209
4760 77.0 4.067 6.983
4770 77.0 3.238 7.551
4780 77.0 3.479 7.299
4790 77.0 4.450 6.740
4800 77.0 4.618 6.739
4810 77.0 4.942 6.577
4820 77.0 5.163 6.685
4830 77.0 5.042 6.796
4840 77.0 5.068 6.843
4850 77.0 4.381 6.796
4860 77.0 6.864 5.900
4870 77.0 5.807 6.322
4880 77.0 10.057 4.355
4910 79.0 0.084 8.329
4920 79.0 0.538 8.329
4930 79.0 1.000 8.325
4940 79.0 1.530 8.281
4950 79.0 2.060 8.236
4960 79.0 2.582 8.178
4970 79.0 3.090 8.098
4980 79.0 3.599 8.019
4990 79.0 3.834 7.870
5000 79.0 3.820 8.218
5010 79.0 4.040 8.261
5020 79.0 4.877 8.036
5030 79.0 3.880 7.993
5040 79.0 4.377 7.765
5050 79.0 4.261 7.956
5060 79.0 4.952 7.712
5070 79.0 4.899 7.739
5080 79.0 4.673 7.058
5090 79.0 5.316 7.439
5100 79.0 4.978 7.518
4910 80.0 -0.039 8.821
4920 80.0 0.472 8.867
4930 80.0 0.983 8.912
4940 80.0 1.496 8.946
4950 80.0 2.010 8.975
4960 80.0 2.523 8.974
4970 80.0 3.034 8.854
4980 80.0 3.545 8.735
4990 80.0 2.702 9.045
5000 80.0 3.079 8.563
5010 80.0 3.404 8.160
5020 80.0 3.287 8.504
5030 80.0 2.484 8.851
5040 80.0 3.120 8.658
5050 80.0 3.729 8.600
5060 80.0 4.184 8.587
5070 80.0 4.319 8.596
5080 80.0 3.764 8.849
5090 80.0 3.626 8.523
5100 80.0 3.769 8.614
4960 82.0 14.943 9.930
4970 82.0 14.312 10.060
4980 82.0 13.680 10.189
4990 82.0 13.049 10.319
5000 82.0 12.449 10.435
5010 82.0 11.863 10.546
5020 82.0 11.277 10.657
5030 82.0 10.656 10.764
5040 82.0 11.072 10.951
5050 82.0 11.030 11.055
5060 82.0 11.590 10.685
5070 82.0 9.377 11.401
5080 82.0 8.669 10.847
5090 82.0 9.781 11.053
5100 82.0 8.445 10.989
5110 82.0 7.620 11.289
5120 82.0 8.658 10.785
5130 82.0 8.867 11.547
5140 82.0 8.624 11.103
5150 82.0 10.154 11.199
4960 83.0 15.153 8.933
4970 83.0 14.522 9.018
4980 83.0 13.891 9.103
4990 83.0 13.259 9.188
5000 83.0 12.598 9.299
5010 83.0 11.936 9.410
5020 83.0 11.282 9.541
5030 83.0 10.658 9.755
5040 83.0 10.961 10.048
5050 83.0 10.364 10.375
5060 83.0 9.129 10.963
5070 83.0 9.544 10.460
5080 83.0 8.346 11.617
5090 83.0 8.995 10.751
5100 83.0 8.318 11.774
5110 83.0 8.589 11.572
5120 83.0 8.740 11.928
5130 83.0 10.712 11.765
5140 83.0 9.848 11.547
5150 83.0 8.685 13.371
5010 84.0 0.180 11.602
5020 84.0 0.925 11.393
5030 84.0 1.670 11.184
5040 84.0 2.405 10.949
5050 84.0 3.134 10.701
5060 84.0 3.863 10.454
5070 84.0 4.609 10.200
5080 84.0 5.356 9.945
5090 84.0 4.037 9.872
5100 84.0 4.373 9.497
5110 84.0 5.578 8.951
5120 84.0 5.996 8.915
5130 84.0 4.642 8.970
5140 84.0 6.897 8.660
5150 84.0 7.584 8.241
5160 84.0 8.405 7.163
5170 84.0 7.056 8.022
5180 84.0 7.806 8.039
5190 84.0 4.478 9.516
5200 84.0 6.245 8.481
5230 87.0 5.098 11.218
5240 87.0 5.612 11.156
5250 87.0 6.127 11.094
5260 87.0 6.641 11.032
5270 87.0 7.149 10.932
5280 87.0 7.655 10.828
5290 87.0 8.161 10.723
5300 87.0 8.684 10.636
5310 87.0 8.350 10.828
5320 87.0 8.454 10.841
5330 87.0 8.528 10.940
5340 87.0 9.257 10.602
5350 87.0 9.924 10.508
5360 87.0 10.506 10.634
5370 87.0 10.332 10.356
5380 87.0 10.977 10.608
5390 87.0 11.196 10.306
5400 87.0 11.623 10.889
5410 87.0 10.509 11.299
5420 87.0 12.000 11.286
5240 88.0 14.842 8.292
5250 88.0 14.346 8.360
5260 88.0 13.850 8.428
5270 88.0 13.346 8.547
5280 88.0 12.839 8.688
5290 88.0 12.353 8.774
5300 88.0 11.889 8.804
5310 88.0 11.421 8.844
5320 88.0 11.883 8.803
5330 88.0 11.211 8.807
5340 88.0 10.763 9.116
5350 88.0 11.935 8.941
5360 88.0 10.048 9.283
5370 88.0 10.581 9.410
5380 88.0 10.702 9.433
5390 88.0 9.574 9.851
5400 88.0 9.564 9.437
5410 88.0 8.785 10.201
5420 88.0 9.547 9.510
5430 88.0 8.454 9.779
5240 89.0 14.810 8.876
5250 89.0 14.377 8.919
5260 89.0 13.943 8.963
5270 89.0 13.490 9.026
5280 89.0 12.961 9.171
5290 89.0 12.432 9.316
5300 89.0 11.902 9.460
5310 89.0 11.442 9.626
5320 89.0 12.444 9.351
5330 89.0 12.246 9.751
5340 89.0 11.853 9.986
5350 89.0 11.034 10.454
5360 89.0 10.583 10.825
5370 89.0 10.279 10.692
5380 89.0 8.967 10.830
5390 89.0 8.843 10.993
5400 89.0 8.729 11.593
5410 89.0 9.234 10.897
5420 89.0 7.742 12.145
5430 89.0 7.691 12.112
5270 90.0 15.242 7.443
5280 90.0 14.484 7.577
5290 90.0 13.727 7.711
5300 90.0 12.981 7.850
5310 90.0 12.266 8.003
5320 90.0 11.550 8.155
5330 90.0 10.863 8.333
5340 90.0 10.183 8.517
5350 90.0 10.710 8.069
5360 90.0 10.427 8.134
5370 90.0 9.854 8.670
5380 90.0 9.499 8.286
5390 90.0 9.657 8.292
5400 90.0 9.299 8.269
5410 90.0 8.925 8.804
5420 90.0 8.726 9.284
5430 90.0 9.115 9.212
5440 90.0 8.271 9.008
5450 90.0 7.443 9.572
5460 90.0 8.778 8.942
5300 91.0 2.649 8.875
5310 91.0 3.189 9.009
5320 91.0 3.728 9.144
5330 91.0 4.267 9.278
5340 91.0 4.821 9.395
5350 91.0 5.385 9.500
5360 91.0 5.959 9.599
5370 91.0 6.621 9.650
5380 91.0 5.913 9.241
5390 91.0 5.992 9.669
5400 91.0 6.050 9.101
5410 91.0 5.854 9.174
5420 91.0 5.711 8.736
5430 91.0 5.309 8.981
5440 91.0 6.220 8.843
5450 91.0 6.141 8.276
5460 91.0 6.990 8.805
5470 91.0 6.900 8.910
5480 91.0 7.454 8.698
5490 91.0 6.977 8.506
5410 92.0 0.360 12.524
5420 92.0 1.071 12.424
5430 92.0 1.781 12.325
5440 92.0 2.564 12.144
5450 92.0 3.355 11.955
5460 92.0 4.146 11.766
5470 92.0 4.778 11.570
5480 92.0 5.409 11.374
5490 92.0 5.359 10.852
5500 92.0 4.496 11.197
5510 92.0 4.628 11.366
5520 92.0 4.864 10.785
5530 92.0 6.677 10.090
5540 92.0 5.426 10.153
5550 92.0 6.329 9.773
5560 92.0 5.282 10.402
5570 92.0 5.769 9.991
5580 92.0 5.427 10.104
5590 92.0 4.971 10.145
5600 92.0 5.563 9.942
5410 93.0 0.511 13.619
5420 93.0 1.022 13.432
5430 93.0 1.533 13.244
5440 93.0 2.014 13.107
5450 93.0 2.465 13.022
5460 93.0 2.916 12.937
5470 93.0 3.450 12.828
5480 93.0 4.018 12.709
5490 93.0 3.870 12.588
5500 93.0 3.644 12.697
5510 93.0 3.681 12.556
5520 93.0 3.983 12.200
5530 93.0 4.320 12.185
5540 93.0 5.800 11.729
5550 93.0 5.139 12.305
5560 93.0 5.444 12.117
5570 93.0 5.672 11.984
5580 93.0 5.864 11.555
5590 93.0 6.987 11.385
5600 93.0 5.370 10.933
5480 94.0 0.358 11.885
5490 94.0 0.989 11.838
5500 94.0 1.621 11.790
5510 94.0 2.163 11.739
5520 94.0 2.705 11.679
5530 94.0 3.235 11.526
5540 94.0 3.766 11.374
5550 94.0 4.351 11.232
5560 94.0 4.245 11.043
5570 94.0 3.640 11.381
5580 94.0 3.623 11.208
5590 94.0 4.014 11.326
5600 94.0 4.070 11.000
5610 94.0 4.346 10.570
5620 94.0 4.728 10.302
5630 94.0 6.314 10.203
5640 94.0 5.693 10.495
5650 94.0 6.948 10.658
5660 94.0 4.586 11.326
5670 94.0 4.840 10.591
5660 95.0 0.031 12.330
5670 95.0 0.507 12.135
5680 95.0 0.982 11.941
5690 95.0 1.459 11.752
5700 95.0 1.942 11.610
5710 95.0 2.425 11.469
5720 95.0 2.937 11.326
5730 95.0 3.494 11.181
5740 95.0 2.249 11.277
5750 95.0 2.562 11.008
5760 95.0 2.432 10.482
5770 95.0 2.923 10.645
5780 95.0 2.281 10.223
5790 95.0 3.611 9.919
5800 95.0 4.450 9.939
5810 95.0 4.321 9.841
5820 95.0 4.034 10.163
5830 95.0 5.758 10.189
5840 95.0 6.015 9.848
5850 95.0 7.130 9.477
5670 96.0 0.229 11.467
5680 96.0 0.743 11.286
5690 96.0 1.256 11.104
5700 96.0 1.737 10.927
5710 96.0 2.204 10.750
5720 96.0 2.694 10.593
5730 96.0 3.220 10.466
5740 96.0 3.746 10.339
5750 96.0 3.698 9.978
5760 96.0 2.783 10.299
5770 96.0 3.986 9.796
5780 96.0 4.847 9.519
5790 96.0 4.523 9.314
5800 96.0 6.439 8.828
5810 96.0 6.695 8.663
5820 96.0 7.516 8.431
5830 96.0 6.825 8.621
5840 96.0 6.760 8.820
5850 96.0 4.735 9.142
5860 96.0 5.316 9.560
5970 97.0 14.796 8.119
5980 97.0 14.250 8.223
5990 97.0 13.705 8.328
6000 97.0 13.160 8.426
6010 97.0 12.616 8.511
6020 97.0 12.073 8.596
6030 97.0 11.520 8.698
6040 97.0 10.928 8.869
6050 97.0 11.604 9.262
6060 97.0 11.524 9.316
6070 97.0 11.326 9.138
6080 97.0 10.879 9.823
6090 97.0 10.527 9.944
6100 97.0 9.971 10.121
6110 97.0 8.800 10.538
6120 97.0 9.154 10.577
6130 97.0 7.914 11.285
6140 97.0 7.401 11.556
6150 97.0 9.616 10.537
6160 97.0 8.970 11.307
5970 98.0 14.748 8.769
5980 98.0 14.275 8.836
5990 98.0 13.801 8.903
6000 98.0 13.304 8.988
6010 98.0 12.752 9.115
6020 98.0 12.199 9.241
6030 98.0 11.650 9.369
6040 98.0 11.134 9.499
6050 98.0 10.970 9.820
6060 98.0 10.858 9.802
6070 98.0 10.536 9.705
6080 98.0 10.382 10.191
6090 98.0 10.204 9.952
6100 98.0 9.619 10.593
6110 98.0 8.422 10.846
6120 98.0 8.339 10.886
6130 98.0 8.787 10.687
6140 98.0 7.337 11.091
6150 98.0 8.289 10.840
6160 98.0 8.787 10.123
6040 99.0 14.923 8.732
6050 99.0 14.300 8.834
6060 99.0 13.676 8.936
6070 99.0 13.055 9.022
6080 99.0 12.439 9.084
6090 99.0 11.824 9.146
6100 99.0 11.192 9.235
6110 99.0 10.554 9.337
6120 99.0 11.404 9.637
6130 99.0 10.995 9.704
6140 99.0 9.844 10.594
6150 99.0 8.615 10.427
6160 99.0 8.104 11.339
6170 99.0 8.712 10.265
6180 99.0 7.689 11.204
6190 99.0 8.678 11.036
6200 99.0 6.730 11.196
6210 99.0 7.550 11.107
6220 99.0 7.124 10.875
6230 99.0 11.674 8.996
6290 104.0 0.542 13.766
6300 104.0 1.198 13.670
6310 104.0 1.853 13.575
6320 104.0 2.509 13.480
6330 104.0 3.161 13.386
6340 104.0 3.807 13.299
6350 104.0 4.452 13.211
6360 104.0 5.120 13.120
6370 104.0 4.149 12.564
6380 104.0 5.325 12.412
6390 104.0 5.177 11.205
6400 104.0 6.957 10.863
6410 104.0 5.879 11.297
6420 104.0 4.672 11.402
6430 104.0 6.974 10.462
6440 104.0 7.826 9.971
6450 104.0 7.283 9.907
6460 104.0 7.232 9.318
6470 104.0 10.802 8.286
6480 104.0 7.532 9.571
6360 105.0 -0.063 13.025
6370 105.0 0.358 12.964
6380 105.0 0.779 12.903
6390 105.0 1.200 12.842
6400 105.0 1.621 12.780
6410 105.0 2.076 12.719
6420 105.0 2.540 12.658
6430 105.0 3.004 12.597
6440 105.0 3.487 12.275
6450 105.0 3.601 12.693
6460 105.0 2.276 12.675
6470 105.0 3.916 12.238
6480 105.0 4.172 12.555
6490 105.0 3.864 12.268
6500 105.0 4.756 12.024
6510 105.0 4.701 12.201
6520 105.0 4.026 12.523
6530 105.0 4.318 12.124
6540 105.0 4.780 12.374
6550 105.0 5.394 12.182
6430 106.0 14.985 8.759
6440 106.0 14.404 8.768
6450 106.0 13.823 8.778
6460 106.0 13.237 8.847
6470 106.0 12.646 8.976
6480 106.0 12.056 9.104
6490 106.0 11.515 9.282
6500 106.0 10.980 9.467
6510 106.0 11.528 9.076
6520 106.0 10.633 9.578
6530 106.0 10.035 10.353
6540 106.0 10.427 10.026
6550 106.0 9.020 10.126
6560 106.0 8.123 10.731
6570 106.0 9.047 10.346
6580 106.0 8.714 10.545
6590 106.0 7.404 11.363
6600 106.0 6.351 12.115
6610 106.0 7.638 10.859
6620 106.0 8.337 11.743
6430 107.0 15.256 8.168
6440 107.0 14.633 8.228
6450 107.0 14.011 8.287
6460 107.0 13.388 8.354
6470 107.0 12.764 8.436
6480 107.0 12.139 8.518
6490 107.0 11.526 8.645
6500 107.0 10.927 8.839
6510 107.0 11.952 9.574
6520 107.0 11.680 10.009
6530 107.0 11.094 10.053
6540 107.0 10.819 10.369
6550 107.0 10.061 10.389
6560 107.0 10.010 10.633
6570 107.0 11.075 9.946
6580 107.0 8.732 11.379
6590 107.0 9.232 11.256
6600 107.0 6.808 13.424
6610 107.0 9.330 11.147
6620 107.0 6.485 12.899
6890 112.0 14.822 7.432
6900 112.0 14.138 7.575
6910 112.0 13.454 7.718
6920 112.0 12.808 7.883
6930 112.0 12.166 8.050
6940 112.0 11.499 8.203
6950 112.0 10.829 8.355
6960 112.0 10.210 8.506
6970 112.0 10.286 8.143
6980 112.0 10.340 8.332
6990 112.0 9.992 8.590
7000 112.0 9.418 8.880
7010 112.0 7.624 9.330
7020 112.0 9.926 8.913
7030 112.0 8.509 9.847
7040 112.0 8.978 9.688
7050 112.0 8.800 10.133
7060 112.0 8.763 9.728
7070 112.0 9.184 9.984
7080 112.0 9.684 10.170
6890 113.0 15.008 8.077
6900 113.0 14.358 8.208
6910 113.0 13.707 8.338
6920 113.0 13.098 8.473
6930 113.0 12.507 8.611
6940 113.0 11.917 8.748
6950 113.0 11.329 8.877
6960 113.0 10.742 9.007
6970 113.0 11.927 8.929
6980 113.0 12.313 8.861
6990 113.0 11.666 9.312
7000 113.0 10.941 9.482
7010 113.0 9.781 9.940
7020 113.0 10.091 10.024
7030 113.0 9.900 10.323
7040 113.0 8.876 10.698
7050 113.0 9.709 10.409
7060 113.0 9.260 10.418
7070 113.0 8.718 11.131
7080 113.0 8.874 10.502
7170 116.0 0.084 11.050
7180 116.0 0.602 10.967
7190 116.0 1.120 10.885
7200 116.0 1.610 10.795
7210 116.0 2.056 10.693
7220 116.0 2.503 10.592
7230 116.0 2.956 10.490
7240 116.0 3.470 10.375
7250 116.0 3.787 10.183
7260 116.0 3.024 9.978
7270 116.0 3.377 9.945
7280 116.0 3.496 9.690
7290 116.0 4.459 9.927
7300 116.0 4.173 9.738
7310 116.0 4.507 9.276
7320 116.0 4.688 9.414
7330 116.0 4.634 9.345
7340 116.0 4.884 9.310
7350 116.0 6.596 8.605
7360 116.0 5.864 8.757
7180 117.0 0.255 10.400
7190 117.0 0.755 10.300
7200 117.0 1.255 10.201
7210 117.0 1.765 10.106
7220 117.0 2.276 10.013
7230 117.0 2.792 9.914
7240 117.0 3.347 9.771
7250 117.0 3.903 9.628
7260 117.0 2.753 9.589
7270 117.0 3.525 9.160
7280 117.0 4.021 9.247
7290 117.0 4.524 8.850
7300 117.0 4.079 8.719
7310 117.0 3.791 9.425
7320 117.0 4.525 8.845
7330 117.0 4.970 8.451
7340 117.0 5.397 8.576
7350 117.0 6.825 8.159
7360 117.0 6.118 8.327
7370 117.0 5.527 7.827
