0 32.0 13.493 39.901
12 32.0 13.493 39.751
24 32.0 13.493 39.602
36 32.0 13.493 39.528
48 32.0 13.567 39.453
60 32.0 13.567 39.304
72 32.0 13.567 39.230
84 32.0 13.605 39.155
96 32.0 13.738 38.979
108 32.0 13.719 38.926
120 32.0 13.835 38.668
132 32.0 13.939 38.061
144 32.0 13.864 37.624
156 32.0 14.047 37.978
168 32.0 14.143 37.751
180 32.0 14.273 37.084
192 32.0 14.355 36.928
204 32.0 14.425 35.680
216 32.0 14.340 36.154
228 32.0 14.551 34.822
0 36.0 2.497 -8.815
12 36.0 2.497 -8.815
24 36.0 2.497 -8.815
36 36.0 2.497 -8.815
48 36.0 2.497 -8.815
60 36.0 2.497 -8.815
72 36.0 2.497 -8.815
84 36.0 2.497 -8.815
96 36.0 2.497 -8.822
108 36.0 2.443 -8.823
120 36.0 2.444 -8.721
132 36.0 2.457 -8.733
144 36.0 2.410 -8.661
156 36.0 2.423 -8.728
168 36.0 2.401 -8.689
180 36.0 2.346 -8.639
192 36.0 2.298 -8.677
204 36.0 2.440 -8.735
216 36.0 2.352 -8.792
228 36.0 2.408 -8.769
0 89.0 14.294 38.782
12 89.0 14.294 38.596
24 89.0 14.294 38.596
36 89.0 14.294 38.596
48 89.0 14.294 38.521
60 89.0 14.294 38.521
72 89.0 14.294 38.447
84 89.0 14.294 38.447
96 89.0 14.273 38.565
108 89.0 14.192 38.673
120 89.0 14.153 38.587
132 89.0 14.178 38.542
144 89.0 14.195 38.684
156 89.0 14.202 38.589
168 89.0 14.122 38.623
180 89.0 14.127 38.707
192 89.0 14.130 38.684
204 89.0 14.211 38.666
216 89.0 14.273 38.718
228 89.0 14.247 38.785
0 91.0 -4.380 17.854
12 91.0 -3.895 17.388
24 91.0 -3.261 17.239
36 91.0 -2.665 17.239
48 91.0 -2.031 17.239
60 91.0 -1.360 17.239
72 91.0 -0.727 17.090
84 91.0 -0.242 17.090
96 91.0 0.272 15.970
108 91.0 -0.507 15.791
120 91.0 0.034 16.004
132 91.0 -0.351 15.889
144 91.0 1.018 15.250
156 91.0 0.683 14.770
168 91.0 0.643 15.104
180 91.0 6.715 10.878
192 91.0 5.936 11.400
204 91.0 1.219 13.537
216 91.0 6.339 12.083
228 91.0 4.170 12.597
0 93.0 -7.119 48.268
12 93.0 -7.194 47.802
24 93.0 -7.194 47.355
36 93.0 -7.045 46.889
48 93.0 -6.709 46.274
60 93.0 -6.299 45.827
72 93.0 -5.945 45.342
84 93.0 -5.591 44.746
96 93.0 -6.029 44.472
108 93.0 -5.802 44.391
120 93.0 -5.937 43.584
132 93.0 -5.890 44.143
144 93.0 -6.540 43.118
156 93.0 -6.494 42.784
168 93.0 -6.527 41.742
180 93.0 -6.221 40.845
192 93.0 -5.606 41.389
204 93.0 -5.948 40.719
216 93.0 -6.403 40.511
228 93.0 -6.349 39.569
0 95.0 -9.915 43.516
12 95.0 -9.579 44.597
24 95.0 -9.244 45.827
36 95.0 -8.834 46.889
48 95.0 -8.424 48.101
60 95.0 -7.939 49.331
72 95.0 -7.455 50.486
84 95.0 -7.045 51.716
96 95.0 -8.147 50.716
108 95.0 -7.532 49.764
120 95.0 -6.757 54.870
132 95.0 -7.901 48.883
144 95.0 -7.853 46.347
156 95.0 -7.807 46.322
168 95.0 -7.316 46.585
180 95.0 -6.969 46.801
192 95.0 -7.002 48.074
204 95.0 -7.276 46.623
216 95.0 -7.248 48.952
228 95.0 -7.771 46.719
24 97.0 -25.867 19.848
36 97.0 -25.047 19.848
48 97.0 -24.283 19.848
60 97.0 -23.463 19.848
72 97.0 -22.718 19.848
84 97.0 -21.898 19.848
96 97.0 -21.134 19.699
108 97.0 -20.388 19.699
120 97.0 -21.648 19.725
132 97.0 -22.236 20.251
144 97.0 -22.574 19.892
156 97.0 -21.504 19.286
168 97.0 -20.693 19.724
180 97.0 -21.974 18.918
192 97.0 -20.607 19.480
204 97.0 -19.015 18.053
216 97.0 -20.064 19.183
228 97.0 -20.212 18.539
240 97.0 -21.025 18.051
252 97.0 -18.228 17.001
180 99.0 -18.413 -13.400
192 99.0 -18.711 -12.952
204 99.0 -18.897 -12.468
216 99.0 -19.121 -12.020
228 99.0 -19.307 -11.424
240 99.0 -19.382 -10.940
252 99.0 -19.382 -10.343
264 99.0 -19.382 -9.877
276 99.0 -19.561 -10.278
288 99.0 -19.499 -10.028
300 99.0 -19.810 -9.767
312 99.0 -19.697 -9.875
324 99.0 -19.345 -10.489
336 99.0 -19.773 -9.592
348 99.0 -20.111 -8.841
360 99.0 -19.976 -8.740
372 99.0 -19.532 -9.136
384 99.0 -19.276 -9.295
396 99.0 -19.572 -8.361
408 99.0 -19.588 -7.127
228 100.0 -18.338 -13.250
240 100.0 -18.636 -12.952
252 100.0 -18.711 -12.486
264 100.0 -18.785 -11.946
276 100.0 -18.841 -11.499
288 100.0 -18.897 -10.940
300 100.0 -18.972 -10.492
312 100.0 -19.009 -10.045
324 100.0 -18.635 -10.681
336 100.0 -18.728 -10.409
348 100.0 -19.120 -9.988
360 100.0 -19.119 -9.407
372 100.0 -18.916 -9.584
384 100.0 -19.079 -10.295
396 100.0 -18.902 -8.778
408 100.0 -19.047 -8.363
420 100.0 -19.066 -8.853
432 100.0 -18.884 -7.583
444 100.0 -19.292 -8.172
456 100.0 -18.753 -8.165
240 33.0 13.847 37.701
252 33.0 13.865 37.701
264 33.0 13.865 37.552
276 33.0 13.865 37.403
288 33.0 13.903 37.310
300 33.0 13.940 37.217
312 33.0 13.940 37.068
324 33.0 13.940 36.993
336 33.0 14.045 36.752
348 33.0 14.099 36.209
360 33.0 14.167 35.907
372 33.0 14.259 35.597
384 33.0 14.042 34.759
396 33.0 13.970 34.230
408 33.0 14.092 33.729
420 33.0 13.845 33.158
432 33.0 13.855 32.889
444 33.0 13.838 32.472
456 33.0 14.110 31.961
468 33.0 14.110 32.086
240 37.0 2.497 -8.815
252 37.0 2.497 -8.815
264 37.0 2.497 -8.815
276 37.0 2.497 -8.815
288 37.0 2.497 -8.815
300 37.0 2.497 -8.815
312 37.0 2.497 -8.815
324 37.0 2.497 -8.815
336 37.0 2.437 -8.745
348 37.0 2.444 -8.723
360 37.0 2.350 -8.749
372 37.0 2.495 -8.745
384 37.0 2.519 -8.731
396 37.0 2.534 -8.730
408 37.0 2.516 -8.834
420 37.0 2.515 -8.739
432 37.0 2.537 -8.764
444 37.0 2.580 -8.827
456 37.0 2.624 -8.887
468 37.0 2.558 -8.920
240 90.0 14.406 38.000
252 90.0 14.406 37.925
264 90.0 14.406 37.925
276 90.0 14.406 37.925
288 90.0 14.406 37.851
300 90.0 14.406 37.851
312 90.0 14.406 37.776
324 90.0 14.425 37.776
336 90.0 14.483 37.807
348 90.0 14.512 37.871
360 90.0 14.603 37.861
372 90.0 14.526 37.852
384 90.0 14.663 37.847
396 90.0 14.768 37.890
408 90.0 14.685 37.924
420 90.0 14.821 37.922
432 90.0 14.671 37.922
444 90.0 14.759 37.927
456 90.0 14.643 37.687
468 90.0 14.470 37.922
240 92.0 6.591 16.942
252 92.0 6.286 16.954
264 92.0 5.981 16.966
276 92.0 5.676 16.978
288 92.0 5.371 16.990
300 92.0 5.066 17.003
312 92.0 4.762 17.015
324 92.0 4.457 17.027
336 92.0 4.824 17.304
348 92.0 5.133 17.100
360 92.0 4.879 17.257
372 92.0 4.895 16.950
384 92.0 5.003 17.149
396 92.0 5.172 16.987
408 92.0 5.132 17.146
420 92.0 4.221 17.520
432 92.0 4.491 17.459
444 92.0 3.279 18.160
456 92.0 3.613 18.033
468 92.0 2.346 19.064
240 94.0 -1.752 48.734
252 94.0 -1.565 49.181
264 94.0 -1.342 49.647
276 94.0 -1.155 50.113
288 94.0 -0.932 50.561
300 94.0 -0.745 51.026
312 94.0 -0.522 51.492
324 94.0 -0.373 51.865
336 94.0 -0.627 51.131
348 94.0 -1.052 52.200
360 94.0 -0.592 52.023
372 94.0 -0.081 52.373
384 94.0 -0.170 52.305
396 94.0 -0.015 53.620
408 94.0 -0.317 55.041
420 94.0 -0.482 54.382
432 94.0 -0.410 53.597
444 94.0 -0.495 53.340
456 94.0 0.549 55.675
468 94.0 0.083 53.915
240 96.0 -6.814 52.214
252 96.0 -6.812 52.218
264 96.0 -6.810 52.222
276 96.0 -6.808 52.226
288 96.0 -6.806 52.230
300 96.0 -6.804 52.234
312 96.0 -6.802 52.239
324 96.0 -6.800 52.243
336 96.0 -6.800 52.183
348 96.0 -6.832 52.150
360 96.0 -6.819 52.128
372 96.0 -6.839 52.186
384 96.0 -6.840 52.197
396 96.0 -6.835 52.201
408 96.0 -6.854 52.226
420 96.0 -6.830 52.208
432 96.0 -6.783 52.193
444 96.0 -6.779 52.116
456 96.0 -6.725 52.142
468 96.0 -6.734 52.190
264 98.0 -10.157 19.699
276 98.0 -9.411 19.699
288 98.0 -8.591 19.699
300 98.0 -7.827 19.699
312 98.0 -7.007 19.699
324 98.0 -6.243 19.699
336 98.0 -5.423 19.699
348 98.0 -4.473 19.699
360 98.0 -6.617 19.932
372 98.0 -6.167 19.794
384 98.0 -6.957 19.775
396 98.0 -6.351 19.468
408 98.0 -7.297 20.162
420 98.0 -5.556 19.295
432 98.0 -4.304 19.426
444 98.0 -7.107 20.335
456 98.0 -6.713 19.904
468 98.0 -6.382 19.510
480 98.0 -7.131 20.424
492 98.0 -4.828 18.399
276 7.0 -3.988 -13.921
288 7.0 -4.137 -13.474
300 7.0 -4.193 -13.027
312 7.0 -4.324 -12.393
324 7.0 -4.473 -11.946
336 7.0 -4.547 -11.499
348 7.0 -4.678 -11.014
360 7.0 -4.734 -10.567
372 7.0 -4.452 -11.736
384 7.0 -4.474 -11.193
396 7.0 -4.590 -10.688
408 7.0 -4.572 -10.298
420 7.0 -4.654 -10.995
432 7.0 -4.711 -9.290
444 7.0 -4.749 -9.543
456 7.0 -4.827 -8.702
468 7.0 -4.918 -6.747
480 7.0 -4.630 -7.393
492 7.0 -4.590 -7.332
504 7.0 -4.693 -6.303
276 26.0 -5.088 -14.089
288 26.0 -5.144 -13.623
300 26.0 -5.293 -13.250
312 26.0 -5.367 -12.803
324 26.0 -5.442 -12.319
336 26.0 -5.535 -11.871
348 26.0 -5.628 -11.499
360 26.0 -5.703 -11.014
372 26.0 -5.509 -10.884
384 26.0 -5.512 -9.913
396 26.0 -5.145 -9.938
408 26.0 -5.308 -10.806
420 26.0 -5.533 -8.930
432 26.0 -5.148 -7.918
444 26.0 -5.374 -7.074
456 26.0 -5.262 -6.699
468 26.0 -5.805 -7.915
480 26.0 -5.096 -5.958
492 26.0 -5.352 -8.109
504 26.0 -4.935 -2.099
480 34.0 14.760 35.018
492 34.0 14.909 34.869
504 34.0 14.835 34.869
516 34.0 14.667 35.018
528 34.0 14.499 35.241
540 34.0 14.387 35.465
552 34.0 14.220 35.689
564 34.0 14.015 35.856
576 34.0 13.980 35.733
588 34.0 13.946 35.902
600 34.0 13.586 35.814
612 34.0 13.699 35.785
624 34.0 13.401 35.921
636 34.0 13.049 36.126
648 34.0 12.359 36.421
660 34.0 11.834 37.045
672 34.0 11.426 36.991
684 34.0 11.236 37.364
696 34.0 10.037 37.628
708 34.0 9.617 37.793
480 38.0 2.497 -8.815
492 38.0 2.497 -8.815
504 38.0 2.460 -8.890
516 38.0 2.460 -8.890
528 38.0 2.460 -8.890
540 38.0 2.460 -8.890
552 38.0 2.460 -8.890
564 38.0 2.460 -8.890
576 38.0 2.489 -9.022
588 38.0 2.532 -9.047
600 38.0 2.549 -8.830
612 38.0 2.526 -8.809
624 38.0 2.512 -8.861
636 38.0 2.572 -8.805
648 38.0 2.494 -8.809
660 38.0 2.445 -8.776
672 38.0 2.428 -8.847
684 38.0 2.458 -8.882
696 38.0 2.399 -8.919
708 38.0 2.433 -8.888
504 31.0 -20.370 1.062
516 31.0 -20.668 1.547
528 31.0 -21.003 1.994
540 31.0 -21.264 2.441
552 31.0 -21.618 2.926
564 31.0 -21.898 3.373
576 31.0 -22.233 3.820
588 31.0 -22.569 4.156
600 31.0 -22.937 3.642
612 31.0 -22.600 3.408
624 31.0 -23.603 3.926
636 31.0 -23.791 4.277
648 31.0 -24.341 4.160
660 31.0 -24.791 4.155
672 31.0 -24.724 4.050
684 31.0 -26.991 5.304
696 31.0 -26.013 4.853
708 31.0 -26.303 5.143
720 31.0 -27.042 5.644
732 31.0 -28.014 5.719
504 145.0 14.555 36.621
516 145.0 14.220 36.621
528 145.0 13.884 36.621
540 145.0 13.549 36.621
552 145.0 13.195 36.621
564 145.0 12.840 36.621
576 145.0 12.654 36.770
588 145.0 12.430 36.770
600 145.0 12.335 37.404
612 145.0 11.901 37.461
624 145.0 12.395 37.116
636 145.0 11.475 37.642
648 145.0 11.466 38.105
660 145.0 11.026 38.380
672 145.0 10.762 38.721
684 145.0 10.151 38.588
696 145.0 9.925 38.873
708 145.0 9.674 38.705
720 145.0 8.137 39.200
732 145.0 9.423 38.925
516 8.0 -6.299 -4.119
528 8.0 -6.485 -3.597
540 8.0 -6.709 -3.150
552 8.0 -6.933 -2.665
564 8.0 -7.156 -2.143
576 8.0 -7.343 -1.677
588 8.0 -7.678 -1.286
600 8.0 -7.976 -0.988
612 8.0 -7.984 -1.700
624 8.0 -8.772 -1.172
636 8.0 -8.361 -0.667
648 8.0 -8.051 -1.530
660 8.0 -8.721 -1.040
672 8.0 -11.002 -0.119
684 8.0 -9.161 -0.396
696 8.0 -9.416 -0.311
708 8.0 -8.857 -0.046
720 8.0 -9.849 0.458
732 8.0 -9.355 0.103
744 8.0 -10.590 1.605
516 27.0 -7.045 -5.200
528 27.0 -7.305 -4.603
540 27.0 -7.529 -4.119
552 27.0 -7.753 -3.671
564 27.0 -8.051 -3.056
576 27.0 -8.237 -2.590
588 27.0 -8.517 -2.143
600 27.0 -8.796 -1.677
612 27.0 -9.292 -2.122
624 27.0 -9.250 -1.957
636 27.0 -8.565 -2.298
648 27.0 -9.092 -2.497
660 27.0 -8.737 -1.984
672 27.0 -9.687 -1.092
684 27.0 -9.096 -1.353
696 27.0 -9.520 -1.566
708 27.0 -10.128 -1.332
720 27.0 -9.642 -1.448
732 27.0 -9.923 -1.753
744 27.0 -10.038 -2.003
720 35.0 9.970 40.460
732 35.0 9.635 40.609
744 35.0 9.355 40.907
756 35.0 9.001 41.056
768 35.0 8.666 41.205
780 35.0 8.330 41.522
792 35.0 7.920 41.839
804 35.0 7.566 42.137
816 35.0 8.253 42.042
828 35.0 7.581 42.037
840 35.0 6.708 42.473
852 35.0 7.077 42.621
864 35.0 5.478 43.566
876 35.0 5.104 44.093
888 35.0 4.540 44.057
900 35.0 4.365 44.104
912 35.0 3.440 44.837
924 35.0 4.246 44.248
936 35.0 3.989 44.614
948 35.0 3.440 44.899
720 39.0 2.460 -8.964
732 39.0 2.460 -8.964
744 39.0 2.460 -8.964
756 39.0 2.460 -8.964
768 39.0 2.460 -8.964
780 39.0 2.460 -8.964
792 39.0 2.460 -8.964
804 39.0 2.460 -8.964
816 39.0 2.463 -8.937
828 39.0 2.485 -8.945
840 39.0 2.438 -8.887
852 39.0 2.478 -9.016
864 39.0 2.488 -8.957
876 39.0 2.494 -8.904
888 39.0 2.521 -8.952
900 39.0 2.562 -8.941
912 39.0 2.629 -8.873
924 39.0 2.626 -8.845
936 39.0 2.578 -8.872
948 39.0 2.668 -8.871
744 64.0 4.845 14.033
756 64.0 4.510 13.884
768 64.0 4.175 13.716
780 64.0 3.839 13.716
792 64.0 3.504 13.549
804 64.0 3.131 13.400
816 64.0 2.795 13.250
828 64.0 2.535 13.101
840 64.0 3.089 13.222
852 64.0 3.243 13.097
864 64.0 3.188 13.321
876 64.0 2.721 13.432
888 64.0 2.276 13.266
900 64.0 2.474 13.757
912 64.0 3.010 13.089
924 64.0 1.771 13.052
936 64.0 2.435 12.566
948 64.0 2.166 12.652
960 64.0 0.657 13.483
972 64.0 1.365 12.913
744 146.0 8.051 39.230
756 146.0 7.566 39.528
768 146.0 7.156 39.677
780 146.0 6.802 39.826
792 146.0 6.541 40.143
804 146.0 6.336 40.311
816 146.0 6.057 40.460
828 146.0 5.796 40.609
840 146.0 5.326 40.770
852 146.0 4.948 40.912
864 146.0 4.664 41.061
876 146.0 4.776 41.224
888 146.0 4.364 41.567
900 146.0 4.936 41.290
912 146.0 4.364 41.644
924 146.0 3.352 41.763
936 146.0 3.052 41.922
948 146.0 1.963 42.340
960 146.0 1.575 42.743
972 146.0 1.633 42.480
756 9.0 -12.635 3.448
768 9.0 -13.045 3.746
780 9.0 -13.455 4.063
792 9.0 -13.865 4.380
804 9.0 -14.275 4.827
816 9.0 -14.611 5.125
828 9.0 -15.021 5.442
840 9.0 -15.431 5.759
852 9.0 -15.660 5.847
864 9.0 -15.637 5.911
876 9.0 -16.793 6.915
888 9.0 -17.099 6.718
900 9.0 -17.277 6.921
912 9.0 -17.688 6.948
924 9.0 -18.611 7.616
936 9.0 -18.169 7.392
948 9.0 -18.212 7.891
960 9.0 -18.780 8.246
972 9.0 -19.101 7.666
984 9.0 -19.201 7.858
756 28.0 -13.195 2.609
768 28.0 -13.605 2.926
780 28.0 -13.940 3.224
792 28.0 -14.350 3.522
804 28.0 -14.760 3.820
816 28.0 -15.170 4.156
828 28.0 -15.505 4.454
840 28.0 -15.915 4.752
852 28.0 -17.007 5.426
864 28.0 -17.185 5.844
876 28.0 -17.473 5.697
888 28.0 -17.196 5.743
900 28.0 -16.710 5.590
912 28.0 -17.349 5.729
924 28.0 -19.449 6.843
936 28.0 -19.803 6.795
948 28.0 -19.979 7.113
960 28.0 -19.589 7.449
972 28.0 -20.813 8.108
984 28.0 -16.865 5.457
984 65.0 0.820 9.747
996 65.0 0.820 9.262
1008 65.0 0.783 8.890
1020 65.0 0.783 8.424
1032 65.0 0.745 7.976
1044 65.0 0.745 7.510
1056 65.0 0.745 7.119
1068 65.0 0.708 6.597
1080 65.0 0.910 6.074
1092 65.0 0.791 5.843
1104 65.0 0.833 5.251
1116 65.0 0.950 4.228
1128 65.0 0.699 3.696
1140 65.0 0.739 3.760
1152 65.0 0.835 2.721
1164 65.0 0.782 3.034
1176 65.0 0.638 1.823
1188 65.0 1.143 4.062
1200 65.0 1.140 2.211
1212 65.0 1.088 1.254
984 147.0 4.007 41.839
996 147.0 4.007 41.839
1008 147.0 4.268 41.596
1020 147.0 4.752 41.447
1032 147.0 5.069 41.373
1044 147.0 5.069 41.373
1056 147.0 4.995 41.522
1068 147.0 4.920 41.671
1080 147.0 5.267 41.545
1092 147.0 5.634 41.403
1104 147.0 5.416 41.541
1116 147.0 5.326 41.893
1128 147.0 5.459 41.718
1140 147.0 5.671 41.685
1152 147.0 5.851 41.541
1164 147.0 6.264 41.519
1176 147.0 6.525 41.491
1188 147.0 6.852 41.570
1200 147.0 7.438 41.290
1212 147.0 7.256 41.699
996 101.0 2.963 -5.144
1008 101.0 2.590 -5.889
1020 101.0 2.590 -5.889
1032 101.0 2.590 -5.889
1044 101.0 2.516 -5.889
1056 101.0 2.516 -5.889
1068 101.0 2.516 -5.889
1080 101.0 2.460 -5.889
1092 101.0 2.541 -5.938
1104 101.0 2.510 -5.782
1116 101.0 2.871 -6.212
1128 101.0 2.649 -6.491
1140 101.0 2.727 -6.524
1152 101.0 2.698 -6.705
1164 101.0 2.678 -7.442
1176 101.0 2.816 -8.136
1188 101.0 2.807 -7.627
1200 101.0 2.954 -8.666
1212 101.0 3.013 -8.982
1224 101.0 3.054 -9.283
1188 55.0 -5.367 -14.480
1200 55.0 -5.870 -14.331
1212 55.0 -6.225 -14.015
1224 55.0 -6.560 -13.549
1236 55.0 -6.895 -13.250
1248 55.0 -7.250 -12.952
1260 55.0 -7.604 -12.635
1272 55.0 -7.939 -12.170
1284 55.0 -8.220 -12.426
1296 55.0 -8.350 -12.389
1308 55.0 -8.477 -12.401
1320 55.0 -9.575 -12.054
1332 55.0 -10.137 -11.808
1344 55.0 -10.514 -11.128
1356 55.0 -10.366 -11.348
1368 55.0 -11.315 -11.253
1380 55.0 -11.604 -10.530
1392 55.0 -12.526 -10.278
1404 55.0 -11.751 -10.827
1416 55.0 -13.048 -9.526
1200 50.0 -4.883 -14.089
1212 50.0 -5.218 -13.791
1224 50.0 -5.572 -13.493
1236 50.0 -5.908 -13.157
1248 50.0 -6.262 -13.008
1260 50.0 -6.597 -12.710
1272 50.0 -7.007 -12.412
1284 50.0 -7.343 -12.114
1296 50.0 -7.911 -12.250
1308 50.0 -8.257 -11.805
1320 50.0 -8.929 -11.607
1332 50.0 -9.445 -11.323
1344 50.0 -9.227 -11.520
1356 50.0 -10.567 -10.564
1368 50.0 -10.939 -10.559
1380 50.0 -11.548 -10.450
1392 50.0 -10.016 -11.129
1404 50.0 -10.392 -10.818
1416 50.0 -12.922 -9.173
1428 50.0 -13.465 -9.476
1200 53.0 -5.945 -14.015
1212 53.0 -6.280 -13.716
1224 53.0 -6.635 -13.418
1236 53.0 -6.970 -13.083
1248 53.0 -7.324 -12.785
1260 53.0 -7.660 -12.486
1272 53.0 -7.995 -12.039
1284 53.0 -8.275 -11.704
1296 53.0 -8.718 -11.929
1308 53.0 -8.970 -11.825
1320 53.0 -9.854 -11.450
1332 53.0 -9.362 -11.783
1344 53.0 -10.257 -11.180
1356 53.0 -11.213 -10.689
1368 53.0 -11.250 -10.495
1380 53.0 -12.936 -9.482
1392 53.0 -12.207 -9.646
1404 53.0 -12.935 -9.016
1416 53.0 -11.675 -9.683
1428 53.0 -13.339 -9.346
1224 66.0 -0.075 1.249
1236 66.0 -0.298 0.913
1248 66.0 -0.485 0.615
1260 66.0 -0.634 0.317
1272 66.0 -0.969 -0.130
1284 66.0 -1.249 -0.466
1296 66.0 -1.528 -0.764
1308 66.0 -1.789 -1.062
1320 66.0 -1.555 -1.896
1332 66.0 -1.354 -1.522
1344 66.0 -1.320 -1.165
1356 66.0 -1.414 -1.860
1368 66.0 -0.643 -2.688
1380 66.0 -1.163 -2.679
1392 66.0 -1.820 -4.385
1404 66.0 -0.866 -4.471
1416 66.0 -0.859 -5.952
1428 66.0 -1.051 -7.719
1440 66.0 -1.599 -5.184
1452 66.0 -2.067 -3.272
1224 148.0 4.510 42.752
1236 148.0 4.510 42.752
1248 148.0 4.510 42.752
1260 148.0 4.510 42.752
1272 148.0 4.510 42.752
1284 148.0 4.510 42.752
1296 148.0 4.510 42.752
1308 148.0 4.510 42.752
1320 148.0 4.522 42.786
1332 148.0 4.574 42.752
1344 148.0 4.602 42.814
1356 148.0 4.632 42.781
1368 148.0 4.694 42.843
1380 148.0 4.656 42.809
1392 148.0 4.670 42.719
1404 148.0 4.664 42.702
1416 148.0 4.646 42.706
1428 148.0 4.704 42.778
1440 148.0 4.641 42.773
1452 148.0 4.697 42.814
1236 102.0 2.180 -5.889
1248 102.0 2.180 -5.889
1260 102.0 2.180 -6.038
1272 102.0 2.106 -6.038
1284 102.0 2.106 -6.038
1296 102.0 2.106 -6.038
1308 102.0 2.031 -6.038
1320 102.0 2.031 -6.038
1332 102.0 2.098 -5.996
1344 102.0 2.038 -6.019
1356 102.0 2.119 -5.987
1368 102.0 2.019 -5.993
1380 102.0 2.071 -5.920
1392 102.0 2.143 -5.885
1404 102.0 2.055 -5.898
1416 102.0 2.093 -5.950
1428 102.0 2.091 -5.823
1440 102.0 2.075 -5.925
1452 102.0 2.047 -5.962
1464 102.0 2.087 -5.946
1428 56.0 -12.393 -7.734
1440 56.0 -12.747 -7.436
1452 56.0 -13.083 -6.970
1464 56.0 -13.344 -6.653
1476 56.0 -13.698 -6.206
1488 56.0 -14.033 -5.889
1500 56.0 -14.313 -5.423
1512 56.0 -14.760 -5.125
1524 56.0 -14.532 -5.293
1536 56.0 -14.988 -5.083
1548 56.0 -15.681 -5.084
1560 56.0 -15.000 -5.134
1572 56.0 -15.951 -4.660
1584 56.0 -16.926 -3.991
1596 56.0 -17.014 -3.880
1608 56.0 -16.940 -3.935
1620 56.0 -17.889 -3.496
1632 56.0 -18.453 -3.569
1644 56.0 -17.625 -3.596
1656 56.0 -18.589 -2.834
1440 51.0 -11.815 -6.895
1452 51.0 -12.076 -6.597
1464 51.0 -12.430 -6.113
1476 51.0 -12.840 -5.815
1488 51.0 -13.250 -5.367
1500 51.0 -13.586 -4.883
1512 51.0 -13.940 -4.510
1524 51.0 -14.201 -4.063
1536 51.0 -15.114 -4.042
1548 51.0 -14.623 -4.106
1560 51.0 -15.699 -3.561
1572 51.0 -15.422 -3.772
1584 51.0 -15.314 -3.448
1596 51.0 -15.937 -3.658
1608 51.0 -16.667 -3.401
1620 51.0 -15.466 -4.124
1632 51.0 -16.455 -3.798
1644 51.0 -17.101 -2.944
1656 51.0 -17.401 -2.767
1668 51.0 -18.730 -2.323
1440 54.0 -12.598 -7.417
1452 54.0 -12.952 -6.970
1464 54.0 -13.288 -6.672
1476 54.0 -13.549 -6.336
1488 54.0 -13.903 -6.038
1500 54.0 -14.182 -5.591
1512 54.0 -14.518 -5.218
1524 54.0 -14.853 -4.808
1536 54.0 -15.036 -5.008
1548 54.0 -15.411 -4.687
1560 54.0 -16.105 -4.370
1572 54.0 -17.437 -3.382
1584 54.0 -17.032 -3.461
1596 54.0 -17.649 -3.138
1608 54.0 -17.409 -3.307
1620 54.0 -18.622 -1.853
1632 54.0 -19.253 -2.176
1644 54.0 -19.172 -1.839
1656 54.0 -17.900 -3.063
1668 54.0 -17.764 -2.530
1464 67.0 -5.367 -4.901
1476 67.0 -5.628 -5.050
1488 67.0 -5.908 -5.349
1500 67.0 -6.113 -5.498
1512 67.0 -6.187 -5.572
1524 67.0 -6.187 -5.572
1536 67.0 -6.262 -5.572
1548 67.0 -6.262 -5.572
1560 67.0 -6.292 -5.467
1572 67.0 -6.848 -5.741
1584 67.0 -6.330 -5.737
1596 67.0 -6.721 -5.472
1608 67.0 -6.651 -5.587
1620 67.0 -6.575 -5.454
1632 67.0 -6.940 -5.204
1644 67.0 -6.837 -5.995
1656 67.0 -7.498 -6.042
1668 67.0 -7.795 -5.490
1680 67.0 -6.613 -5.706
1692 67.0 -6.523 -5.350
1464 149.0 4.510 42.752
1476 149.0 4.510 42.752
1488 149.0 4.510 42.752
1500 149.0 4.510 42.752
1512 149.0 4.473 42.752
1524 149.0 4.473 42.826
1536 149.0 4.473 42.976
1548 149.0 4.435 43.050
1560 149.0 4.491 43.031
1572 149.0 4.483 43.074
1584 149.0 4.453 42.999
1596 149.0 4.512 43.044
1608 149.0 4.567 42.939
1620 149.0 4.580 42.912
1632 149.0 4.470 42.994
1644 149.0 4.523 43.067
1656 149.0 4.515 43.006
1668 149.0 4.644 42.928
1680 149.0 4.668 42.832
1692 149.0 4.867 42.924
1476 103.0 1.770 -6.038
1488 103.0 1.770 -6.038
1500 103.0 1.770 -6.038
1512 103.0 1.733 -6.038
1524 103.0 1.733 -6.038
1536 103.0 1.733 -5.964
1548 103.0 1.733 -5.889
1560 103.0 1.733 -5.889
1572 103.0 1.537 -5.837
1584 103.0 1.622 -5.855
1596 103.0 1.749 -5.897
1608 103.0 1.696 -6.062
1620 103.0 1.687 -6.024
1632 103.0 1.713 -6.019
1644 103.0 1.648 -6.064
1656 103.0 1.549 -6.037
1668 103.0 1.586 -6.036
1680 103.0 1.556 -6.048
1692 103.0 1.616 -6.061
1704 103.0 1.690 -6.032
1500 139.0 3.466 44.280
1512 139.0 3.466 44.280
1524 139.0 3.466 44.280
1536 139.0 3.466 44.280
1548 139.0 3.466 44.280
1560 139.0 3.466 44.280
1572 139.0 3.466 44.280
1584 139.0 3.466 44.280
1596 139.0 3.455 44.303
1608 139.0 3.541 44.353
1620 139.0 3.597 44.309
1632 139.0 3.608 44.324
1644 139.0 3.545 44.302
1656 139.0 3.518 44.355
1668 139.0 3.550 44.322
1680 139.0 3.454 44.251
1692 139.0 3.479 44.272
1704 139.0 3.468 44.252
1716 139.0 3.493 44.227
1728 139.0 3.527 44.235
1668 130.0 -25.811 15.915
1680 130.0 -25.588 14.872
1692 130.0 -25.178 14.257
1704 130.0 -24.842 13.791
1716 130.0 -24.432 13.325
1728 130.0 -24.022 12.729
1740 130.0 -23.612 12.263
1752 130.0 -23.277 11.797
1764 130.0 -23.388 11.200
1776 130.0 -23.598 10.628
1788 130.0 -23.045 10.448
1800 130.0 -22.310 9.577
1812 130.0 -21.629 8.016
1824 130.0 -21.327 8.749
1836 130.0 -19.757 4.164
1848 130.0 -20.838 7.451
1860 130.0 -21.812 9.176
1872 130.0 -23.102 13.878
1884 130.0 -20.818 10.904
1896 130.0 -23.205 14.136
1680 52.0 -18.245 1.994
1692 52.0 -18.655 2.292
1704 52.0 -19.028 2.777
1716 52.0 -19.438 3.075
1728 52.0 -19.773 3.522
1740 52.0 -20.183 3.820
1752 52.0 -20.593 4.305
1764 52.0 -20.929 4.603
1776 52.0 -21.353 4.331
1788 52.0 -22.062 4.606
1800 52.0 -21.990 4.981
1812 52.0 -21.594 4.999
1824 52.0 -22.582 5.360
1836 52.0 -23.500 5.700
1848 52.0 -23.127 5.059
1860 52.0 -24.041 6.080
1872 52.0 -24.164 6.248
1884 52.0 -25.669 6.926
1896 52.0 -25.707 7.258
1908 52.0 -27.092 7.869
1704 68.0 -6.597 -5.516
1716 68.0 -6.597 -5.516
1728 68.0 -6.635 -5.516
1740 68.0 -6.672 -5.516
1752 68.0 -6.709 -5.516
1764 68.0 -6.709 -5.516
1776 68.0 -6.746 -5.516
1788 68.0 -6.765 -5.516
1800 68.0 -6.722 -5.421
1812 68.0 -6.700 -5.434
1824 68.0 -6.711 -5.513
1836 68.0 -6.647 -5.539
1848 68.0 -6.650 -5.531
1860 68.0 -6.602 -5.603
1872 68.0 -6.632 -5.686
1884 68.0 -6.569 -5.553
1896 68.0 -6.535 -5.544
1908 68.0 -6.530 -5.489
1920 68.0 -6.504 -5.573
1932 68.0 -6.515 -5.543
1704 150.0 4.417 44.504
1716 150.0 4.417 44.597
1728 150.0 4.454 44.597
1740 150.0 4.454 44.429
1752 150.0 4.454 44.131
1764 150.0 4.454 43.982
1776 150.0 4.454 43.814
1788 150.0 4.529 43.516
1800 150.0 4.509 43.699
1812 150.0 4.553 43.724
1824 150.0 4.587 43.374
1836 150.0 4.495 43.404
1848 150.0 4.562 43.314
1860 150.0 4.491 42.962
1872 150.0 4.772 42.106
1884 150.0 4.722 42.095
1896 150.0 4.932 41.927
1908 150.0 4.921 41.053
1920 150.0 5.074 41.234
1932 150.0 5.355 40.516
1716 104.0 1.696 -5.293
1728 104.0 1.696 -5.144
1740 104.0 1.696 -5.144
1752 104.0 1.696 -5.050
1764 104.0 1.696 -5.050
1776 104.0 1.696 -4.957
1788 104.0 1.696 -4.883
1800 104.0 1.696 -4.883
1812 104.0 1.748 -5.032
1824 104.0 1.772 -5.099
1836 104.0 1.755 -5.331
1848 104.0 1.888 -5.233
1860 104.0 1.954 -5.439
1872 104.0 2.024 -5.449
1884 104.0 2.000 -5.473
1896 104.0 1.966 -5.324
1908 104.0 1.989 -5.194
1920 104.0 2.014 -5.256
1932 104.0 1.881 -5.382
1944 104.0 1.860 -5.288
1740 140.0 3.466 44.280
1752 140.0 3.466 44.280
1764 140.0 3.466 44.280
1776 140.0 3.466 44.280
1788 140.0 3.466 44.280
1800 140.0 3.466 44.280
1812 140.0 3.466 44.280
1824 140.0 3.466 44.280
1836 140.0 3.541 44.293
1848 140.0 3.571 44.210
1860 140.0 3.546 44.315
1872 140.0 3.551 44.371
1884 140.0 3.555 44.419
1896 140.0 3.593 44.392
1908 140.0 3.493 44.445
1920 140.0 3.542 44.392
1932 140.0 3.472 44.375
1944 140.0 3.420 44.417
1956 140.0 3.443 44.379
1968 140.0 3.378 44.396
1908 131.0 -20.798 3.839
1920 131.0 -20.724 3.075
1932 131.0 -20.593 2.460
1944 131.0 -20.519 1.845
1956 131.0 -20.370 1.230
1968 131.0 -20.370 0.615
1980 131.0 -20.314 -0.149
1992 131.0 -20.314 -0.764
2004 131.0 -20.087 -1.174
2016 131.0 -20.140 -0.875
2028 131.0 -19.979 -1.309
2040 131.0 -20.289 -1.772
2052 131.0 -20.283 -2.753
2064 131.0 -20.564 -3.861
2076 131.0 -20.237 -3.295
2088 131.0 -20.265 -3.500
2100 131.0 -20.461 -6.058
2112 131.0 -20.548 -7.222
2124 131.0 -20.144 -3.879
2136 131.0 -20.569 -1.759
1944 151.0 4.585 42.752
1956 151.0 4.585 42.752
1968 151.0 4.585 42.752
1980 151.0 4.585 42.752
1992 151.0 4.585 42.752
2004 151.0 4.529 42.752
2016 151.0 4.454 43.050
2028 151.0 4.380 43.292
2040 151.0 4.360 43.293
2052 151.0 4.400 43.162
2064 151.0 4.377 43.109
2076 151.0 4.317 43.057
2088 151.0 4.393 43.078
2100 151.0 4.237 43.218
2112 151.0 4.298 43.043
2124 151.0 4.357 43.068
2136 151.0 4.297 42.990
2148 151.0 4.374 43.046
2160 151.0 4.449 42.897
2172 151.0 4.335 42.967
1956 105.0 1.659 -4.212
1968 105.0 1.659 -4.212
1980 105.0 1.659 -4.137
1992 105.0 1.659 -4.137
2004 105.0 1.603 -3.988
2016 105.0 1.603 -3.820
2028 105.0 1.528 -3.522
2040 105.0 1.472 -3.355
2052 105.0 1.544 -3.353
2064 105.0 1.549 -3.266
2076 105.0 1.619 -3.393
2088 105.0 1.632 -3.412
2100 105.0 1.686 -3.346
2112 105.0 1.710 -3.357
2124 105.0 1.819 -2.994
2136 105.0 1.879 -3.024
2148 105.0 1.653 -2.821
2160 105.0 1.789 -2.659
2172 105.0 1.679 -1.916
2184 105.0 1.763 -1.060
1980 141.0 3.466 44.280
1992 141.0 3.466 44.280
2004 141.0 3.429 44.280
2016 141.0 3.429 44.280
2028 141.0 3.429 44.280
2040 141.0 3.429 44.280
2052 141.0 3.429 44.280
2064 141.0 3.429 44.280
2076 141.0 3.429 44.304
2088 141.0 3.412 44.287
2100 141.0 3.444 44.253
2112 141.0 3.450 44.290
2124 141.0 3.491 44.334
2136 141.0 3.459 44.295
2148 141.0 3.483 44.310
2160 141.0 3.542 44.334
2172 141.0 3.561 44.303
2184 141.0 3.495 44.257
2196 141.0 3.523 44.351
2208 141.0 3.567 44.305
2052 21.0 -18.264 -13.250
2064 21.0 -18.394 -12.635
2076 21.0 -18.450 -12.020
2088 21.0 -18.525 -11.405
2100 21.0 -18.599 -10.790
2112 21.0 -18.674 -10.194
2124 21.0 -18.748 -9.560
2136 21.0 -18.804 -8.964
2148 21.0 -18.507 -9.200
2160 21.0 -18.819 -9.399
2172 21.0 -18.792 -8.184
2184 21.0 -18.878 -7.649
2196 21.0 -18.679 -6.808
2208 21.0 -18.274 -6.298
2220 21.0 -18.372 -6.831
2232 21.0 -18.651 -7.606
2244 21.0 -18.343 -7.740
2256 21.0 -18.488 -6.413
2268 21.0 -18.716 -6.880
2280 21.0 -18.620 -4.650
2148 132.0 -19.866 -8.722
2160 132.0 -19.829 -9.411
2172 132.0 -19.792 -10.026
2184 132.0 -19.755 -10.641
2196 132.0 -19.717 -11.256
2208 132.0 -19.699 -11.871
2220 132.0 -19.680 -12.486
2232 132.0 -19.680 -13.101
2244 132.0 -19.535 -12.267
2256 132.0 -19.488 -13.823
2268 132.0 -19.725 -14.316
2280 132.0 -19.787 -15.848
2292 132.0 -19.477 -16.573
2304 132.0 -19.783 -16.928
2316 132.0 -19.829 -15.334
2328 132.0 -19.825 -15.660
2340 132.0 -19.724 -19.066
2352 132.0 -19.642 -14.508
2364 132.0 -19.832 -17.550
2376 132.0 -19.776 -16.597
2160 137.0 2.367 15.021
2172 137.0 1.659 14.723
2184 137.0 0.988 14.723
2196 137.0 0.298 14.723
2208 137.0 -0.391 14.723
2220 137.0 -1.006 14.723
2232 137.0 -1.696 14.723
2244 137.0 -2.367 14.723
2256 137.0 -1.664 15.029
2268 137.0 -4.017 15.791
2280 137.0 -2.684 15.625
2292 137.0 -1.900 15.945
2304 137.0 -3.264 16.209
2316 137.0 -4.259 16.403
2328 137.0 -4.111 16.345
2340 137.0 -3.355 16.529
2352 137.0 -3.320 16.155
2364 137.0 -4.528 17.288
2376 137.0 -3.913 15.799
2388 137.0 -3.842 16.084
2184 152.0 3.858 45.342
2196 152.0 3.858 45.342
2208 152.0 3.783 45.510
2220 152.0 3.783 45.510
2232 152.0 3.783 45.510
2244 152.0 3.783 45.510
2256 152.0 3.727 45.659
2268 152.0 3.727 45.659
2280 152.0 3.712 45.559
2292 152.0 3.654 45.756
2304 152.0 3.602 45.666
2316 152.0 3.748 45.562
2328 152.0 3.679 45.664
2340 152.0 3.679 45.530
2352 152.0 3.611 45.554
2364 152.0 3.709 45.593
2376 152.0 3.710 45.565
2388 152.0 3.741 45.579
2400 152.0 3.817 45.547
2412 152.0 3.772 45.598
2196 106.0 -1.006 -3.746
2208 106.0 -1.211 -4.063
2220 106.0 -1.416 -4.212
2232 106.0 -1.547 -4.361
2244 106.0 -1.770 -4.659
2256 106.0 -1.957 -4.808
2268 106.0 -2.180 -5.125
2280 106.0 -2.236 -5.442
2292 106.0 -1.677 -5.864
2304 106.0 -1.812 -5.972
2316 106.0 -1.881 -6.456
2328 106.0 -1.684 -6.078
2340 106.0 -1.689 -8.139
2352 106.0 -1.909 -7.522
2364 106.0 -1.707 -8.429
2376 106.0 -1.005 -9.686
2388 106.0 -1.355 -10.628
2400 106.0 -1.228 -9.922
2412 106.0 -1.648 -11.505
2424 106.0 -1.459 -11.840
2220 142.0 3.429 44.280
2232 142.0 3.429 44.280
2244 142.0 3.429 44.280
2256 142.0 3.448 44.280
2268 142.0 3.448 44.280
2280 142.0 3.448 44.280
2292 142.0 3.448 44.280
2304 142.0 3.448 44.280
2316 142.0 3.460 44.192
2328 142.0 3.464 44.240
2340 142.0 3.519 44.277
2352 142.0 3.513 44.257
2364 142.0 3.509 44.283
2376 142.0 3.498 44.232
2388 142.0 3.458 44.286
2400 142.0 3.467 44.280
2412 142.0 3.455 44.314
2424 142.0 3.403 44.443
2436 142.0 3.518 44.342
2448 142.0 3.499 44.453
2388 133.0 -19.540 -13.335
2400 133.0 -19.534 -13.316
2412 133.0 -19.529 -13.297
2424 133.0 -19.523 -13.278
2436 133.0 -19.517 -13.259
2448 133.0 -19.511 -13.240
2460 133.0 -19.505 -13.222
2472 133.0 -19.500 -13.203
2484 133.0 -19.492 -13.233
2496 133.0 -19.498 -13.231
2508 133.0 -19.591 -13.230
2520 133.0 -19.565 -13.272
2532 133.0 -19.590 -13.214
2544 133.0 -19.612 -13.181
2556 133.0 -19.699 -13.171
2568 133.0 -19.777 -13.131
2580 133.0 -19.607 -13.093
2592 133.0 -19.777 -13.073
2604 133.0 -19.727 -13.136
2616 133.0 -19.711 -13.113
2400 138.0 -10.940 14.872
2412 138.0 -11.648 14.872
2424 138.0 -12.319 14.872
2436 138.0 -12.952 15.021
2448 138.0 -13.623 15.021
2460 138.0 -14.257 15.021
2472 138.0 -14.928 15.021
2484 138.0 -15.617 15.021
2496 138.0 -14.732 15.276
2508 138.0 -15.966 15.989
2520 138.0 -15.831 15.719
2532 138.0 -16.062 16.059
2544 138.0 -16.386 16.481
2556 138.0 -18.114 16.907
2568 138.0 -17.363 17.044
2580 138.0 -19.152 17.459
2592 138.0 -18.460 17.232
2604 138.0 -16.741 17.018
2616 138.0 -17.238 16.987
2628 138.0 -19.544 18.335
2424 153.0 3.727 45.827
2436 153.0 3.727 45.827
2448 153.0 3.727 45.827
2460 153.0 3.727 45.827
2472 153.0 3.727 45.827
2484 153.0 3.727 45.827
2496 153.0 3.727 45.827
2508 153.0 3.690 45.659
2520 153.0 3.812 45.726
2532 153.0 3.794 45.727
2544 153.0 3.761 45.731
2556 153.0 3.756 45.708
2568 153.0 3.787 45.665
2580 153.0 3.785 45.645
2592 153.0 3.776 45.682
2604 153.0 3.691 45.773
2616 153.0 3.714 45.797
2628 153.0 3.730 45.743
2640 153.0 3.724 45.805
2652 153.0 3.784 45.725
2436 107.0 -3.541 -10.641
2448 107.0 -3.671 -10.958
2460 107.0 -3.820 -11.405
2472 107.0 -3.951 -11.704
2484 107.0 -4.081 -12.188
2496 107.0 -4.230 -12.635
2508 107.0 -4.342 -12.934
2520 107.0 -4.435 -13.325
2532 107.0 -4.176 -13.417
2544 107.0 -3.941 -13.550
2556 107.0 -3.690 -14.392
2568 107.0 -3.853 -14.875
2580 107.0 -3.619 -16.796
2592 107.0 -3.417 -15.912
2604 107.0 -3.476 -16.854
2616 107.0 -3.519 -17.346
2628 107.0 -3.526 -18.112
2640 107.0 -3.286 -17.500
2652 107.0 -3.398 -19.519
2664 107.0 -3.405 -19.840
2460 143.0 3.448 44.280
2472 143.0 3.448 44.280
2484 143.0 3.448 44.280
2496 143.0 3.448 44.280
2508 143.0 3.448 44.206
2520 143.0 3.448 44.206
2532 143.0 3.448 44.206
2544 143.0 3.448 44.206
2556 143.0 3.444 44.155
2568 143.0 3.482 44.119
2580 143.0 3.423 44.062
2592 143.0 3.409 44.109
2604 143.0 3.434 44.197
2616 143.0 3.448 44.123
2628 143.0 3.550 44.118
2640 143.0 3.567 44.099
2652 143.0 3.615 44.019
2664 143.0 3.518 44.033
2676 143.0 3.500 44.123
2688 143.0 3.430 44.132
2496 155.0 -7.715 -5.423
2508 155.0 -7.715 -5.423
2520 155.0 -7.715 -5.423
2532 155.0 -7.715 -5.423
2544 155.0 -7.715 -5.423
2556 155.0 -7.715 -5.423
2568 155.0 -7.715 -5.423
2580 155.0 -7.715 -5.423
2592 155.0 -7.683 -5.356
2604 155.0 -7.697 -5.187
2616 155.0 -7.769 -5.194
2628 155.0 -7.688 -5.408
2640 155.0 -7.743 -5.289
2652 155.0 -7.701 -5.163
2664 155.0 -7.681 -5.094
2676 155.0 -7.774 -5.079
2688 155.0 -7.793 -5.064
2700 155.0 -7.758 -5.236
2712 155.0 -7.799 -5.219
2724 155.0 -7.850 -5.134
2628 134.0 -19.424 -12.956
2640 134.0 -19.418 -12.937
2652 134.0 -19.412 -12.918
2664 134.0 -19.407 -12.899
2676 134.0 -19.401 -12.880
2688 134.0 -19.395 -12.861
2700 134.0 -19.389 -12.842
2712 134.0 -19.383 -12.823
2724 134.0 -19.411 -12.900
2736 134.0 -19.347 -13.038
2748 134.0 -19.305 -12.974
2760 134.0 -19.284 -13.069
2772 134.0 -19.305 -13.148
2784 134.0 -19.406 -13.011
2796 134.0 -19.316 -13.078
2808 134.0 -19.368 -13.129
2820 134.0 -19.351 -13.075
2832 134.0 -19.349 -13.139
2844 134.0 -19.331 -13.122
2856 134.0 -19.335 -13.033
2664 154.0 3.653 45.659
2676 154.0 3.653 45.659
2688 154.0 3.615 45.659
2700 154.0 3.615 45.659
2712 154.0 3.615 45.659
2724 154.0 3.615 45.659
2736 154.0 3.615 45.659
2748 154.0 3.615 45.659
2760 154.0 3.692 45.642
2772 154.0 3.583 45.577
2784 154.0 3.611 45.551
2796 154.0 3.510 45.582
2808 154.0 3.493 45.579
2820 154.0 3.446 45.737
2832 154.0 3.542 45.709
2844 154.0 3.471 45.794
2856 154.0 3.408 45.657
2868 154.0 3.427 45.656
2880 154.0 3.363 45.804
2892 154.0 3.387 45.715
2676 108.0 -4.845 -13.400
2688 108.0 -4.845 -13.101
2700 108.0 -4.845 -12.952
2712 108.0 -4.845 -12.635
2724 108.0 -4.920 -12.468
2736 108.0 -4.920 -12.020
2748 108.0 -4.995 -11.573
2760 108.0 -4.995 -11.089
2772 108.0 -4.819 -11.117
2784 108.0 -5.225 -10.391
2796 108.0 -4.914 -9.886
2808 108.0 -5.170 -9.601
2820 108.0 -4.917 -8.768
2832 108.0 -5.043 -9.975
2844 108.0 -4.945 -9.735
2856 108.0 -5.008 -9.452
2868 108.0 -5.317 -6.959
2880 108.0 -5.355 -7.829
2892 108.0 -5.346 -6.117
2904 108.0 -5.470 -5.990
2700 144.0 3.485 44.131
2712 144.0 3.485 44.131
2724 144.0 3.485 44.131
2736 144.0 3.485 44.131
2748 144.0 3.485 44.131
2760 144.0 3.485 44.131
2772 144.0 3.485 44.038
2784 144.0 3.485 44.038
2796 144.0 3.461 44.133
2808 144.0 3.483 44.085
2820 144.0 3.433 44.059
2832 144.0 3.459 44.069
2844 144.0 3.492 44.122
2856 144.0 3.525 44.058
2868 144.0 3.505 44.095
2880 144.0 3.431 44.064
2892 144.0 3.501 44.056
2904 144.0 3.434 44.074
2916 144.0 3.442 44.147
2928 144.0 3.478 44.075
2736 156.0 -7.715 -5.423
2748 156.0 -7.715 -5.423
2760 156.0 -7.715 -5.423
2772 156.0 -7.715 -5.423
2784 156.0 -7.715 -5.423
2796 156.0 -7.715 -5.423
2808 156.0 -7.715 -5.423
2820 156.0 -7.715 -5.423
2832 156.0 -7.667 -5.339
2844 156.0 -7.696 -5.368
2856 156.0 -7.706 -5.320
2868 156.0 -7.634 -5.374
2880 156.0 -7.629 -5.430
2892 156.0 -7.664 -5.383
2904 156.0 -7.586 -5.395
2916 156.0 -7.570 -5.385
2928 156.0 -7.569 -5.395
2940 156.0 -7.496 -5.447
2952 156.0 -7.377 -5.462
2964 156.0 -7.370 -5.363
2844 58.0 1.062 15.245
2856 58.0 0.578 15.245
2868 58.0 0.093 15.245
2880 58.0 -0.391 15.095
2892 58.0 -0.876 15.095
2904 58.0 -1.286 14.946
2916 58.0 -1.770 14.946
2928 58.0 -2.236 14.946
2940 58.0 -1.902 14.728
2952 58.0 -1.240 14.773
2964 58.0 -0.064 14.822
2976 58.0 -2.108 15.467
2988 58.0 -1.586 15.433
3000 58.0 -1.589 15.776
3012 58.0 -2.318 15.960
3024 58.0 -2.394 15.293
3036 58.0 -2.188 16.145
3048 58.0 -3.388 15.855
3060 58.0 -4.548 16.504
3072 58.0 -4.500 16.420
2844 136.0 -18.357 -13.623
2856 136.0 -18.357 -13.027
2868 136.0 -18.394 -12.393
2880 136.0 -18.469 -11.797
2892 136.0 -18.506 -11.163
2904 136.0 -18.543 -10.567
2916 136.0 -18.580 -9.970
2928 136.0 -18.599 -9.411
2940 136.0 -18.834 -8.914
2952 136.0 -18.668 -8.623
2964 136.0 -19.123 -9.274
2976 136.0 -18.794 -8.650
2988 136.0 -19.017 -8.278
3000 136.0 -18.717 -8.387
3012 136.0 -19.308 -6.265
3024 136.0 -18.264 -6.319
3036 136.0 -18.299 -6.028
3048 136.0 -17.865 -7.238
3060 136.0 -18.645 -9.599
3072 136.0 -18.642 -9.686
2868 135.0 -19.587 -11.014
2880 135.0 -19.661 -10.492
2892 135.0 -19.699 -9.877
2904 135.0 -19.792 -9.337
2916 135.0 -19.866 -8.815
2928 135.0 -19.941 -8.256
2940 135.0 -20.053 -7.734
2952 135.0 -20.090 -7.194
2964 135.0 -19.815 -7.226
2976 135.0 -19.487 -5.815
2988 135.0 -19.641 -6.581
3000 135.0 -20.030 -5.100
3012 135.0 -19.676 -4.546
3024 135.0 -19.809 -5.034
3036 135.0 -19.793 -2.034
3048 135.0 -19.954 -3.051
3060 135.0 -20.061 -3.448
3072 135.0 -19.900 -4.245
3084 135.0 -19.746 -4.232
3096 135.0 -19.790 -3.510
2916 109.0 -5.982 -5.647
2928 109.0 -6.094 -5.274
2940 109.0 -6.187 -4.901
2952 109.0 -6.243 -4.454
2964 109.0 -6.430 -4.119
2976 109.0 -6.765 -3.671
2988 109.0 -7.100 -3.224
3000 109.0 -7.380 -2.740
3012 109.0 -7.642 -3.181
3024 109.0 -7.774 -3.410
3036 109.0 -7.754 -3.060
3048 109.0 -8.882 -2.755
3060 109.0 -9.519 -2.872
3072 109.0 -8.871 -3.126
3084 109.0 -10.139 -2.392
3096 109.0 -9.879 -2.506
3108 109.0 -10.977 -1.699
3120 109.0 -11.942 -1.114
3132 109.0 -12.775 -0.555
3144 109.0 -10.843 -1.611
3084 59.0 -10.101 14.630
3096 59.0 -10.641 14.630
3108 59.0 -11.182 14.630
3120 59.0 -11.741 14.630
3132 59.0 -12.300 14.630
3144 59.0 -12.840 14.630
3156 59.0 -13.381 14.630
3168 59.0 -13.940 14.630
3180 59.0 -12.934 14.220
3192 59.0 -13.323 14.521
3204 59.0 -14.160 14.965
3216 59.0 -15.065 15.092
3228 59.0 -13.857 14.081
3240 59.0 -15.018 14.531
3252 59.0 -15.288 14.023
3264 59.0 -17.766 15.255
3276 59.0 -16.058 13.937
3288 59.0 -14.728 14.171
3300 59.0 -16.760 15.147
3312 59.0 -16.642 14.818
3084 119.0 3.522 13.474
3096 119.0 3.112 13.027
3108 119.0 2.628 12.580
3120 119.0 2.218 12.095
3132 119.0 1.733 11.797
3144 119.0 1.267 11.350
3156 119.0 0.988 10.716
3168 119.0 0.783 10.269
3180 119.0 1.735 10.424
3192 119.0 1.632 9.206
3204 119.0 2.063 8.805
3216 119.0 1.623 9.530
3228 119.0 0.249 7.558
3240 119.0 2.043 10.880
3252 119.0 1.179 8.100
3264 119.0 0.705 7.914
3276 119.0 -1.152 9.808
3288 119.0 -0.403 8.058
3300 119.0 1.663 7.958
3312 119.0 1.503 7.995
3156 110.0 -11.871 1.472
3168 110.0 -12.225 1.770
3180 110.0 -12.635 2.069
3192 110.0 -13.045 2.218
3204 110.0 -13.455 2.535
3216 110.0 -13.865 2.702
3228 110.0 -14.275 3.000
3240 110.0 -14.685 3.299
3252 110.0 -15.302 3.718
3264 110.0 -15.289 3.644
3276 110.0 -15.467 3.985
3288 110.0 -15.898 4.079
3300 110.0 -15.999 3.979
3312 110.0 -17.111 4.572
3324 110.0 -18.327 5.365
3336 110.0 -16.671 4.426
3348 110.0 -17.626 4.789
3360 110.0 -17.219 4.909
3372 110.0 -17.907 5.202
3384 110.0 -17.560 5.236
3168 123.0 -3.839 -14.480
3180 123.0 -3.727 -14.015
3192 123.0 -3.653 -13.716
3204 123.0 -3.578 -13.400
3216 123.0 -3.429 -12.934
3228 123.0 -3.373 -12.635
3240 123.0 -3.243 -12.337
3252 123.0 -3.168 -12.020
3264 123.0 -2.975 -11.845
3276 123.0 -2.686 -11.986
3288 123.0 -2.781 -11.283
3300 123.0 -2.892 -11.505
3312 123.0 -2.588 -10.874
3324 123.0 -1.959 -9.742
3336 123.0 -2.039 -11.108
3348 123.0 -2.167 -10.588
3360 123.0 -2.354 -11.613
3372 123.0 -2.096 -11.087
3384 123.0 -1.978 -9.754
3396 123.0 -1.989 -10.158
3264 126.0 -16.586 -14.257
3276 126.0 -17.145 -13.921
3288 126.0 -17.369 -13.325
3300 126.0 -17.630 -12.878
3312 126.0 -17.854 -12.244
3324 126.0 -18.040 -11.648
3336 126.0 -18.264 -11.014
3348 126.0 -18.394 -10.567
3360 126.0 -17.592 -11.761
3372 126.0 -17.847 -11.447
3384 126.0 -18.295 -10.723
3396 126.0 -18.423 -10.581
3408 126.0 -19.092 -10.402
3420 126.0 -19.707 -10.400
3432 126.0 -19.044 -10.851
3444 126.0 -19.107 -10.501
3456 126.0 -19.833 -10.163
3468 126.0 -19.785 -10.326
3480 126.0 -19.687 -10.239
3492 126.0 -20.896 -8.645
3324 60.0 -21.208 14.630
3336 60.0 -21.767 14.630
3348 60.0 -22.308 14.630
3360 60.0 -22.848 14.630
3372 60.0 -23.538 14.630
3384 60.0 -24.227 14.630
3396 60.0 -24.898 14.779
3408 60.0 -25.662 14.779
3420 60.0 -25.330 15.509
3432 60.0 -25.444 15.699
3444 60.0 -26.408 15.272
3456 60.0 -25.987 14.808
3468 60.0 -27.295 15.668
3480 60.0 -27.841 16.081
3492 60.0 -26.782 15.020
3504 60.0 -25.723 15.167
3516 60.0 -27.828 15.556
3528 60.0 -28.185 16.149
3540 60.0 -27.654 16.286
3552 60.0 -27.454 16.076
3324 120.0 -1.975 3.522
3336 120.0 -2.236 3.075
3348 120.0 -2.590 2.777
3360 120.0 -2.926 2.292
3372 120.0 -3.280 1.845
3384 120.0 -3.820 1.547
3396 120.0 -4.305 1.155
3408 120.0 -4.845 0.764
3420 120.0 -4.318 0.144
3432 120.0 -3.593 -1.174
3444 120.0 -3.069 -0.661
3456 120.0 -3.635 -0.788
3468 120.0 -3.672 -2.567
3480 120.0 -3.896 -2.439
3492 120.0 -3.853 -4.890
3504 120.0 -3.026 -4.807
3516 120.0 -2.517 -1.398
3528 120.0 -2.660 -2.124
3540 120.0 -3.022 -4.101
3552 120.0 -2.768 -5.282
3396 111.0 -20.388 5.908
3408 111.0 -20.798 6.057
3420 111.0 -21.134 6.355
3432 111.0 -21.544 6.653
3444 111.0 -21.898 6.989
3456 111.0 -22.308 7.138
3468 111.0 -22.718 7.436
3480 111.0 -23.128 7.734
3492 111.0 -23.201 7.827
3504 111.0 -24.043 8.094
3516 111.0 -24.107 8.425
3528 111.0 -24.933 8.943
3540 111.0 -24.674 9.160
3552 111.0 -25.483 9.530
3564 111.0 -25.536 10.066
3576 111.0 -26.739 9.940
3588 111.0 -26.662 9.792
3600 111.0 -27.859 10.544
3612 111.0 -26.101 9.576
3624 111.0 -27.058 9.989
3408 124.0 -1.528 -4.361
3420 124.0 -1.379 -3.746
3432 124.0 -1.305 -3.131
3444 124.0 -1.174 -2.516
3456 124.0 -1.044 -1.901
3468 124.0 -0.969 -1.137
3480 124.0 -0.839 -0.522
3492 124.0 -0.764 0.242
3504 124.0 -0.553 0.110
3516 124.0 -0.104 0.085
3528 124.0 0.122 0.595
3540 124.0 0.110 -1.118
3552 124.0 -0.446 -0.680
3564 124.0 -0.154 1.341
3576 124.0 -0.807 0.411
3588 124.0 -0.917 -0.247
3600 124.0 0.060 0.210
3612 124.0 -0.156 1.351
3624 124.0 0.826 1.830
3636 124.0 0.266 0.581
3504 78.0 3.560 45.212
3516 78.0 3.560 45.212
3528 78.0 3.560 45.212
3540 78.0 3.560 45.212
3552 78.0 3.560 45.212
3564 78.0 3.560 45.212
3576 78.0 3.560 45.212
3588 78.0 3.560 45.212
3600 78.0 3.585 45.246
3612 78.0 3.545 45.336
3624 78.0 3.540 45.315
3636 78.0 3.570 45.227
3648 78.0 3.601 45.324
3660 78.0 3.611 45.333
3672 78.0 3.566 45.390
3684 78.0 3.590 45.364
3696 78.0 3.584 45.400
3708 78.0 3.605 45.498
3720 78.0 3.660 45.596
3732 78.0 3.702 45.335
3504 117.0 -7.548 -5.125
3516 117.0 -7.548 -5.125
3528 117.0 -7.548 -5.125
3540 117.0 -7.548 -5.125
3552 117.0 -7.548 -5.125
3564 117.0 -7.548 -5.125
3576 117.0 -7.548 -5.125
3588 117.0 -7.548 -5.125
3600 117.0 -7.548 -5.156
3612 117.0 -7.582 -5.186
3624 117.0 -7.572 -5.192
3636 117.0 -7.553 -5.161
3648 117.0 -7.507 -5.215
3660 117.0 -7.546 -5.167
3672 117.0 -7.499 -5.203
3684 117.0 -7.441 -5.204
3696 117.0 -7.488 -5.247
3708 117.0 -7.516 -5.230
3720 117.0 -7.617 -5.149
3732 117.0 -7.582 -5.223
3504 127.0 -20.519 -3.224
3516 127.0 -20.649 -2.665
3528 127.0 -20.761 -2.069
3540 127.0 -20.891 -1.603
3552 127.0 -21.040 -0.988
3564 127.0 -21.171 -0.447
3576 127.0 -21.283 0.168
3588 127.0 -21.413 0.690
3600 127.0 -21.356 0.407
3612 127.0 -21.174 0.695
3624 127.0 -21.095 0.870
3636 127.0 -20.743 1.866
3648 127.0 -20.650 2.166
3660 127.0 -21.108 3.401
3672 127.0 -20.567 2.301
3684 127.0 -20.744 2.367
3696 127.0 -20.732 1.927
3708 127.0 -21.144 2.977
3720 127.0 -21.345 4.782
3732 127.0 -21.795 3.567
3564 61.0 -25.878 14.492
3576 61.0 -25.862 14.469
3588 61.0 -25.846 14.445
3600 61.0 -25.830 14.422
3612 61.0 -25.815 14.399
3624 61.0 -25.799 14.376
3636 61.0 -25.783 14.353
3648 61.0 -25.768 14.330
3660 61.0 -25.676 14.327
3672 61.0 -25.619 14.229
3684 61.0 -25.667 14.278
3696 61.0 -25.628 14.241
3708 61.0 -25.624 14.197
3720 61.0 -25.683 14.309
3732 61.0 -25.866 14.348
3744 61.0 -25.862 14.442
3756 61.0 -25.789 14.425
3768 61.0 -25.793 14.404
3780 61.0 -25.823 14.471
3792 61.0 -25.743 14.341
3564 121.0 -11.200 -3.373
3576 121.0 -11.629 -3.671
3588 121.0 -12.114 -3.970
3600 121.0 -12.561 -4.286
3612 121.0 -12.840 -4.752
3624 121.0 -13.120 -5.349
3636 121.0 -13.381 -5.982
3648 121.0 -13.716 -6.430
3660 121.0 -13.434 -6.079
3672 121.0 -14.017 -6.582
3684 121.0 -13.305 -5.798
3696 121.0 -12.733 -6.562
3708 121.0 -12.146 -7.615
3720 121.0 -11.984 -8.808
3732 121.0 -12.760 -10.133
3744 121.0 -11.497 -11.095
3756 121.0 -12.033 -10.406
3768 121.0 -11.988 -10.716
3780 121.0 -11.601 -9.459
3792 121.0 -11.622 -9.628
3600 10.0 -17.593 -12.785
3612 10.0 -17.742 -12.188
3624 10.0 -17.947 -11.704
3636 10.0 -18.077 -11.256
3648 10.0 -18.226 -10.641
3660 10.0 -18.357 -10.175
3672 10.0 -18.562 -9.728
3684 10.0 -18.711 -9.113
3696 10.0 -18.917 -8.790
3708 10.0 -18.584 -9.435
3720 10.0 -18.482 -9.545
3732 10.0 -18.678 -9.345
3744 10.0 -18.745 -8.691
3756 10.0 -18.583 -8.451
3768 10.0 -17.719 -8.272
3780 10.0 -18.883 -7.103
3792 10.0 -18.950 -6.779
3804 10.0 -18.433 -8.291
3816 10.0 -18.333 -6.440
3828 10.0 -18.789 -6.156
3636 112.0 -25.426 9.832
3648 112.0 -25.427 9.858
3660 112.0 -25.428 9.884
3672 112.0 -25.429 9.910
3684 112.0 -25.430 9.937
3696 112.0 -25.431 9.963
3708 112.0 -25.432 9.989
3720 112.0 -25.433 10.015
3732 112.0 -25.412 9.990
3744 112.0 -25.449 9.923
3756 112.0 -25.402 9.710
3768 112.0 -25.497 9.736
3780 112.0 -25.420 9.783
3792 112.0 -25.454 9.814
3804 112.0 -25.442 9.801
3816 112.0 -25.341 9.736
3828 112.0 -25.370 9.702
3840 112.0 -25.311 9.706
3852 112.0 -25.273 9.741
3864 112.0 -25.224 9.717
3648 125.0 0.988 7.045
3660 125.0 1.118 7.827
3672 125.0 1.323 8.424
3684 125.0 1.528 9.057
3696 125.0 1.733 9.654
3708 125.0 1.938 10.101
3720 125.0 2.069 10.735
3732 125.0 2.292 11.331
3744 125.0 1.764 10.933
3756 125.0 1.774 12.535
3768 125.0 1.745 12.693
3780 125.0 1.790 13.544
3792 125.0 2.702 12.601
3804 125.0 2.271 14.667
3816 125.0 2.579 15.936
3828 125.0 3.000 12.420
3840 125.0 2.775 13.304
3852 125.0 3.072 14.931
3864 125.0 2.627 10.974
3876 125.0 2.436 15.119
3744 79.0 3.560 45.212
3756 79.0 3.560 45.212
3768 79.0 3.560 45.212
3780 79.0 3.560 45.212
3792 79.0 3.560 45.212
3804 79.0 3.560 45.212
3816 79.0 3.560 45.212
3828 79.0 3.560 45.212
3840 79.0 3.572 45.310
3852 79.0 3.619 45.275
3864 79.0 3.616 45.252
3876 79.0 3.658 45.199
3888 79.0 3.675 45.157
3900 79.0 3.690 45.093
3912 79.0 3.731 45.091
3924 79.0 3.655 45.105
3936 79.0 3.701 45.190
3948 79.0 3.661 45.160
3960 79.0 3.611 45.238
3972 79.0 3.634 45.187
3744 118.0 -7.548 -5.125
3756 118.0 -7.548 -5.125
3768 118.0 -7.548 -5.125
3780 118.0 -7.548 -5.125
3792 118.0 -7.548 -5.125
3804 118.0 -7.548 -5.125
3816 118.0 -7.548 -5.125
3828 118.0 -7.548 -5.125
3840 118.0 -7.587 -5.122
3852 118.0 -7.546 -5.109
3864 118.0 -7.543 -5.073
3876 118.0 -7.546 -5.124
3888 118.0 -7.554 -5.107
3900 118.0 -7.559 -5.127
3912 118.0 -7.588 -5.178
3924 118.0 -7.509 -5.194
3936 118.0 -7.526 -5.097
3948 118.0 -7.597 -5.130
3960 118.0 -7.547 -5.156
3972 118.0 -7.517 -5.158
3804 62.0 -22.028 9.970
3816 62.0 -21.823 9.505
3828 62.0 -21.544 9.039
3840 62.0 -21.134 8.591
3852 62.0 -20.798 7.976
3864 62.0 -20.388 7.361
3876 62.0 -19.978 6.746
3888 62.0 -19.643 6.280
3900 62.0 -19.694 7.162
3912 62.0 -19.581 6.822
3924 62.0 -18.729 6.500
3936 62.0 -17.892 5.510
3948 62.0 -17.462 6.373
3960 62.0 -17.296 5.951
3972 62.0 -18.004 6.299
3984 62.0 -18.378 6.379
3996 62.0 -16.953 6.482
4008 62.0 -15.530 5.164
4020 62.0 -17.900 7.306
4032 62.0 -15.789 5.930
3804 122.0 -16.885 -13.623
3816 122.0 -17.034 -13.940
3828 122.0 -17.034 -13.940
3840 122.0 -17.034 -13.940
3852 122.0 -17.034 -13.940
3864 122.0 -17.034 -13.940
3876 122.0 -17.034 -13.940
3888 122.0 -17.034 -13.940
3900 122.0 -17.017 -14.103
3912 122.0 -17.182 -14.235
3924 122.0 -17.183 -14.178
3936 122.0 -17.201 -14.180
3948 122.0 -17.203 -14.145
3960 122.0 -17.163 -14.276
3972 122.0 -17.200 -14.668
3984 122.0 -17.188 -14.850
3996 122.0 -17.152 -15.129
4008 122.0 -17.232 -15.161
4020 122.0 -17.139 -14.979
4032 122.0 -16.823 -15.050
3840 11.0 -20.351 -2.050
3852 11.0 -20.481 -1.454
3864 11.0 -20.686 -0.988
3876 11.0 -20.910 -0.522
3888 11.0 -21.096 0.075
3900 11.0 -21.245 0.540
3912 11.0 -21.450 1.006
3924 11.0 -21.655 1.603
3936 11.0 -21.381 1.481
3948 11.0 -21.315 1.663
3960 11.0 -21.506 1.347
3972 11.0 -21.470 1.960
3984 11.0 -21.833 1.897
3996 11.0 -21.675 2.672
4008 11.0 -21.536 1.819
4020 11.0 -22.184 2.235
4032 11.0 -21.609 3.537
4044 11.0 -22.335 2.876
4056 11.0 -22.437 3.584
4068 11.0 -22.931 4.224
3876 12.0 -15.897 34.869
3888 12.0 -15.412 35.018
3900 12.0 -14.853 35.316
3912 12.0 -14.313 35.465
3924 12.0 -13.772 35.782
3936 12.0 -13.139 35.931
3948 12.0 -12.598 36.248
3960 12.0 -12.114 36.695
3972 12.0 -12.077 35.750
3984 12.0 -12.608 35.794
3996 12.0 -13.333 36.263
4008 12.0 -12.924 35.975
4020 12.0 -12.219 35.447
4032 12.0 -12.512 35.684
4044 12.0 -11.649 34.905
4056 12.0 -12.182 35.178
4068 12.0 -10.551 34.053
4080 12.0 -11.242 34.344
4092 12.0 -10.943 34.689
4104 12.0 -12.040 35.071
3876 113.0 -25.445 10.355
3888 113.0 -25.445 10.381
3900 113.0 -25.447 10.407
3912 113.0 -25.447 10.433
3924 113.0 -25.448 10.459
3936 113.0 -25.449 10.485
3948 113.0 -25.450 10.511
3960 113.0 -25.451 10.537
3972 113.0 -25.437 10.602
3984 113.0 -25.403 10.450
3996 113.0 -25.419 10.444
4008 113.0 -25.406 10.395
4020 113.0 -25.406 10.410
4032 113.0 -25.446 10.403
4044 113.0 -25.371 10.305
4056 113.0 -25.423 10.254
4068 113.0 -25.314 10.275
4080 113.0 -25.377 10.230
4092 113.0 -25.414 10.234
4104 113.0 -25.391 10.266
3984 80.0 3.560 45.212
3996 80.0 3.560 45.212
4008 80.0 3.522 45.137
4020 80.0 3.522 45.137
4032 80.0 3.522 45.137
4044 80.0 3.522 45.137
4056 80.0 3.522 45.137
4068 80.0 3.522 45.212
4080 80.0 3.514 45.189
4092 80.0 3.455 45.121
4104 80.0 3.475 45.146
4116 80.0 3.469 45.110
4128 80.0 3.473 45.087
4140 80.0 3.538 45.056
4152 80.0 3.569 45.021
4164 80.0 3.536 45.064
4176 80.0 3.490 45.161
4188 80.0 3.436 45.205
4200 80.0 3.486 45.181
4212 80.0 3.495 45.225
3996 14.0 3.429 43.963
4008 14.0 3.429 43.963
4020 14.0 3.429 43.963
4032 14.0 3.429 43.963
4044 14.0 3.429 43.963
4056 14.0 3.429 43.963
4068 14.0 3.429 43.963
4080 14.0 3.429 43.963
4092 14.0 3.504 43.942
4104 14.0 3.475 43.936
4116 14.0 3.471 43.975
4128 14.0 3.474 43.942
4140 14.0 3.511 43.926
4152 14.0 3.583 43.824
4164 14.0 3.624 43.809
4176 14.0 3.702 43.797
4188 14.0 3.775 43.788
4200 14.0 3.864 43.770
4212 14.0 3.700 43.824
4224 14.0 3.631 43.890
4044 63.0 -17.816 -0.540
4056 63.0 -17.779 -1.137
4068 63.0 -17.686 -1.603
4080 63.0 -17.611 -2.218
4092 63.0 -17.574 -2.740
4104 63.0 -17.500 -3.224
4116 63.0 -17.425 -3.820
4128 63.0 -17.388 -4.361
4140 63.0 -17.421 -4.462
4152 63.0 -17.507 -5.105
4164 63.0 -17.580 -5.943
4176 63.0 -17.461 -6.516
4188 63.0 -17.614 -6.996
4200 63.0 -17.395 -7.180
4212 63.0 -17.573 -7.479
4224 63.0 -17.708 -8.905
4236 63.0 -17.478 -7.982
4248 63.0 -17.617 -8.763
4260 63.0 -17.954 -7.699
4272 63.0 -17.876 -7.284
4116 13.0 -5.535 41.839
4128 13.0 -5.181 42.286
4140 13.0 -4.845 42.901
4152 13.0 -4.566 43.367
4164 13.0 -4.230 43.982
4176 13.0 -3.876 44.429
4188 13.0 -3.541 45.044
4200 13.0 -3.205 45.510
4212 13.0 -3.435 44.631
4224 13.0 -3.594 44.327
4236 13.0 -3.758 44.312
4248 13.0 -3.365 44.472
4260 13.0 -3.418 45.804
4272 13.0 -3.394 45.199
4284 13.0 -3.412 45.606
4296 13.0 -3.353 43.498
4308 13.0 -3.380 44.983
4320 13.0 -3.119 45.583
4332 13.0 -3.085 44.262
4344 13.0 -2.053 45.391
4116 114.0 -23.743 8.442
4128 114.0 -23.407 7.958
4140 114.0 -23.128 7.660
4152 114.0 -22.848 7.361
4164 114.0 -22.587 6.895
4176 114.0 -22.289 6.579
4188 114.0 -22.103 6.131
4200 114.0 -22.028 5.684
4212 114.0 -21.805 5.777
4224 114.0 -21.951 5.082
4236 114.0 -21.747 4.769
4248 114.0 -22.011 3.922
4260 114.0 -21.526 3.677
4272 114.0 -21.837 3.906
4284 114.0 -22.236 3.227
4296 114.0 -21.887 3.479
4308 114.0 -21.770 2.724
4320 114.0 -21.012 4.898
4332 114.0 -21.384 2.650
4344 114.0 -21.409 2.747
4224 81.0 3.522 45.286
4236 81.0 3.522 45.286
4248 81.0 3.522 45.286
4260 81.0 3.485 45.361
4272 81.0 3.485 45.361
4284 81.0 3.485 45.361
4296 81.0 3.485 45.361
4308 81.0 3.485 45.361
4320 81.0 3.448 45.282
4332 81.0 3.303 45.344
4344 81.0 3.261 45.360
4356 81.0 3.382 45.400
4368 81.0 3.366 45.241
4380 81.0 3.433 45.273
4392 81.0 3.431 45.224
4404 81.0 3.444 45.242
4416 81.0 3.417 45.233
4428 81.0 3.417 45.164
4440 81.0 3.443 45.160
4452 81.0 3.422 45.155
4236 15.0 3.429 43.963
4248 15.0 3.429 43.963
4260 15.0 3.429 43.963
4272 15.0 3.429 43.963
4284 15.0 3.429 43.963
4296 15.0 3.429 43.963
4308 15.0 3.429 43.963
4320 15.0 3.429 43.963
4332 15.0 3.415 44.032
4344 15.0 3.451 44.112
4356 15.0 3.496 44.055
4368 15.0 3.529 44.048
4380 15.0 3.596 44.021
4392 15.0 3.551 44.111
4404 15.0 3.537 44.084
4416 15.0 3.613 44.186
4428 15.0 3.595 44.129
4440 15.0 3.694 44.183
4452 15.0 3.659 44.135
4464 15.0 3.854 44.033
4356 115.0 -20.947 -0.149
4368 115.0 -20.873 -0.466
4380 115.0 -20.798 -0.913
4392 115.0 -20.649 -1.360
4404 115.0 -20.575 -1.845
4416 115.0 -20.519 -2.292
4428 115.0 -20.463 -2.740
4440 115.0 -20.388 -3.224
4452 115.0 -20.335 -3.660
4464 115.0 -20.388 -3.634
4476 115.0 -20.422 -3.620
4488 115.0 -20.499 -4.752
4500 115.0 -20.367 -4.172
4512 115.0 -19.871 -5.518
4524 115.0 -19.794 -6.066
4536 115.0 -20.068 -5.547
4548 115.0 -19.979 -6.078
4560 115.0 -20.173 -8.243
4572 115.0 -19.459 -7.740
4584 115.0 -20.210 -6.778
4464 82.0 3.485 45.510
4476 82.0 3.485 45.510
4488 82.0 3.485 45.510
4500 82.0 3.485 45.585
4512 82.0 3.448 45.510
4524 82.0 3.448 45.510
4536 82.0 3.448 45.436
4548 82.0 3.448 45.436
4560 82.0 3.456 45.503
4572 82.0 3.482 45.459
4584 82.0 3.521 45.462
4596 82.0 3.535 45.428
4608 82.0 3.481 45.408
4620 82.0 3.449 45.473
4632 82.0 3.462 45.465
4644 82.0 3.437 45.477
4656 82.0 3.373 45.519
4668 82.0 3.347 45.543
4680 82.0 3.355 45.528
4692 82.0 3.391 45.475
4596 116.0 -19.661 -9.579
4608 116.0 -19.624 -10.026
4620 116.0 -19.568 -10.492
4632 116.0 -19.494 -10.958
4644 116.0 -19.494 -11.405
4656 116.0 -19.419 -11.778
4668 116.0 -19.382 -12.188
4680 116.0 -19.345 -12.635
4692 116.0 -19.448 -13.377
4704 116.0 -19.570 -13.494
4716 116.0 -19.506 -13.610
4728 116.0 -19.525 -14.889
4740 116.0 -19.460 -15.447
4752 116.0 -19.634 -15.200
4764 116.0 -19.384 -15.623
4776 116.0 -19.683 -17.230
4788 116.0 -19.738 -17.103
4800 116.0 -19.760 -18.873
4812 116.0 -19.752 -17.677
4824 116.0 -19.900 -17.007
4704 83.0 3.448 45.137
4716 83.0 3.448 45.063
4728 83.0 3.448 45.063
4740 83.0 3.448 45.063
4752 83.0 3.485 45.063
4764 83.0 3.485 45.063
4776 83.0 3.485 45.063
4788 83.0 3.485 44.970
4800 83.0 3.463 45.026
4812 83.0 3.457 45.070
4824 83.0 3.388 45.071
4836 83.0 3.431 45.101
4848 83.0 3.367 44.999
4860 83.0 3.347 45.084
4872 83.0 3.404 45.090
4884 83.0 3.455 45.011
4896 83.0 3.461 44.996
4908 83.0 3.516 45.016
4920 83.0 3.499 45.072
4932 83.0 3.517 45.086
4836 74.0 4.883 14.220
4848 74.0 4.249 13.250
4860 74.0 3.690 12.654
4872 74.0 3.131 12.170
4884 74.0 2.609 11.573
4896 74.0 2.385 11.126
4908 74.0 2.385 10.790
4920 74.0 2.255 10.343
4932 74.0 2.517 11.696
4944 74.0 2.524 12.401
4956 74.0 2.989 10.651
4968 74.0 0.878 11.754
4980 74.0 2.466 12.242
4992 74.0 1.700 11.284
5004 74.0 0.559 12.604
5016 74.0 -1.100 12.338
5028 74.0 0.380 11.261
5040 74.0 0.636 12.683
5052 74.0 -0.250 12.594
5064 74.0 -1.666 13.077
4848 29.0 4.547 16.232
4860 29.0 4.286 15.487
4872 29.0 3.988 14.853
4884 29.0 3.727 14.257
4896 29.0 3.466 13.474
4908 29.0 3.168 12.878
4920 29.0 2.907 12.263
4932 29.0 2.758 11.648
4944 29.0 2.550 12.403
4956 29.0 2.837 12.324
4968 29.0 2.501 12.666
4980 29.0 1.971 12.602
4992 29.0 2.363 10.409
5004 29.0 1.806 9.498
5016 29.0 1.133 10.376
5028 29.0 2.898 9.732
5040 29.0 1.244 11.779
5052 29.0 -0.001 12.044
5064 29.0 1.017 11.515
5076 29.0 -2.384 13.897
4944 84.0 3.485 44.671
4956 84.0 3.485 44.671
4968 84.0 3.485 44.597
4980 84.0 3.485 44.597
4992 84.0 3.485 44.597
5004 84.0 3.485 44.597
5016 84.0 3.485 44.597
5028 84.0 3.485 44.597
5040 84.0 3.440 44.581
5052 84.0 3.506 44.560
5064 84.0 3.535 44.499
5076 84.0 3.546 44.545
5088 84.0 3.678 44.516
5100 84.0 3.717 44.480
5112 84.0 3.785 44.540
5124 84.0 3.761 44.572
5136 84.0 3.703 44.530
5148 84.0 3.705 44.535
5160 84.0 3.565 44.548
5172 84.0 3.731 44.484
5004 24.0 3.615 43.665
5016 24.0 3.615 43.665
5028 24.0 3.615 43.665
5040 24.0 3.615 43.665
5052 24.0 3.615 43.665
5064 24.0 3.615 43.665
5076 24.0 3.615 43.665
5088 24.0 3.615 43.665
5100 24.0 3.657 43.664
5112 24.0 3.659 43.731
5124 24.0 3.648 43.716
5136 24.0 3.573 43.679
5148 24.0 3.571 43.668
5160 24.0 3.594 43.720
5172 24.0 3.662 43.674
5184 24.0 3.691 43.655
5196 24.0 3.763 43.645
5208 24.0 3.819 43.621
5220 24.0 3.863 43.726
5232 24.0 3.850 43.724
5076 75.0 0.149 3.224
5088 75.0 0.019 2.684
5100 75.0 -0.112 2.162
5112 75.0 -0.317 1.603
5124 75.0 -0.447 1.081
5136 75.0 -0.596 0.540
5148 75.0 -0.764 0.000
5160 75.0 -0.895 -0.522
5172 75.0 -0.772 0.687
5184 75.0 -0.695 0.465
5196 75.0 -0.628 -0.475
5208 75.0 -0.824 -2.457
5220 75.0 -0.864 -3.266
5232 75.0 -0.589 -3.863
5244 75.0 -0.242 -4.297
5256 75.0 -0.512 -4.015
5268 75.0 -0.622 -4.255
5280 75.0 -0.323 -4.831
5292 75.0 -0.153 -3.544
5304 75.0 0.334 -4.198
5088 30.0 0.373 4.603
5100 30.0 0.149 4.137
5112 30.0 -0.112 3.597
5124 30.0 -0.391 3.150
5136 30.0 -0.671 2.609
5148 30.0 -0.895 2.143
5160 30.0 -1.174 1.621
5172 30.0 -1.454 1.155
5184 30.0 -1.064 0.455
5196 30.0 -1.879 0.762
5208 30.0 -0.810 1.173
5220 30.0 -1.876 -0.191
5232 30.0 -1.677 -0.888
5244 30.0 -1.004 0.619
5256 30.0 -2.410 -4.448
5268 30.0 -3.196 -2.835
5280 30.0 -0.321 0.531
5292 30.0 -1.688 -0.685
5304 30.0 0.690 -3.544
5316 30.0 -1.937 -4.558
5088 72.0 -18.860 -12.337
5100 72.0 -19.158 -12.020
5112 72.0 -19.233 -11.405
5124 72.0 -19.345 -10.958
5136 72.0 -19.419 -10.343
5148 72.0 -19.494 -9.877
5160 72.0 -19.643 -9.262
5172 72.0 -19.699 -8.796
5184 72.0 -19.535 -8.409
5196 72.0 -19.480 -8.934
5208 72.0 -19.678 -8.799
5220 72.0 -19.726 -7.884
5232 72.0 -19.665 -7.936
5244 72.0 -19.515 -7.330
5256 72.0 -19.346 -7.643
5268 72.0 -19.342 -7.766
5280 72.0 -19.788 -5.307
5292 72.0 -18.812 -5.632
5304 72.0 -19.128 -4.780
5316 72.0 -19.506 -4.098
5184 85.0 3.410 44.970
5196 85.0 3.410 44.970
5208 85.0 3.410 45.063
5220 85.0 3.410 45.063
5232 85.0 3.410 45.063
5244 85.0 3.410 45.137
5256 85.0 3.373 45.137
5268 85.0 3.373 45.212
5280 85.0 3.377 45.144
5292 85.0 3.431 44.977
5304 85.0 3.522 44.998
5316 85.0 3.442 45.048
5328 85.0 3.529 45.088
5340 85.0 3.493 45.005
5352 85.0 3.438 45.094
5364 85.0 3.369 45.131
5376 85.0 3.410 45.040
5388 85.0 3.449 44.983
5400 85.0 3.378 44.930
5412 85.0 3.375 44.970
5208 18.0 1.025 52.014
5220 18.0 0.857 51.250
5232 18.0 0.783 50.784
5244 18.0 0.708 50.337
5256 18.0 0.634 49.722
5268 18.0 0.559 49.256
5280 18.0 0.503 48.809
5292 18.0 0.447 48.343
5304 18.0 0.644 48.071
5316 18.0 0.876 47.329
5328 18.0 0.926 47.227
5340 18.0 0.989 46.669
5352 18.0 1.186 45.791
5364 18.0 0.904 45.561
5376 18.0 0.937 45.844
5388 18.0 0.994 44.908
5400 18.0 0.533 45.465
5412 18.0 0.319 44.770
5424 18.0 0.222 43.692
5436 18.0 1.022 43.688
5244 25.0 3.615 43.665
5256 25.0 3.615 43.665
5268 25.0 3.615 43.665
5280 25.0 3.615 43.665
5292 25.0 3.615 43.665
5304 25.0 3.615 43.665
5316 25.0 3.615 43.665
5328 25.0 3.615 43.665
5340 25.0 3.569 43.744
5352 25.0 3.575 43.711
5364 25.0 3.583 43.759
5376 25.0 3.621 43.677
5388 25.0 3.589 43.598
5400 25.0 3.608 43.639
5412 25.0 3.673 43.637
5424 25.0 3.653 43.707
5436 25.0 3.639 43.705
5448 25.0 3.676 43.687
5460 25.0 3.708 43.668
5472 25.0 3.699 43.711
5244 69.0 4.622 13.493
5256 69.0 4.063 13.176
5268 69.0 3.522 12.878
5280 69.0 2.982 12.729
5292 69.0 2.497 12.412
5304 69.0 1.938 12.114
5316 69.0 1.398 11.797
5328 69.0 0.857 11.648
5340 69.0 1.284 13.357
5352 69.0 0.023 13.485
5364 69.0 0.638 12.500
5376 69.0 -0.411 12.844
5388 69.0 -1.801 14.212
5400 69.0 0.228 12.621
5412 69.0 -2.364 13.584
5424 69.0 -1.101 13.584
5436 69.0 0.464 12.788
5448 69.0 -1.460 13.323
5460 69.0 -0.497 13.076
5472 69.0 -2.195 14.204
5316 76.0 -1.864 -4.044
5328 76.0 -1.864 -4.361
5340 76.0 -1.994 -4.827
5352 76.0 -2.199 -5.125
5364 76.0 -2.348 -5.572
5376 76.0 -2.479 -5.908
5388 76.0 -2.684 -6.355
5400 76.0 -2.833 -6.802
5412 76.0 -2.922 -8.203
5424 76.0 -3.289 -7.647
5436 76.0 -2.971 -8.100
5448 76.0 -3.258 -8.745
5460 76.0 -3.875 -8.273
5472 76.0 -4.734 -9.293
5484 76.0 -4.084 -11.375
5496 76.0 -3.991 -11.798
5508 76.0 -4.331 -10.057
5520 76.0 -4.629 -10.302
5532 76.0 -4.975 -12.493
5544 76.0 -2.252 -13.518
5424 86.0 3.299 45.510
5436 86.0 3.299 45.585
5448 86.0 3.299 45.585
5460 86.0 3.299 45.585
5472 86.0 3.299 45.659
5484 86.0 3.299 45.659
5496 86.0 3.299 45.659
5508 86.0 3.336 45.659
5520 86.0 3.301 45.648
5532 86.0 3.212 45.778
5544 86.0 3.216 45.602
5556 86.0 3.157 45.603
5568 86.0 3.239 45.659
5580 86.0 3.231 45.727
5592 86.0 3.274 45.739
5604 86.0 3.268 45.641
5616 86.0 3.220 45.723
5628 86.0 3.175 45.765
5640 86.0 3.279 45.794
5652 86.0 3.400 45.667
5484 70.0 -5.740 7.212
5496 70.0 -6.150 6.746
5508 70.0 -6.560 6.206
5520 70.0 -6.840 5.740
5532 70.0 -7.175 5.293
5544 70.0 -7.455 4.752
5556 70.0 -7.790 4.286
5568 70.0 -8.107 3.914
5580 70.0 -7.485 5.107
5592 70.0 -7.444 3.387
5604 70.0 -7.882 3.639
5616 70.0 -7.707 3.462
5628 70.0 -7.702 3.422
5640 70.0 -9.669 4.382
5652 70.0 -7.431 2.135
5664 70.0 -8.723 2.494
5676 70.0 -6.847 1.110
5688 70.0 -8.492 0.106
5700 70.0 -10.232 6.056
5712 70.0 -8.082 1.020
5556 77.0 -3.522 -9.877
5568 77.0 -3.522 -9.877
5580 77.0 -3.485 -9.877
5592 77.0 -3.522 -10.026
5604 77.0 -3.522 -10.026
5616 77.0 -3.522 -10.101
5628 77.0 -3.541 -10.101
5640 77.0 -3.541 -10.175
5652 77.0 -3.501 -10.162
5664 77.0 -3.691 -10.077
5676 77.0 -3.663 -9.980
5688 77.0 -3.638 -9.931
5700 77.0 -3.544 -9.986
5712 77.0 -3.636 -9.854
5724 77.0 -3.529 -9.888
5736 77.0 -3.490 -9.926
5748 77.0 -3.462 -9.870
5760 77.0 -3.496 -9.807
5772 77.0 -3.472 -9.905
5784 77.0 -3.403 -9.926
5604 73.0 4.510 12.952
5616 73.0 3.970 12.952
5628 73.0 3.410 12.952
5640 73.0 2.870 12.803
5652 73.0 2.330 12.803
5664 73.0 1.770 12.635
5676 73.0 1.230 12.635
5688 73.0 0.671 12.635
5700 73.0 0.866 13.259
5712 73.0 1.251 13.224
5724 73.0 0.126 13.679
5736 73.0 -1.138 14.086
5748 73.0 -1.272 14.349
5760 73.0 -2.209 14.320
5772 73.0 -1.385 13.810
5784 73.0 -1.367 14.287
5796 73.0 -2.158 13.840
5808 73.0 -2.401 13.716
5820 73.0 -0.902 13.493
5832 73.0 -2.395 14.640
5664 87.0 3.373 45.436
5676 87.0 3.373 45.436
5688 87.0 3.410 45.436
5700 87.0 3.410 45.436
5712 87.0 3.410 45.436
5724 87.0 3.410 45.361
5736 87.0 3.410 45.361
5748 87.0 3.410 45.361
5760 87.0 3.372 45.324
5772 87.0 3.470 45.324
5784 87.0 3.431 45.344
5796 87.0 3.253 45.291
5808 87.0 3.323 45.443
5820 87.0 3.318 45.486
5832 87.0 3.352 45.471
5844 87.0 3.375 45.444
5856 87.0 3.289 45.403
5868 87.0 3.273 45.424
5880 87.0 3.270 45.439
5892 87.0 3.322 45.418
5724 71.0 -12.151 -2.218
5736 71.0 -12.430 -2.833
5748 71.0 -12.710 -3.280
5760 71.0 -12.971 -3.895
5772 71.0 -13.250 -4.361
5784 71.0 -13.530 -4.827
5796 71.0 -13.791 -5.442
5808 71.0 -14.070 -5.889
5820 71.0 -15.260 -5.805
5832 71.0 -14.684 -4.973
5844 71.0 -13.379 -5.614
5856 71.0 -13.820 -6.663
5868 71.0 -14.488 -7.670
5880 71.0 -14.934 -9.137
5892 71.0 -15.304 -5.292
5904 71.0 -15.220 -7.713
5916 71.0 -16.742 -7.670
5928 71.0 -13.761 -8.046
5940 71.0 -14.263 -9.478
5952 71.0 -15.812 -9.346
6336 42.0 1.770 15.245
6348 42.0 1.062 15.245
6360 42.0 0.429 15.245
6372 42.0 -0.112 15.245
6384 42.0 -0.727 15.245
6396 42.0 -1.286 15.394
6408 42.0 -1.901 15.394
6420 42.0 -2.441 15.394
6432 42.0 -0.451 15.675
6444 42.0 -1.079 15.443
6456 42.0 -1.536 15.736
6468 42.0 -1.156 15.016
6480 42.0 -1.618 15.198
6492 42.0 -3.307 15.416
6504 42.0 -4.886 15.578
6516 42.0 -4.027 15.670
6528 42.0 -4.598 15.713
6540 42.0 -3.960 14.638
6552 42.0 -3.810 14.246
6564 42.0 -5.016 14.420
6504 40.0 3.765 44.206
6516 40.0 3.765 44.206
6528 40.0 3.765 44.206
6540 40.0 3.765 44.206
6552 40.0 3.765 44.206
6564 40.0 3.765 44.206
6576 40.0 3.765 44.206
6588 40.0 3.765 44.206
6600 40.0 3.785 44.140
6612 40.0 3.817 44.176
6624 40.0 3.766 44.269
6636 40.0 3.803 44.276
6648 40.0 3.789 44.299
6660 40.0 3.811 44.325
6672 40.0 3.789 44.375
6684 40.0 3.853 44.451
6696 40.0 3.893 44.429
6708 40.0 3.856 44.469
6720 40.0 3.811 44.560
6732 40.0 3.812 44.638
6504 44.0 -20.407 19.326
6516 44.0 -19.810 19.326
6528 44.0 -19.177 19.326
6540 44.0 -18.506 19.326
6552 44.0 -17.872 19.326
6564 44.0 -17.257 19.326
6576 44.0 -16.568 19.326
6588 44.0 -15.971 19.326
6600 44.0 -18.147 19.686
6612 44.0 -17.534 19.133
6624 44.0 -17.325 19.392
6636 44.0 -17.060 19.223
6648 44.0 -16.865 19.058
6660 44.0 -16.130 19.157
6672 44.0 -16.440 19.430
6684 44.0 -16.597 19.651
6696 44.0 -15.938 19.546
6708 44.0 -16.130 19.696
6720 44.0 -15.041 18.396
6732 44.0 -15.358 19.246
6504 46.0 -7.492 -5.367
6516 46.0 -7.492 -5.367
6528 46.0 -7.492 -5.367
6540 46.0 -7.492 -5.367
6552 46.0 -7.492 -5.367
6564 46.0 -7.492 -5.367
6576 46.0 -7.492 -5.367
6588 46.0 -7.492 -5.367
6600 46.0 -7.464 -5.410
6612 46.0 -7.443 -5.398
6624 46.0 -7.445 -5.522
6636 46.0 -7.429 -5.490
6648 46.0 -7.492 -5.484
6660 46.0 -7.485 -5.447
6672 46.0 -7.406 -5.367
6684 46.0 -7.509 -5.341
6696 46.0 -7.504 -5.416
6708 46.0 -7.546 -5.418
6720 46.0 -7.571 -5.429
6732 46.0 -7.592 -5.348
6576 43.0 -10.604 16.251
6588 43.0 -11.014 16.251
6600 43.0 -11.499 16.251
6612 43.0 -11.983 16.251
6624 43.0 -12.468 16.251
6636 43.0 -13.008 16.251
6648 43.0 -13.549 16.251
6660 43.0 -14.108 16.400
6672 43.0 -13.896 17.159
6684 43.0 -13.800 16.705
6696 43.0 -13.790 16.130
6708 43.0 -14.876 16.883
6720 43.0 -15.062 17.390
6732 43.0 -15.968 17.396
6744 43.0 -14.437 16.779
6756 43.0 -16.494 17.321
6768 43.0 -17.235 17.491
6780 43.0 -17.805 18.018
6792 43.0 -15.809 17.069
6804 43.0 -16.366 17.358
6744 41.0 3.765 44.206
6756 41.0 3.765 44.206
6768 41.0 3.765 44.206
6780 41.0 3.765 44.206
6792 41.0 3.765 44.206
6804 41.0 3.765 44.206
6816 41.0 3.765 44.206
6828 41.0 3.765 44.206
6840 41.0 3.750 44.258
6852 41.0 3.684 44.280
6864 41.0 3.715 44.247
6876 41.0 3.713 44.140
6888 41.0 3.699 44.087
6900 41.0 3.666 44.201
6912 41.0 3.671 44.275
6924 41.0 3.702 44.240
6936 41.0 3.694 44.299
6948 41.0 3.640 44.247
6960 41.0 3.668 44.309
6972 41.0 3.627 44.300
6744 45.0 -7.734 19.475
6756 45.0 -7.100 19.475
6768 45.0 -6.430 19.475
6780 45.0 -5.796 19.475
6792 45.0 -5.200 19.475
6804 45.0 -4.566 19.475
6816 45.0 -3.951 19.475
6828 45.0 -3.261 19.475
6840 45.0 -3.279 19.211
6852 45.0 -2.576 18.853
6864 45.0 -3.072 18.835
6876 45.0 -3.140 18.568
6888 45.0 -2.841 18.375
6900 45.0 -3.431 18.764
6912 45.0 -3.003 18.774
6924 45.0 -2.492 18.089
6936 45.0 -2.344 18.071
6948 45.0 -0.961 17.550
6960 45.0 -2.290 17.993
6972 45.0 -1.614 17.955
6744 47.0 -7.492 -5.367
6756 47.0 -7.492 -5.367
6768 47.0 -7.492 -5.367
6780 47.0 -7.492 -5.367
6792 47.0 -7.492 -5.367
6804 47.0 -7.492 -5.367
6816 47.0 -7.492 -5.367
6828 47.0 -7.492 -5.367
6840 47.0 -7.488 -5.394
6852 47.0 -7.449 -5.354
6864 47.0 -7.461 -5.336
6876 47.0 -7.499 -5.217
6888 47.0 -7.505 -5.269
6900 47.0 -7.479 -5.330
6912 47.0 -7.439 -5.375
6924 47.0 -7.395 -5.390
6936 47.0 -7.423 -5.456
6948 47.0 -7.437 -5.495
6960 47.0 -7.390 -5.466
6972 47.0 -7.419 -5.468
6840 2.0 5.032 14.406
6852 2.0 4.417 14.406
6864 2.0 3.802 14.555
6876 2.0 3.168 14.555
6888 2.0 2.572 14.704
6900 2.0 1.938 14.704
6912 2.0 1.323 14.704
6924 2.0 0.708 14.872
6936 2.0 1.673 14.563
6948 2.0 1.339 14.449
6960 2.0 -0.326 14.623
6972 2.0 0.162 14.575
6984 2.0 0.641 15.347
6996 2.0 -1.540 14.892
7008 2.0 -0.890 15.322
7020 2.0 -0.176 15.014
7032 2.0 -0.341 15.456
7044 2.0 0.534 14.357
7056 2.0 -1.063 15.294
7068 2.0 -1.773 15.512
6888 0.0 3.578 19.158
6900 0.0 3.243 18.543
6912 0.0 2.833 17.928
6924 0.0 2.497 17.313
6936 0.0 2.143 16.698
6948 0.0 1.733 16.102
6960 0.0 1.398 15.468
6972 0.0 0.988 14.872
6984 0.0 0.545 14.990
6996 0.0 1.077 14.330
7008 0.0 -0.535 15.046
7020 0.0 0.270 16.391
7032 0.0 -1.131 15.676
7044 0.0 1.241 14.572
7056 0.0 0.141 13.352
7068 0.0 -1.937 15.774
7080 0.0 -0.992 15.564
7092 0.0 -0.799 14.133
7104 0.0 -1.815 14.885
7116 0.0 -0.772 13.859
6996 159.0 -17.369 -14.704
7008 159.0 -17.295 -14.406
7020 159.0 -17.090 -13.623
7032 159.0 -16.940 -13.027
7044 159.0 -16.885 -12.412
7056 159.0 -16.885 -11.797
7068 159.0 -16.885 -11.182
7080 159.0 -16.940 -10.567
7092 159.0 -16.767 -10.737
7104 159.0 -17.056 -9.980
7116 159.0 -16.527 -8.477
7128 159.0 -16.593 -10.083
7140 159.0 -16.048 -9.154
7152 159.0 -15.874 -8.469
7164 159.0 -16.936 -9.502
7176 159.0 -16.023 -9.956
7188 159.0 -16.109 -7.100
7200 159.0 -16.650 -11.316
7212 159.0 -16.286 -6.882
7224 159.0 -16.551 -12.221
7080 3.0 -6.001 14.164
7092 3.0 -6.635 14.164
7104 3.0 -7.231 14.164
7116 3.0 -7.939 14.015
7128 3.0 -8.535 14.015
7140 3.0 -9.132 14.015
7152 3.0 -9.859 14.015
7164 3.0 -10.343 14.015
7176 3.0 -9.421 14.040
7188 3.0 -10.454 14.808
7200 3.0 -9.689 14.021
7212 3.0 -10.298 14.505
7224 3.0 -11.609 15.498
7236 3.0 -11.907 15.748
7248 3.0 -13.057 16.164
7260 3.0 -11.861 15.746
7272 3.0 -11.341 15.750
7284 3.0 -11.331 15.707
7296 3.0 -14.235 16.541
7308 3.0 -12.484 16.271
7128 1.0 -4.324 7.734
7140 1.0 -4.808 7.287
7152 1.0 -5.293 6.821
7164 1.0 -5.665 6.280
7176 1.0 -6.001 5.665
7188 1.0 -6.430 5.069
7200 1.0 -6.802 4.454
7212 1.0 -7.138 3.914
7224 1.0 -7.972 5.621
7236 1.0 -7.994 4.832
7248 1.0 -8.928 6.007
7260 1.0 -7.363 4.244
7272 1.0 -9.759 6.395
7284 1.0 -6.763 5.055
7296 1.0 -8.115 4.786
7308 1.0 -7.747 4.653
7320 1.0 -8.561 5.888
7332 1.0 -7.497 4.405
7344 1.0 -8.434 3.256
7356 1.0 -9.390 5.498
7236 160.0 -16.885 -2.590
7248 160.0 -16.885 -1.994
7260 160.0 -16.829 -1.379
7272 160.0 -16.829 -0.764
7284 160.0 -16.754 -0.149
7296 160.0 -16.754 0.466
7308 160.0 -16.680 1.081
7320 160.0 -16.680 1.696
7332 160.0 -16.388 2.680
7344 160.0 -16.197 3.514
7356 160.0 -16.153 2.877
7368 160.0 -16.019 4.916
7380 160.0 -16.533 2.397
7392 160.0 -16.102 2.509
7404 160.0 -16.531 5.126
7416 160.0 -16.562 3.755
7428 160.0 -16.693 4.822
7440 160.0 -15.980 5.153
7452 160.0 -16.525 3.851
7464 160.0 -16.519 4.901
7308 157.0 4.696 13.791
7320 157.0 4.137 13.642
7332 157.0 3.653 13.493
7344 157.0 3.112 13.325
7356 157.0 2.628 13.176
7368 157.0 2.087 13.027
7380 157.0 1.603 12.878
7392 157.0 1.118 12.729
7404 157.0 2.125 13.025
7416 157.0 2.104 13.315
7428 157.0 2.172 13.075
7440 157.0 1.269 13.221
7452 157.0 1.197 12.709
7464 157.0 1.967 12.928
7476 157.0 0.939 13.028
7488 157.0 0.023 13.199
7500 157.0 0.118 13.130
7512 157.0 -0.658 13.417
7524 157.0 0.978 12.513
7536 157.0 -0.257 12.994
7476 161.0 -15.990 9.970
7488 161.0 -15.990 10.418
7500 161.0 -15.990 11.033
7512 161.0 -16.102 11.797
7524 161.0 -16.176 12.561
7536 161.0 -16.232 13.418
7548 161.0 -16.307 14.164
7560 161.0 -16.381 15.021
7572 161.0 -16.007 14.850
7584 161.0 -15.794 14.175
7596 161.0 -15.940 16.536
7608 161.0 -16.149 17.472
7620 161.0 -15.990 14.616
7632 161.0 -16.271 16.012
7644 161.0 -16.047 16.469
7656 161.0 -16.166 14.718
7668 161.0 -16.093 16.786
7680 161.0 -16.470 21.346
7692 161.0 -16.343 13.387
7704 161.0 -16.508 13.501
7548 158.0 -5.945 11.797
7560 158.0 -6.560 11.815
7572 158.0 -7.212 11.965
7584 158.0 -7.827 12.039
7596 158.0 -8.442 12.020
7608 158.0 -9.076 12.020
7620 158.0 -9.616 12.020
7632 158.0 -10.231 12.020
7644 158.0 -9.309 12.207
7656 158.0 -9.336 12.604
7668 158.0 -10.397 12.893
7680 158.0 -9.168 12.843
7692 158.0 -10.304 12.773
7704 158.0 -10.760 13.238
7716 158.0 -11.792 13.748
7728 158.0 -11.895 14.365
7740 158.0 -12.198 14.346
7752 158.0 -13.186 15.215
7764 158.0 -12.736 15.082
7776 158.0 -13.435 15.527
8496 16.0 -1.826 21.618
8508 16.0 -1.565 21.618
8520 16.0 -1.155 21.618
8532 16.0 -0.727 21.618
8544 16.0 -0.261 21.767
8556 16.0 0.149 21.767
8568 16.0 0.634 21.767
8580 16.0 1.044 21.767
8592 16.0 1.150 21.338
8604 16.0 0.651 21.312
8616 16.0 1.325 21.036
8628 16.0 1.483 21.158
8640 16.0 1.913 21.097
8652 16.0 1.993 21.209
8664 16.0 1.240 21.939
8676 16.0 2.287 21.191
8688 16.0 1.739 21.769
8700 16.0 2.258 21.180
8712 16.0 2.214 21.173
8724 16.0 2.932 21.038
8496 48.0 3.578 44.056
8508 48.0 3.578 44.056
8520 48.0 3.578 44.056
8532 48.0 3.578 44.056
8544 48.0 3.578 44.056
8556 48.0 3.578 44.056
8568 48.0 3.578 44.056
8580 48.0 3.578 44.056
8592 48.0 3.512 44.142
8604 48.0 3.551 44.123
8616 48.0 3.471 44.076
8628 48.0 3.493 44.108
8640 48.0 3.506 44.060
8652 48.0 3.512 44.022
8664 48.0 3.484 44.032
8676 48.0 3.523 44.099
8688 48.0 3.475 44.114
8700 48.0 3.387 44.162
8712 48.0 3.414 44.115
8724 48.0 3.354 44.098
8508 128.0 -7.138 -5.516
8520 128.0 -7.138 -5.516
8532 128.0 -7.138 -5.516
8544 128.0 -7.138 -5.516
8556 128.0 -7.138 -5.516
8568 128.0 -7.138 -5.516
8580 128.0 -7.138 -5.516
8592 128.0 -7.138 -5.516
8604 128.0 -7.187 -5.554
8616 128.0 -7.288 -5.695
8628 128.0 -7.250 -5.389
8640 128.0 -7.212 -5.425
8652 128.0 -7.253 -5.436
8664 128.0 -7.368 -5.394
8676 128.0 -7.320 -5.463
8688 128.0 -7.199 -5.422
8700 128.0 -7.170 -5.400
8712 128.0 -7.170 -5.375
8724 128.0 -7.156 -5.425
8736 128.0 -7.210 -5.393
8580 88.0 -25.625 14.015
8592 88.0 -25.215 13.120
8604 88.0 -24.880 12.188
8616 88.0 -24.470 11.256
8628 88.0 -24.115 10.660
8640 88.0 -23.780 9.877
8652 88.0 -23.370 9.281
8664 88.0 -23.016 8.647
8676 88.0 -23.321 8.215
8688 88.0 -23.070 7.419
8700 88.0 -23.187 5.475
8712 88.0 -22.875 7.055
8724 88.0 -22.974 6.826
8736 88.0 -23.426 7.579
8748 88.0 -23.341 8.479
8760 88.0 -22.450 5.289
8772 88.0 -23.728 9.736
8784 88.0 -23.318 5.027
8796 88.0 -22.717 5.062
8808 88.0 -21.727 5.827
8736 17.0 8.125 19.307
8748 17.0 8.591 19.009
8760 17.0 9.076 18.711
8772 17.0 9.560 18.543
8784 17.0 9.896 18.543
8796 17.0 9.896 18.543
8808 17.0 9.896 18.543
8820 17.0 9.896 18.543
8832 17.0 11.043 17.907
8844 17.0 11.060 18.053
8856 17.0 10.490 18.311
8868 17.0 11.403 17.660
8880 17.0 11.350 17.828
8892 17.0 12.227 17.440
8904 17.0 12.305 16.788
8916 17.0 11.727 17.087
8928 17.0 13.249 16.959
8940 17.0 11.881 17.646
8952 17.0 13.882 16.777
8964 17.0 11.934 17.107
8736 49.0 3.578 44.056
8748 49.0 3.578 44.056
8760 49.0 3.578 44.056
8772 49.0 3.578 44.056
8784 49.0 3.578 44.056
8796 49.0 3.578 44.056
8808 49.0 3.578 44.056
8820 49.0 3.578 44.056
8832 49.0 3.603 44.032
8844 49.0 3.577 44.115
8856 49.0 3.655 44.054
8868 49.0 3.635 44.009
8880 49.0 3.577 44.071
8892 49.0 3.564 44.055
8904 49.0 3.532 44.041
8916 49.0 3.596 43.988
8928 49.0 3.487 44.027
8940 49.0 3.501 44.079
8952 49.0 3.514 44.121
8964 49.0 3.529 44.130
8748 129.0 -7.138 -5.516
8760 129.0 -7.138 -5.516
8772 129.0 -7.138 -5.516
8784 129.0 -7.138 -5.516
8796 129.0 -7.138 -5.516
8808 129.0 -7.138 -5.516
8820 129.0 -7.138 -5.516
8832 129.0 -7.138 -5.516
8844 129.0 -7.229 -5.497
8856 129.0 -7.200 -5.502
8868 129.0 -7.208 -5.479
8880 129.0 -7.184 -5.547
8892 129.0 -7.165 -5.483
8904 129.0 -7.145 -5.576
8916 129.0 -7.123 -5.549
8928 129.0 -7.158 -5.506
8940 129.0 -7.077 -5.478
8952 129.0 -7.033 -5.435
8964 129.0 -7.008 -5.482
8976 129.0 -6.983 -5.510
8760 57.0 14.052 20.835
8772 57.0 14.462 21.693
8784 57.0 14.909 22.680
8796 57.0 15.245 22.997
8808 57.0 15.580 22.848
8820 57.0 15.878 22.680
8832 57.0 16.139 22.513
8844 57.0 16.475 22.364
8856 57.0 15.942 22.534
8868 57.0 15.826 23.030
8880 57.0 15.833 22.973
8892 57.0 15.602 22.502
8904 57.0 16.060 22.546
8916 57.0 16.067 22.992
8928 57.0 16.470 22.634
8940 57.0 16.500 22.995
8952 57.0 16.634 22.870
8964 57.0 16.172 22.731
8976 57.0 16.822 22.334
8988 57.0 17.108 22.179
