0 1.0 16.085 13.733
12 1.0 15.567 13.889
24 1.0 15.082 14.027
36 1.0 14.563 14.166
48 1.0 14.079 14.304
60 1.0 13.595 14.442
72 1.0 13.111 14.581
84 1.0 12.782 14.719
96 1.0 12.261 14.966
108 1.0 12.942 14.369
120 1.0 12.965 14.546
132 1.0 12.173 14.772
144 1.0 13.343 14.593
156 1.0 12.330 15.173
168 1.0 11.308 15.835
180 1.0 10.276 15.863
192 1.0 9.590 16.571
204 1.0 9.890 16.493
216 1.0 8.881 16.235
228 1.0 8.840 16.525
0 5.0 -18.455 11.364
12 5.0 -17.953 11.364
24 5.0 -17.435 11.364
36 5.0 -16.916 11.364
48 5.0 -16.397 11.364
60 5.0 -15.878 11.364
72 5.0 -15.359 11.364
84 5.0 -14.979 11.364
96 5.0 -15.329 10.962
108 5.0 -13.572 10.777
120 5.0 -11.553 9.560
132 5.0 -13.553 10.703
144 5.0 -13.822 10.190
156 5.0 -12.315 10.590
168 5.0 -12.539 9.402
180 5.0 -13.721 10.234
192 5.0 -13.824 10.741
204 5.0 -12.820 10.035
216 5.0 -12.533 10.243
228 5.0 -14.143 10.625
0 7.0 -19.977 -5.275
12 7.0 -19.839 -5.552
24 7.0 -19.718 -5.690
36 7.0 -19.597 -5.967
48 7.0 -19.458 -6.106
60 7.0 -19.130 -6.106
72 7.0 -18.732 -6.106
84 7.0 -18.490 -6.244
96 7.0 -18.331 -6.586
108 7.0 -18.833 -6.542
120 7.0 -18.392 -6.865
132 7.0 -18.132 -7.114
144 7.0 -17.993 -6.947
156 7.0 -17.436 -7.098
168 7.0 -16.761 -7.858
180 7.0 -16.017 -7.968
192 7.0 -16.411 -7.986
204 7.0 -16.669 -7.810
216 7.0 -15.930 -7.899
228 7.0 -15.641 -8.391
0 10.0 16.501 -0.017
12 10.0 16.501 -0.017
24 10.0 16.501 -0.017
36 10.0 16.501 -0.017
48 10.0 16.501 -0.017
60 10.0 16.501 -0.017
72 10.0 16.501 -0.017
84 10.0 16.501 -0.017
96 10.0 16.485 -0.065
108 10.0 16.474 -0.119
120 10.0 16.449 -0.100
132 10.0 16.494 -0.003
144 10.0 16.508 -0.031
156 10.0 16.504 -0.052
168 10.0 16.530 -0.030
180 10.0 16.541 -0.010
192 10.0 16.520 -0.012
204 10.0 16.460 0.062
216 10.0 16.453 0.053
228 10.0 16.456 0.020
0 12.0 6.002 10.533
12 12.0 6.382 10.257
24 12.0 6.832 10.118
36 12.0 7.299 9.963
48 12.0 7.766 9.824
60 12.0 8.147 9.547
72 12.0 8.596 9.409
84 12.0 9.046 9.271
96 12.0 8.557 9.197
108 12.0 8.521 9.349
120 12.0 8.924 9.342
132 12.0 9.179 8.943
144 12.0 8.618 9.651
156 12.0 9.763 8.959
168 12.0 9.978 8.780
180 12.0 10.412 8.832
192 12.0 10.747 8.602
204 12.0 11.470 8.113
216 12.0 11.261 8.535
228 12.0 11.452 8.483
108 3.0 -21.638 44.157
120 3.0 -21.361 43.742
132 3.0 -20.980 43.586
144 3.0 -20.600 43.448
156 3.0 -20.202 43.310
168 3.0 -19.804 43.171
180 3.0 -19.424 43.033
192 3.0 -19.043 43.033
204 3.0 -19.337 43.038
216 3.0 -19.223 42.721
228 3.0 -19.859 42.720
240 3.0 -19.127 42.555
252 3.0 -18.804 42.020
264 3.0 -18.335 42.052
276 3.0 -17.683 41.729
288 3.0 -17.326 41.082
300 3.0 -16.727 40.755
312 3.0 -16.157 40.504
324 3.0 -16.298 40.289
336 3.0 -17.205 40.986
240 2.0 6.555 15.982
252 2.0 6.036 15.982
264 2.0 5.517 16.120
276 2.0 5.050 16.258
288 2.0 4.532 16.258
300 2.0 4.220 16.397
312 2.0 3.892 16.674
324 2.0 3.632 16.812
336 2.0 3.074 16.729
348 2.0 3.233 16.908
360 2.0 3.189 17.045
372 2.0 2.243 17.054
384 2.0 2.678 17.261
396 2.0 2.626 17.643
408 2.0 1.091 17.629
420 2.0 0.663 18.060
432 2.0 -0.273 18.286
444 2.0 -0.515 18.194
456 2.0 -0.219 19.166
468 2.0 -1.643 19.759
240 6.0 -10.343 11.848
252 6.0 -10.049 11.848
264 6.0 -9.686 11.848
276 6.0 -9.409 11.848
288 6.0 -9.046 11.848
300 6.0 -8.683 11.917
312 6.0 -7.956 11.917
324 6.0 -7.645 11.917
336 6.0 -8.682 11.883
348 6.0 -8.474 12.024
360 6.0 -8.754 11.689
372 6.0 -8.045 11.886
384 6.0 -8.354 11.993
396 6.0 -7.668 11.783
408 6.0 -7.412 11.643
420 6.0 -7.206 11.558
432 6.0 -5.710 10.692
444 6.0 -5.681 10.440
456 6.0 -4.793 10.440
468 6.0 -5.027 10.690
240 8.0 -18.282 -6.659
252 8.0 -18.282 -6.659
264 8.0 -18.282 -6.659
276 8.0 -18.282 -6.659
288 8.0 -18.282 -6.659
300 8.0 -18.282 -6.659
312 8.0 -18.282 -6.659
324 8.0 -18.282 -6.659
336 8.0 -18.247 -6.677
348 8.0 -18.279 -6.690
360 8.0 -18.287 -6.673
372 8.0 -18.388 -6.602
384 8.0 -18.341 -6.576
396 8.0 -18.359 -6.612
408 8.0 -18.325 -6.602
420 8.0 -18.325 -6.519
432 8.0 -18.348 -6.528
444 8.0 -18.409 -6.442
456 8.0 -18.404 -6.476
468 8.0 -18.332 -6.480
240 11.0 16.501 -0.017
252 11.0 16.501 -0.017
264 11.0 16.501 -0.017
276 11.0 16.501 -0.017
288 11.0 16.501 -0.017
300 11.0 16.501 -0.017
312 11.0 16.501 -0.017
324 11.0 16.501 -0.017
336 11.0 16.519 -0.068
348 11.0 16.537 -0.007
360 11.0 16.518 0.015
372 11.0 16.548 -0.027
384 11.0 16.559 0.039
396 11.0 16.433 -0.002
408 11.0 16.483 0.003
420 11.0 16.473 0.047
432 11.0 16.483 0.110
444 11.0 16.410 -0.004
456 11.0 16.437 -0.066
468 11.0 16.415 -0.065
324 9.0 20.167 41.494
336 9.0 19.787 41.494
348 9.0 19.337 41.494
360 9.0 18.939 41.494
372 9.0 18.542 41.078
384 9.0 18.161 40.802
396 9.0 17.902 40.231
408 9.0 17.573 39.747
420 9.0 17.589 40.730
432 9.0 17.165 40.587
444 9.0 16.959 40.897
456 9.0 17.146 40.840
468 9.0 17.756 40.257
480 9.0 16.488 40.930
492 9.0 16.687 41.718
504 9.0 16.877 40.962
516 9.0 15.932 40.688
528 9.0 15.431 41.672
540 9.0 15.329 40.999
552 9.0 16.064 40.368
348 4.0 -14.131 41.217
360 4.0 -13.941 40.940
372 4.0 -13.750 40.663
384 4.0 -13.543 40.387
396 4.0 -13.543 39.816
408 4.0 -13.543 39.401
420 4.0 -13.543 38.968
432 4.0 -13.491 38.553
444 4.0 -13.512 38.656
456 4.0 -13.645 38.362
468 4.0 -13.562 37.786
480 4.0 -13.581 37.131
492 4.0 -13.603 36.623
504 4.0 -13.937 35.996
516 4.0 -14.044 35.688
528 4.0 -13.905 34.804
540 4.0 -13.783 34.344
552 4.0 -13.468 32.224
564 4.0 -13.797 33.978
576 4.0 -13.781 31.928
