0 14.0 21.467 -17.871
12 14.0 20.844 -17.956
24 14.0 20.221 -18.040
36 14.0 19.711 -18.040
48 14.0 19.088 -18.125
60 14.0 18.465 -18.125
72 14.0 17.927 -18.125
84 14.0 17.332 -18.125
96 14.0 19.390 -19.465
108 14.0 18.620 -19.053
120 14.0 17.468 -19.437
132 14.0 18.456 -19.929
144 14.0 18.402 -20.286
156 14.0 16.361 -19.287
168 14.0 16.318 -19.352
180 14.0 17.598 -18.984
192 14.0 16.784 -18.428
204 14.0 15.466 -18.414
216 14.0 15.205 -17.595
228 14.0 15.968 -18.043
240 15.0 10.167 -17.078
252 15.0 9.629 -16.993
264 15.0 9.119 -16.794
276 15.0 8.496 -16.709
288 15.0 7.987 -16.539
300 15.0 7.590 -16.370
312 15.0 7.080 -16.200
324 15.0 6.542 -16.001
336 15.0 6.641 -15.997
348 15.0 6.112 -15.427
360 15.0 6.464 -15.726
372 15.0 4.462 -14.592
384 15.0 4.590 -14.640
396 15.0 2.819 -14.406
408 15.0 2.276 -14.094
420 15.0 2.045 -14.053
432 15.0 3.466 -14.576
444 15.0 3.061 -14.235
456 15.0 -0.485 -12.563
468 15.0 4.112 -15.051
348 18.0 9.006 -18.295
360 18.0 9.459 -18.040
372 18.0 10.082 -17.786
384 18.0 10.705 -17.417
396 18.0 11.300 -17.163
408 18.0 11.923 -16.794
420 18.0 12.461 -16.709
432 18.0 13.084 -16.709
444 18.0 12.338 -17.087
456 18.0 11.707 -17.608
468 18.0 12.219 -18.258
480 18.0 12.445 -17.731
492 18.0 12.566 -18.277
504 18.0 11.726 -17.887
516 18.0 11.634 -17.578
528 18.0 11.955 -17.998
540 18.0 12.245 -17.948
552 18.0 12.311 -18.204
564 18.0 13.125 -18.367
576 18.0 13.573 -18.136
588 19.0 20.986 -16.313
600 19.0 21.722 -16.313
612 19.0 22.544 -16.313
624 19.0 23.252 -16.313
636 19.0 23.875 -16.426
648 19.0 24.611 -16.483
660 19.0 25.347 -16.681
672 19.0 25.970 -16.766
684 19.0 26.034 -17.765
696 19.0 24.999 -16.660
708 19.0 25.989 -17.468
720 19.0 26.437 -17.650
732 19.0 26.403 -17.962
744 19.0 26.939 -18.882
756 19.0 26.225 -18.671
768 19.0 25.294 -17.855
780 19.0 26.825 -18.403
792 19.0 26.142 -18.588
804 19.0 26.915 -18.475
816 19.0 25.921 -17.802
1188 0.0 32.569 -18.550
1200 0.0 31.889 -18.550
1212 0.0 31.266 -18.550
1224 0.0 30.643 -18.437
1236 0.0 30.134 -18.437
1248 0.0 29.510 -18.352
1260 0.0 28.887 -18.352
1272 0.0 28.264 -18.267
1284 0.0 28.592 -18.755
1296 0.0 28.961 -18.253
1308 0.0 29.703 -18.102
1320 0.0 28.196 -17.830
1332 0.0 28.113 -17.614
1344 0.0 26.818 -16.999
1356 0.0 26.771 -16.799
1368 0.0 26.744 -16.578
1380 0.0 27.183 -16.865
1392 0.0 25.075 -16.616
1404 0.0 26.322 -16.593
1416 0.0 24.846 -16.048
1188 1.0 32.569 -17.474
1200 1.0 31.889 -17.474
1212 1.0 31.266 -17.361
1224 1.0 30.757 -17.361
1236 1.0 30.134 -17.304
1248 1.0 29.510 -17.304
1260 1.0 28.887 -17.304
1272 1.0 28.264 -17.304
1284 1.0 29.519 -17.826
1296 1.0 29.206 -17.607
1308 1.0 29.977 -18.024
1320 1.0 29.114 -17.415
1332 1.0 28.582 -17.241
1344 1.0 27.229 -16.737
1356 1.0 27.256 -16.457
1368 1.0 27.445 -16.157
1380 1.0 26.255 -16.280
1392 1.0 25.332 -15.522
1404 1.0 26.538 -16.367
1416 1.0 27.011 -16.375
1188 2.0 32.569 -16.058
1200 2.0 31.889 -16.058
1212 2.0 31.181 -16.058
1224 2.0 30.558 -15.973
1236 2.0 29.850 -15.973
1248 2.0 29.227 -15.860
1260 2.0 28.717 -15.860
1272 2.0 28.094 -15.860
1284 2.0 28.900 -16.405
1296 2.0 28.046 -16.646
1308 2.0 27.717 -16.449
1320 2.0 28.777 -16.931
1332 2.0 29.322 -16.459
1344 2.0 28.260 -17.189
1356 2.0 29.013 -17.137
1368 2.0 27.341 -15.997
1380 2.0 27.774 -17.176
1392 2.0 26.844 -15.667
1404 2.0 27.594 -16.330
1416 2.0 26.683 -17.190
1188 34.0 32.711 -16.823
1200 34.0 31.946 -16.823
1212 34.0 31.323 -16.709
1224 34.0 30.813 -16.709
1236 34.0 30.190 -16.624
1248 34.0 29.567 -16.624
1260 34.0 28.944 -16.539
1272 34.0 28.434 -16.539
1284 34.0 27.944 -16.776
1296 34.0 27.625 -16.591
1308 34.0 28.786 -16.230
1320 34.0 27.265 -16.232
1332 34.0 27.609 -16.667
1344 34.0 25.983 -15.810
1356 34.0 25.116 -16.634
1368 34.0 25.461 -16.191
1380 34.0 26.884 -16.709
1392 34.0 27.715 -17.624
1404 34.0 27.170 -17.140
1416 34.0 24.488 -15.825
1188 36.0 32.343 -18.975
1200 36.0 31.606 -18.862
1212 36.0 31.011 -18.749
1224 36.0 30.445 -18.607
1236 36.0 29.879 -18.494
1248 36.0 29.256 -18.352
1260 36.0 28.604 -18.437
1272 36.0 28.066 -18.409
1284 36.0 28.985 -18.824
1296 36.0 28.086 -17.540
1308 36.0 25.880 -16.532
1320 36.0 26.833 -17.200
1332 36.0 24.957 -16.440
1344 36.0 25.415 -16.409
1356 36.0 23.577 -15.601
1368 36.0 27.752 -17.348
1380 36.0 27.949 -17.855
1392 36.0 25.196 -16.005
1404 36.0 26.648 -16.611
1416 36.0 25.986 -15.566
1428 35.0 20.674 -16.370
1440 35.0 20.051 -16.285
1452 35.0 19.315 -16.285
1464 35.0 18.805 -16.285
1476 35.0 18.295 -16.370
1488 35.0 17.786 -16.370
1500 35.0 17.276 -16.370
1512 35.0 16.738 -16.285
1524 35.0 17.374 -16.036
1536 35.0 17.730 -15.801
1548 35.0 17.223 -16.067
1560 35.0 16.950 -15.663
1572 35.0 14.411 -14.907
1584 35.0 15.819 -15.643
1596 35.0 15.474 -15.480
1608 35.0 14.533 -15.095
1620 35.0 15.825 -15.293
1632 35.0 15.296 -15.349
1644 35.0 15.332 -15.036
1656 35.0 13.695 -14.147
1428 37.0 20.419 -18.324
1440 37.0 19.881 -18.324
1452 37.0 19.372 -18.324
1464 37.0 18.862 -18.324
1476 37.0 18.239 -18.210
1488 37.0 17.729 -18.210
1500 37.0 17.219 -18.125
1512 37.0 16.624 -18.012
1524 37.0 17.697 -18.053
1536 37.0 17.475 -18.365
1548 37.0 17.039 -18.776
1560 37.0 17.013 -18.571
1572 37.0 17.206 -18.710
1584 37.0 17.330 -18.894
1596 37.0 16.575 -19.096
1608 37.0 15.835 -18.832
1620 37.0 14.978 -18.827
1632 37.0 16.215 -19.304
1644 37.0 15.867 -19.519
1656 37.0 15.096 -18.643
1596 28.0 33.022 -18.040
1608 28.0 32.371 -18.012
1620 28.0 31.974 -17.871
1632 28.0 31.521 -17.757
1644 28.0 31.238 -17.644
1656 28.0 30.842 -17.474
1668 28.0 30.388 -17.332
1680 28.0 29.992 -17.247
1692 28.0 29.390 -16.885
1704 28.0 29.731 -17.050
1716 28.0 28.340 -16.774
1728 28.0 27.517 -16.090
1740 28.0 27.767 -16.191
1752 28.0 26.360 -16.016
1764 28.0 26.563 -15.311
1776 28.0 25.315 -15.151
1788 28.0 25.087 -14.393
1800 28.0 26.606 -15.383
1812 28.0 25.726 -14.693
1824 28.0 26.633 -14.796
1596 47.0 32.711 -18.947
1608 47.0 32.314 -18.975
1620 47.0 31.804 -18.749
1632 47.0 31.408 -18.465
1644 47.0 30.898 -18.324
1656 47.0 30.502 -18.125
1668 47.0 30.105 -18.040
1680 47.0 29.709 -17.956
1692 47.0 29.063 -17.667
1704 47.0 29.552 -17.859
1716 47.0 28.331 -16.997
1728 47.0 27.957 -16.888
1740 47.0 28.582 -17.208
1752 47.0 26.921 -16.092
1764 47.0 26.916 -16.559
1776 47.0 25.965 -16.130
1788 47.0 24.870 -15.596
1800 47.0 25.755 -15.940
1812 47.0 22.857 -14.491
1824 47.0 24.126 -14.991
1632 20.0 7.024 -16.228
1644 20.0 7.194 -16.228
1656 20.0 7.420 -16.143
1668 20.0 7.647 -16.143
1680 20.0 7.930 -16.058
1692 20.0 8.156 -16.058
1704 20.0 8.326 -15.973
1716 20.0 8.553 -15.973
1728 20.0 8.921 -16.195
1740 20.0 9.052 -16.069
1752 20.0 9.347 -16.079
1764 20.0 9.138 -16.067
1776 20.0 9.132 -16.080
1788 20.0 9.320 -16.212
1800 20.0 9.804 -16.281
1812 20.0 10.023 -16.117
1824 20.0 10.505 -16.226
1836 20.0 10.029 -15.773
1848 20.0 10.678 -16.254
1860 20.0 10.796 -16.445
1680 25.0 6.797 -17.786
1692 25.0 6.995 -17.786
1704 25.0 7.392 -17.672
1716 25.0 7.675 -17.672
1728 25.0 8.015 -17.616
1740 25.0 8.355 -17.616
1752 25.0 8.666 -17.502
1764 25.0 8.978 -17.502
1776 25.0 8.902 -17.382
1788 25.0 8.694 -17.397
1800 25.0 9.258 -17.532
1812 25.0 9.368 -17.766
1824 25.0 9.818 -17.705
1836 25.0 9.756 -17.148
1848 25.0 9.907 -17.670
1860 25.0 9.916 -17.464
1872 25.0 10.066 -17.861
1884 25.0 10.218 -17.371
1896 25.0 10.529 -17.567
1908 25.0 9.734 -17.564
1680 38.0 6.231 -16.681
1692 38.0 6.429 -16.681
1704 38.0 6.769 -16.681
1716 38.0 7.052 -16.681
1728 38.0 7.392 -16.681
1740 38.0 7.675 -16.681
1752 38.0 8.015 -16.681
1764 38.0 8.298 -16.681
1776 38.0 8.368 -16.945
1788 38.0 8.558 -17.035
1800 38.0 8.746 -16.960
1812 38.0 9.176 -16.999
1824 38.0 8.164 -16.441
1836 38.0 8.554 -16.484
1848 38.0 9.111 -17.098
1860 38.0 8.815 -16.788
1872 38.0 9.975 -17.161
1884 38.0 8.732 -16.428
1896 38.0 9.759 -16.826
1908 38.0 9.633 -16.824
1836 29.0 24.243 -16.539
1848 29.0 23.818 -16.455
1860 29.0 23.535 -16.370
1872 29.0 23.025 -16.539
1884 29.0 22.487 -16.738
1896 29.0 21.949 -16.908
1908 29.0 21.552 -16.964
1920 29.0 21.156 -17.078
1932 29.0 21.696 -16.974
1944 29.0 21.945 -16.669
1956 29.0 20.293 -17.008
1968 29.0 21.169 -17.395
1980 29.0 21.250 -17.249
1992 29.0 19.673 -17.200
2004 29.0 20.403 -17.559
2016 29.0 20.837 -16.920
2028 29.0 20.197 -17.001
2040 29.0 19.271 -16.856
2052 29.0 19.510 -17.362
2064 29.0 19.764 -18.026
1836 48.0 24.158 -17.502
1848 48.0 23.648 -17.672
1860 48.0 22.912 -17.672
1872 48.0 22.402 -17.616
1884 48.0 21.949 -17.616
1896 48.0 21.552 -17.672
1908 48.0 21.156 -17.786
1920 48.0 20.703 -17.871
1932 48.0 20.841 -17.668
1944 48.0 21.035 -17.745
1956 48.0 20.993 -17.804
1968 48.0 21.893 -18.258
1980 48.0 22.730 -18.086
1992 48.0 21.710 -18.218
2004 48.0 20.747 -17.718
2016 48.0 21.006 -18.413
2028 48.0 20.505 -17.657
2040 48.0 19.361 -17.450
2052 48.0 20.311 -17.504
2064 48.0 20.759 -17.165
1872 21.0 13.169 -15.520
1884 21.0 13.481 -15.520
1896 21.0 13.792 -15.520
1908 21.0 14.104 -15.520
1920 21.0 14.500 -15.520
1932 21.0 14.840 -15.520
1944 21.0 15.123 -15.463
1956 21.0 15.548 -15.463
1968 21.0 15.002 -15.278
1980 21.0 15.713 -15.595
1992 21.0 16.323 -16.045
2004 21.0 17.000 -16.510
2016 21.0 16.340 -15.627
2028 21.0 17.238 -16.063
2040 21.0 16.945 -15.734
2052 21.0 17.020 -15.787
2064 21.0 17.630 -15.714
2076 21.0 17.697 -15.314
2088 21.0 17.501 -16.309
2100 21.0 18.634 -16.266
1920 26.0 13.452 -17.247
1932 26.0 13.792 -17.163
1944 26.0 14.189 -17.049
1956 26.0 14.529 -16.993
1968 26.0 14.812 -16.993
1980 26.0 15.152 -16.879
1992 26.0 15.435 -16.823
2004 26.0 15.860 -16.823
2016 26.0 15.736 -16.582
2028 26.0 15.844 -17.195
2040 26.0 15.988 -16.775
2052 26.0 15.813 -16.849
2064 26.0 16.019 -16.652
2076 26.0 16.431 -16.465
2088 26.0 16.190 -16.592
2100 26.0 16.387 -16.821
2112 26.0 15.608 -16.685
2124 26.0 16.443 -16.717
2136 26.0 16.379 -16.472
2148 26.0 16.825 -16.834
1920 39.0 12.320 -16.285
1932 39.0 12.773 -16.200
1944 39.0 13.056 -16.200
1956 39.0 13.452 -16.200
1968 39.0 13.906 -16.200
1980 39.0 14.189 -16.200
1992 39.0 14.642 -16.200
2004 39.0 15.038 -16.228
2016 39.0 13.974 -15.863
2028 39.0 15.241 -16.494
2040 39.0 15.861 -16.161
2052 39.0 15.775 -16.477
2064 39.0 16.053 -16.333
2076 39.0 15.707 -16.463
2088 39.0 16.733 -16.686
2100 39.0 16.294 -16.789
2112 39.0 17.208 -17.288
2124 39.0 17.250 -16.998
2136 39.0 17.129 -16.955
2148 39.0 17.165 -17.141
2076 30.0 17.417 -16.879
2088 30.0 17.616 -16.936
2100 30.0 18.040 -16.936
2112 30.0 18.352 -17.021
2124 30.0 18.749 -17.021
2136 30.0 19.173 -17.106
2148 30.0 19.598 -17.106
2160 30.0 19.995 -17.106
2172 30.0 20.588 -17.662
2184 30.0 20.596 -17.739
2196 30.0 20.979 -17.259
2208 30.0 21.538 -17.387
2220 30.0 22.453 -18.204
2232 30.0 22.287 -18.613
2244 30.0 22.850 -18.632
2256 30.0 23.060 -18.824
2268 30.0 22.607 -19.201
2280 30.0 22.946 -19.067
2292 30.0 23.470 -19.823
2304 30.0 22.958 -18.923
2076 49.0 15.916 -17.474
2088 49.0 15.293 -17.389
2100 49.0 14.670 -17.219
2112 49.0 14.047 -17.106
2124 49.0 13.424 -17.106
2136 49.0 12.914 -17.106
2148 49.0 12.405 -17.106
2160 49.0 11.866 -17.219
2172 49.0 12.121 -16.464
2184 49.0 11.694 -16.346
2196 49.0 9.815 -16.900
2208 49.0 11.300 -16.964
2220 49.0 11.246 -17.500
2232 49.0 10.759 -16.945
2244 49.0 9.819 -16.161
2256 49.0 8.462 -15.791
2268 49.0 8.142 -16.211
2280 49.0 10.409 -16.055
2292 49.0 10.354 -15.866
2304 49.0 8.719 -15.612
2100 23.0 33.277 -18.494
2112 23.0 32.824 -18.833
2124 23.0 32.626 -18.833
2136 23.0 32.116 -18.749
2148 23.0 31.493 -18.550
2160 23.0 30.757 -18.380
2172 23.0 30.134 -18.210
2184 23.0 29.539 -18.040
2196 23.0 29.728 -18.335
2208 23.0 30.404 -18.038
2220 23.0 30.406 -18.193
2232 23.0 29.627 -18.113
2244 23.0 28.509 -18.019
2256 23.0 29.209 -18.133
2268 23.0 27.386 -17.812
2280 23.0 27.780 -18.019
2292 23.0 28.201 -18.606
2304 23.0 26.455 -17.799
2316 23.0 28.829 -19.409
2328 23.0 28.228 -18.554
2112 22.0 20.504 -15.831
2124 22.0 20.844 -15.831
2136 22.0 21.127 -15.831
2148 22.0 21.467 -15.831
2160 22.0 21.751 -15.945
2172 22.0 22.090 -16.001
2184 22.0 22.487 -16.115
2196 22.0 22.798 -16.171
2208 22.0 22.083 -15.838
2220 22.0 22.655 -16.084
2232 22.0 22.878 -16.429
2244 22.0 23.119 -16.525
2256 22.0 22.956 -16.096
2268 22.0 22.819 -16.343
2280 22.0 23.393 -16.411
2292 22.0 24.098 -16.442
2304 22.0 24.466 -16.625
2316 22.0 23.649 -16.374
2328 22.0 24.713 -16.707
2340 22.0 24.966 -17.274
2160 27.0 21.467 -17.247
2172 27.0 21.864 -17.247
2184 27.0 22.260 -17.247
2196 27.0 22.600 -17.247
2208 27.0 22.997 -17.247
2220 27.0 23.421 -17.361
2232 27.0 23.733 -17.361
2244 27.0 24.016 -17.417
2256 27.0 24.856 -17.767
2268 27.0 25.471 -17.318
2280 27.0 25.650 -17.377
2292 27.0 25.962 -18.227
2304 27.0 25.944 -17.942
2316 27.0 26.199 -17.792
2328 27.0 25.153 -17.103
2340 27.0 27.564 -18.742
2352 27.0 27.149 -18.994
2364 27.0 26.455 -18.576
2376 27.0 26.301 -18.539
2388 27.0 26.907 -18.830
2160 40.0 20.136 -16.200
2172 40.0 20.589 -16.256
2184 40.0 20.986 -16.370
2196 40.0 21.297 -16.370
2208 40.0 21.722 -16.455
2220 40.0 22.119 -16.539
2232 40.0 22.430 -16.653
2244 40.0 22.855 -16.653
2256 40.0 22.903 -16.503
2268 40.0 23.267 -16.446
2280 40.0 22.963 -16.751
2292 40.0 23.568 -17.050
2304 40.0 23.959 -17.152
2316 40.0 24.437 -17.670
2328 40.0 25.596 -17.882
2340 40.0 24.237 -17.248
2352 40.0 25.112 -18.000
2364 40.0 23.929 -17.351
2376 40.0 24.541 -18.047
2388 40.0 25.502 -18.483
2316 31.0 25.376 -17.021
2328 31.0 25.800 -17.191
2340 31.0 26.197 -17.304
2352 31.0 26.622 -17.474
2364 31.0 27.047 -17.644
2376 31.0 27.443 -17.814
2388 31.0 27.981 -17.814
2400 31.0 28.604 -17.729
2412 31.0 28.081 -17.739
2424 31.0 28.287 -17.290
2436 31.0 28.636 -17.176
2448 31.0 28.630 -17.755
2460 31.0 28.883 -17.437
2472 31.0 30.388 -18.641
2484 31.0 29.626 -17.758
2496 31.0 29.218 -17.305
2508 31.0 29.953 -17.977
2520 31.0 30.125 -18.053
2532 31.0 31.072 -19.033
2544 31.0 29.438 -18.024
2340 24.0 22.487 -17.956
2352 24.0 21.977 -17.871
2364 24.0 21.354 -17.871
2376 24.0 20.731 -17.871
2388 24.0 19.995 -17.871
2400 24.0 19.372 -17.871
2412 24.0 18.749 -17.871
2424 24.0 18.125 -17.871
2436 24.0 18.844 -17.751
2448 24.0 18.711 -17.496
2460 24.0 17.195 -16.927
2472 24.0 17.955 -17.181
2484 24.0 16.281 -16.067
2496 24.0 18.098 -17.483
2508 24.0 16.177 -16.038
2520 24.0 16.182 -16.795
2532 24.0 15.798 -16.719
2544 24.0 16.110 -16.203
2556 24.0 16.575 -16.929
2568 24.0 16.389 -17.302
2568 11.0 5.919 -21.212
2580 11.0 6.457 -20.788
2592 11.0 7.080 -20.419
2604 11.0 7.703 -20.080
2616 11.0 8.298 -19.711
2628 11.0 8.836 -19.372
2640 11.0 9.233 -19.032
2652 11.0 9.629 -18.664
2664 11.0 9.396 -19.456
2676 11.0 9.182 -19.845
2688 11.0 9.187 -19.560
2700 11.0 8.478 -19.930
2712 11.0 8.408 -20.201
2724 11.0 8.975 -20.661
2736 11.0 9.497 -20.514
2748 11.0 9.090 -19.977
2760 11.0 9.156 -20.895
2772 11.0 9.979 -20.971
2784 11.0 10.769 -21.356
2796 11.0 9.661 -20.208
2808 12.0 17.389 -17.502
2820 12.0 18.125 -17.502
2832 12.0 18.749 -17.616
2844 12.0 19.372 -17.616
2856 12.0 20.108 -17.616
2868 12.0 20.731 -17.672
2880 12.0 21.354 -17.672
2892 12.0 21.977 -17.786
2904 12.0 21.221 -17.742
2916 12.0 21.421 -17.703
2928 12.0 20.119 -17.793
2940 12.0 22.225 -19.148
2952 12.0 22.673 -18.605
2964 12.0 21.793 -17.934
2976 12.0 23.574 -18.942
2988 12.0 23.771 -19.521
3000 12.0 23.598 -19.716
3012 12.0 24.096 -19.191
3024 12.0 23.436 -19.066
3036 12.0 24.676 -19.670
2868 13.0 -9.544 -15.010
2880 13.0 -10.281 -14.812
2892 13.0 -10.790 -14.642
2904 13.0 -11.413 -14.472
2916 13.0 -11.923 -14.302
2928 13.0 -12.461 -14.302
2940 13.0 -12.886 -14.302
2952 13.0 -13.396 -14.302
2964 13.0 -13.999 -13.735
2976 13.0 -14.485 -13.402
2988 13.0 -14.557 -13.586
3000 13.0 -14.456 -13.998
3012 13.0 -16.555 -13.476
3024 13.0 -15.457 -12.630
3036 13.0 -15.480 -13.145
3048 13.0 -15.170 -13.137
3060 13.0 -15.373 -14.142
3072 13.0 -16.772 -12.735
3084 13.0 -16.526 -12.854
3096 13.0 -17.032 -12.594
4296 41.0 31.918 10.479
4308 41.0 31.918 9.856
4320 41.0 31.918 9.233
4332 41.0 31.918 8.610
4344 41.0 31.918 7.987
4356 41.0 31.918 7.363
4368 41.0 31.918 6.740
4380 41.0 31.804 5.891
4392 41.0 31.972 5.839
4404 41.0 31.586 5.940
4416 41.0 31.821 4.573
4428 41.0 31.880 4.383
4440 41.0 31.908 4.817
4452 41.0 31.801 4.161
4464 41.0 31.733 2.191
4476 41.0 31.314 1.945
4488 41.0 31.655 3.507
4500 41.0 31.775 3.564
4512 41.0 30.923 -0.119
4524 41.0 31.187 3.203
4344 6.0 33.362 -11.923
4356 6.0 33.362 -11.555
4368 6.0 33.362 -11.187
4380 6.0 33.362 -10.847
4392 6.0 33.419 -10.507
4404 6.0 33.419 -10.224
4416 6.0 33.419 -9.941
4428 6.0 33.305 -9.488
4440 6.0 33.484 -9.414
4452 6.0 33.512 -8.539
4464 6.0 33.647 -7.943
4476 6.0 33.604 -8.113
4488 6.0 33.999 -6.655
4500 6.0 34.042 -7.048
4512 6.0 33.792 -5.618
4524 6.0 33.976 -7.434
4536 6.0 33.700 -6.259
4548 6.0 33.287 -5.169
4560 6.0 33.718 -4.267
4572 6.0 33.807 -7.079
4536 42.0 32.258 -2.804
4548 42.0 32.258 -3.427
4560 42.0 32.059 -4.333
4572 42.0 32.484 -4.673
4584 42.0 32.258 -5.126
4596 42.0 31.748 -5.749
4608 42.0 31.635 -6.401
4620 42.0 31.748 -6.797
4632 42.0 31.862 -6.656
4644 42.0 31.899 -7.469
4656 42.0 32.249 -7.983
4668 42.0 32.136 -8.022
4680 42.0 32.165 -8.207
4692 42.0 32.102 -8.671
4704 42.0 32.399 -8.536
4716 42.0 32.607 -8.880
4728 42.0 32.315 -9.844
4740 42.0 32.408 -9.918
4752 42.0 32.124 -10.806
4764 42.0 32.062 -10.034
4584 7.0 32.682 -7.052
4596 7.0 32.682 -7.052
4608 7.0 32.796 -7.137
4620 7.0 32.796 -7.250
4632 7.0 32.881 -7.307
4644 7.0 32.881 -7.647
4656 7.0 32.881 -7.930
4668 7.0 32.881 -8.100
4680 7.0 33.276 -7.869
4692 7.0 33.543 -8.106
4704 7.0 33.664 -8.047
4716 7.0 33.680 -8.067
4728 7.0 33.962 -8.160
4740 7.0 34.216 -8.635
4752 7.0 34.677 -8.477
4764 7.0 34.654 -8.492
4776 7.0 35.361 -8.857
4788 7.0 35.515 -9.147
4800 7.0 35.821 -9.695
4812 7.0 36.341 -10.076
4596 16.0 32.824 -18.494
4608 16.0 32.201 -18.324
4620 16.0 31.804 -18.210
4632 16.0 31.380 -18.125
4644 16.0 30.983 -17.956
4656 16.0 30.360 -17.956
4668 16.0 29.935 -17.871
4680 16.0 29.822 -17.871
4692 16.0 30.086 -17.782
4704 16.0 29.476 -17.554
4716 16.0 29.359 -17.375
4728 16.0 29.143 -17.764
4740 16.0 28.066 -17.517
4752 16.0 28.288 -17.034
4764 16.0 27.862 -16.958
4776 16.0 27.141 -16.756
4788 16.0 27.931 -17.451
4800 16.0 27.165 -17.181
4812 16.0 27.606 -17.127
4824 16.0 26.078 -16.744
4776 43.0 31.861 -11.753
4788 43.0 31.804 -12.036
4800 43.0 31.804 -12.291
4812 43.0 31.918 -12.575
4824 43.0 31.974 -12.886
4836 43.0 31.635 -13.226
4848 43.0 31.635 -13.934
4860 43.0 31.635 -14.302
4872 43.0 31.803 -13.999
4884 43.0 31.876 -14.195
4896 43.0 31.999 -14.630
4908 43.0 31.891 -16.151
4920 43.0 31.945 -16.200
4932 43.0 31.909 -16.937
4944 43.0 31.808 -16.920
4956 43.0 31.885 -17.551
4968 43.0 31.790 -17.742
4980 43.0 31.818 -18.502
4992 43.0 31.619 -17.955
5004 43.0 31.293 -18.774
4824 8.0 32.796 -12.631
4836 8.0 32.796 -12.971
4848 8.0 32.796 -13.764
4860 8.0 32.796 -13.934
4872 8.0 32.796 -14.104
4884 8.0 32.682 -14.274
4896 8.0 32.682 -14.840
4908 8.0 32.428 -15.350
4920 8.0 32.387 -14.918
4932 8.0 32.408 -16.209
4944 8.0 32.372 -16.823
4956 8.0 32.352 -16.841
4968 8.0 32.690 -18.176
4980 8.0 32.612 -18.388
4992 8.0 32.643 -19.277
5004 8.0 33.103 -20.342
5016 8.0 32.415 -21.381
5028 8.0 32.515 -18.759
5040 8.0 32.894 -21.284
5052 8.0 32.329 -20.919
4836 17.0 22.912 -17.417
4848 17.0 22.600 -17.531
4860 17.0 22.289 -17.531
4872 17.0 21.354 -17.531
4884 17.0 20.618 -17.531
4896 17.0 20.306 -17.531
4908 17.0 19.683 -17.417
4920 17.0 19.060 -17.417
4932 17.0 20.771 -17.831
4944 17.0 19.570 -17.060
4956 17.0 20.177 -17.300
4968 17.0 18.355 -17.349
4980 17.0 18.608 -17.140
4992 17.0 18.481 -17.035
5004 17.0 18.000 -17.040
5016 17.0 17.852 -17.620
5028 17.0 16.999 -16.578
5040 17.0 17.509 -16.891
5052 17.0 17.374 -16.554
5064 17.0 17.083 -16.378
4944 4.0 32.937 -17.644
4956 4.0 32.428 -17.814
4968 4.0 32.031 -17.814
4980 4.0 31.918 -17.814
4992 4.0 31.295 -17.814
5004 4.0 30.672 -17.842
5016 4.0 30.190 -17.729
5028 4.0 29.680 -17.644
5040 4.0 30.069 -17.177
5052 4.0 29.620 -17.584
5064 4.0 30.075 -17.567
5076 4.0 30.518 -17.886
5088 4.0 30.364 -17.780
5100 4.0 29.676 -17.075
5112 4.0 29.403 -17.182
5124 4.0 28.402 -16.790
5136 4.0 26.736 -16.031
5148 4.0 27.168 -16.988
5160 4.0 26.180 -15.737
5172 4.0 26.458 -15.270
4944 32.0 32.739 -18.437
4956 32.0 32.229 -18.437
4968 32.0 31.493 -18.607
4980 32.0 30.870 -18.352
4992 32.0 30.558 -18.267
5004 32.0 30.303 -18.324
5016 32.0 29.935 -18.324
5028 32.0 29.624 -18.352
5040 32.0 29.442 -18.032
5052 32.0 28.691 -17.707
5064 32.0 28.561 -17.506
5076 32.0 28.808 -17.319
5088 32.0 27.656 -17.064
5100 32.0 27.626 -17.172
5112 32.0 27.734 -16.942
5124 32.0 26.331 -16.930
5136 32.0 25.948 -16.630
5148 32.0 25.153 -15.958
5160 32.0 26.318 -16.602
5172 32.0 25.626 -16.323
5016 44.0 31.181 -16.511
5028 44.0 31.238 -16.483
5040 44.0 31.351 -16.455
5052 44.0 31.351 -16.455
5064 44.0 31.408 -16.455
5076 44.0 31.408 -16.426
5088 44.0 31.181 -16.455
5100 44.0 30.785 -16.539
5112 44.0 31.001 -16.520
5124 44.0 30.997 -16.417
5136 44.0 31.097 -16.489
5148 44.0 31.006 -16.449
5160 44.0 31.032 -16.465
5172 44.0 31.067 -16.459
5184 44.0 31.172 -16.502
5196 44.0 31.147 -16.408
5208 44.0 31.171 -16.522
5220 44.0 31.213 -16.498
5232 44.0 31.135 -16.521
5244 44.0 31.143 -16.484
5064 9.0 31.550 -17.332
5076 9.0 31.436 -17.389
5088 9.0 31.351 -17.502
5100 9.0 31.238 -17.559
5112 9.0 31.125 -17.701
5124 9.0 30.615 -17.729
5136 9.0 30.162 -17.814
5148 9.0 29.680 -17.899
5160 9.0 29.320 -17.790
5172 9.0 29.941 -17.838
5184 9.0 29.678 -17.389
5196 9.0 29.132 -17.735
5208 9.0 29.493 -17.667
5220 9.0 28.984 -17.245
5232 9.0 29.550 -17.184
5244 9.0 29.140 -17.230
5256 9.0 29.098 -17.083
5268 9.0 28.659 -17.108
5280 9.0 27.464 -17.368
5292 9.0 27.971 -16.634
5184 5.0 23.421 -16.539
5196 5.0 22.940 -16.539
5208 5.0 22.487 -16.539
5220 5.0 22.062 -16.511
5232 5.0 21.382 -16.455
5244 5.0 20.929 -16.455
5256 5.0 20.731 -16.539
5268 5.0 20.193 -16.455
5280 5.0 20.262 -16.539
5292 5.0 19.802 -15.848
5304 5.0 19.638 -15.992
5316 5.0 19.021 -15.971
5328 5.0 19.343 -15.671
5340 5.0 18.224 -15.276
5352 5.0 18.466 -15.100
5364 5.0 17.110 -14.968
5376 5.0 16.693 -14.940
5388 5.0 17.037 -15.336
5400 5.0 16.358 -15.075
5412 5.0 17.536 -15.549
5184 33.0 23.053 -17.644
5196 33.0 22.628 -17.559
5208 33.0 22.119 -17.474
5220 33.0 21.779 -17.446
5232 33.0 21.326 -17.219
5244 33.0 20.816 -17.219
5256 33.0 20.306 -17.219
5268 33.0 19.796 -17.219
5280 33.0 20.152 -17.326
5292 33.0 20.288 -17.089
5304 33.0 18.916 -16.171
5316 33.0 18.685 -16.267
5328 33.0 18.509 -15.916
5340 33.0 17.371 -15.963
5352 33.0 17.828 -15.716
5364 33.0 18.815 -15.963
5376 33.0 15.832 -15.029
5388 33.0 14.742 -15.279
5400 33.0 14.807 -14.993
5412 33.0 14.540 -13.966
5232 55.0 7.194 -19.428
5244 55.0 7.732 -19.145
5256 55.0 8.156 -18.975
5268 55.0 8.553 -18.692
5280 55.0 8.949 -18.437
5292 55.0 9.516 -18.182
5304 55.0 10.026 -18.012
5316 55.0 10.649 -17.899
5328 55.0 10.149 -18.327
5340 55.0 9.369 -18.957
5352 55.0 9.883 -18.496
5364 55.0 10.315 -19.097
5376 55.0 11.541 -19.297
5388 55.0 10.026 -19.114
5400 55.0 10.455 -19.010
5412 55.0 11.459 -20.151
5424 55.0 12.353 -20.401
5436 55.0 12.921 -20.647
5448 55.0 12.857 -20.493
5460 55.0 12.303 -19.963
5256 45.0 25.404 -17.247
5268 45.0 24.866 -17.163
5280 45.0 24.328 -17.163
5292 45.0 23.818 -17.163
5304 45.0 23.421 -17.049
5316 45.0 22.912 -17.049
5328 45.0 22.487 -16.993
5340 45.0 22.062 -16.879
5352 45.0 23.344 -17.499
5364 45.0 22.875 -17.013
5376 45.0 22.561 -17.325
5388 45.0 22.746 -17.248
5400 45.0 21.176 -16.677
5412 45.0 20.673 -16.414
5424 45.0 20.768 -15.727
5436 45.0 20.295 -15.705
5448 45.0 18.810 -14.950
5460 45.0 19.562 -15.122
5472 45.0 19.634 -15.618
5484 45.0 19.375 -14.967
5304 10.0 23.535 -18.069
5316 10.0 22.912 -18.069
5328 10.0 22.289 -18.069
5340 10.0 21.949 -18.125
5352 10.0 21.552 -18.125
5364 10.0 21.156 -18.125
5376 10.0 20.816 -18.125
5388 10.0 20.306 -18.069
5400 10.0 20.347 -18.055
5412 10.0 19.559 -17.803
5424 10.0 18.522 -17.478
5436 10.0 18.561 -17.268
5448 10.0 17.518 -16.580
5460 10.0 18.385 -16.837
5472 10.0 17.497 -16.697
5484 10.0 17.741 -16.374
5496 10.0 16.463 -15.795
5508 10.0 14.281 -14.913
5520 10.0 16.229 -15.244
5532 10.0 15.028 -14.598
5472 56.0 17.163 -18.069
5484 56.0 17.672 -18.069
5496 56.0 18.069 -18.069
5508 56.0 18.550 -18.069
5520 56.0 19.088 -18.040
5532 56.0 19.485 -17.956
5544 56.0 19.995 -17.927
5556 56.0 20.476 -17.871
5568 56.0 20.899 -18.651
5580 56.0 21.250 -18.066
5592 56.0 21.626 -19.007
5604 56.0 20.311 -18.206
5616 56.0 21.566 -18.561
5628 56.0 22.791 -19.061
5640 56.0 22.619 -19.292
5652 56.0 23.075 -19.816
5664 56.0 23.044 -19.389
5676 56.0 23.477 -19.380
5688 56.0 22.001 -19.176
5700 56.0 22.486 -19.740
5496 46.0 15.237 -16.455
5508 46.0 14.812 -16.539
5520 46.0 14.444 -16.624
5532 46.0 13.934 -16.624
5544 46.0 13.424 -16.624
5556 46.0 12.914 -16.624
5568 46.0 12.405 -16.624
5580 46.0 11.951 -16.624
5592 46.0 12.512 -15.964
5604 46.0 12.540 -16.059
5616 46.0 12.223 -16.301
5628 46.0 11.610 -15.780
5640 46.0 10.607 -15.795
5652 46.0 10.382 -15.836
5664 46.0 10.283 -15.317
5676 46.0 10.557 -15.505
5688 46.0 10.528 -15.390
5700 46.0 9.720 -14.953
5712 46.0 8.108 -14.794
5724 46.0 9.247 -14.387
5712 57.0 26.622 -16.709
5724 57.0 27.245 -16.709
5736 57.0 27.755 -16.709
5748 57.0 28.293 -16.709
5760 57.0 28.916 -16.709
5772 57.0 29.312 -16.709
5784 57.0 29.737 -16.709
5796 57.0 30.134 -16.709
5808 57.0 29.782 -16.519
5820 57.0 29.803 -16.459
5832 57.0 30.914 -16.950
5844 57.0 31.516 -16.836
5856 57.0 31.896 -17.382
5868 57.0 30.844 -16.872
5880 57.0 30.707 -16.813
5892 57.0 31.843 -16.648
5904 57.0 30.241 -16.445
5916 57.0 31.318 -17.237
5928 57.0 31.848 -17.378
5940 57.0 31.093 -17.101
5760 50.0 24.724 1.982
5772 50.0 24.866 1.784
5784 50.0 25.064 1.784
5796 50.0 25.631 1.982
5808 50.0 26.254 1.982
5820 50.0 26.820 1.982
5832 50.0 27.358 1.982
5844 50.0 27.981 1.982
5856 50.0 27.397 1.995
5868 50.0 27.591 2.095
5880 50.0 28.019 1.769
5892 50.0 28.299 1.957
5904 50.0 28.533 1.439
5916 50.0 29.646 0.936
5928 50.0 29.278 0.829
5940 50.0 29.164 1.072
5952 50.0 29.006 1.367
5964 50.0 31.039 0.628
5976 50.0 29.198 1.690
5988 50.0 29.770 0.997
6156 51.0 32.428 -19.287
6168 51.0 31.918 -19.117
6180 51.0 31.493 -18.833
6192 51.0 30.955 -18.664
6204 51.0 30.558 -18.380
6216 51.0 30.162 -18.324
6228 51.0 29.624 -18.324
6240 51.0 29.114 -18.324
6252 51.0 29.933 -18.021
6264 51.0 29.957 -18.078
6276 51.0 29.556 -17.823
6288 51.0 28.754 -17.342
6300 51.0 29.116 -17.197
6312 51.0 28.244 -17.028
6324 51.0 27.218 -16.394
6336 51.0 27.259 -16.615
6348 51.0 26.517 -16.332
6360 51.0 26.223 -15.809
6372 51.0 25.169 -15.766
6384 51.0 25.827 -15.461
6156 53.0 32.994 -18.720
6168 53.0 32.456 -18.437
6180 53.0 31.946 -18.182
6192 53.0 31.436 -17.927
6204 53.0 30.813 -17.927
6216 53.0 30.303 -17.814
6228 53.0 29.680 -17.814
6240 53.0 29.284 -17.814
6252 53.0 29.797 -17.714
6264 53.0 28.885 -17.364
6276 53.0 28.485 -16.999
6288 53.0 29.273 -17.229
6300 53.0 28.642 -16.960
6312 53.0 28.495 -17.680
6324 53.0 28.140 -16.797
6336 53.0 28.035 -17.149
6348 53.0 27.090 -16.714
6360 53.0 26.706 -16.785
6372 53.0 26.509 -17.342
6384 53.0 26.621 -17.682
6396 54.0 22.657 -17.729
6408 54.0 22.119 -17.644
6420 54.0 21.609 -17.474
6432 54.0 21.071 -17.474
6444 54.0 20.561 -17.474
6456 54.0 20.051 -17.389
6468 54.0 19.541 -17.389
6480 54.0 19.032 -17.304
6492 54.0 19.561 -17.049
6504 54.0 18.907 -17.182
6516 54.0 19.028 -17.596
6528 54.0 19.517 -17.013
6540 54.0 17.592 -16.415
6552 54.0 16.509 -16.417
6564 54.0 17.316 -17.369
6576 54.0 16.846 -16.617
6588 54.0 15.935 -16.160
6600 54.0 14.444 -16.042
6612 54.0 16.064 -16.268
6624 54.0 16.017 -15.667
8028 52.0 25.631 -8.949
8040 52.0 26.140 -9.063
8052 52.0 26.678 -9.233
8064 52.0 27.103 -9.403
8076 52.0 27.613 -9.572
8088 52.0 28.123 -9.742
8100 52.0 28.633 -9.856
8112 52.0 29.142 -10.026
8124 52.0 28.826 -10.368
8136 52.0 29.379 -10.858
8148 52.0 30.338 -10.925
8160 52.0 30.263 -10.490
8172 52.0 29.783 -10.450
8184 52.0 30.393 -10.687
8196 52.0 31.273 -11.086
8208 52.0 31.747 -11.935
8220 52.0 31.424 -10.580
8232 52.0 30.148 -10.246
8244 52.0 31.418 -10.807
8256 52.0 32.459 -11.073
8040 58.0 33.362 -15.180
8052 58.0 33.136 -14.274
8064 58.0 33.051 -13.254
8076 58.0 33.051 -12.744
8088 58.0 33.051 -12.575
8100 58.0 33.051 -12.405
8112 58.0 32.937 -12.121
8124 58.0 32.937 -11.612
8136 58.0 33.205 -11.396
8148 58.0 33.021 -11.347
8160 58.0 32.877 -11.657
8172 58.0 32.803 -10.050
8184 58.0 32.905 -8.948
8196 58.0 32.708 -9.192
8208 58.0 33.219 -8.898
8220 58.0 32.722 -6.645
8232 58.0 33.075 -9.833
8244 58.0 32.717 -11.362
8256 58.0 33.035 -8.172
8268 58.0 32.578 -8.268
8280 59.0 32.003 -4.531
8292 59.0 32.003 -4.022
8304 59.0 32.003 -3.455
8316 59.0 32.003 -2.860
8328 59.0 32.116 -2.266
8340 59.0 32.116 -1.643
8352 59.0 32.116 -1.076
8364 59.0 32.116 -0.566
8376 59.0 32.396 -0.206
8388 59.0 32.276 0.966
8400 59.0 32.545 1.787
8412 59.0 32.072 2.636
8424 59.0 32.466 1.820
8436 59.0 32.362 3.957
8448 59.0 32.756 1.360
8460 59.0 32.787 1.535
8472 59.0 32.772 3.120
8484 59.0 32.129 4.190
8496 59.0 32.331 3.902
8508 59.0 32.629 -0.158
9252 60.0 5.296 -21.581
9264 60.0 4.843 -21.467
9276 60.0 5.353 -21.043
9288 60.0 5.862 -20.618
9300 60.0 6.372 -20.250
9312 60.0 6.995 -19.825
9324 60.0 7.420 -19.428
9336 60.0 7.845 -19.032
9348 60.0 7.273 -19.494
9360 60.0 7.391 -18.901
9372 60.0 7.002 -19.630
9384 60.0 7.234 -19.669
9396 60.0 7.712 -20.217
9408 60.0 7.523 -19.918
9420 60.0 8.158 -18.749
9432 60.0 8.008 -19.318
9444 60.0 8.012 -19.897
9456 60.0 7.830 -19.419
9468 60.0 8.182 -19.101
9480 60.0 8.197 -19.763
9492 61.0 16.341 -16.709
9504 61.0 17.049 -16.766
9516 61.0 17.757 -16.766
9528 61.0 18.437 -16.794
9540 61.0 19.230 -16.851
9552 61.0 19.881 -16.823
9564 61.0 20.674 -16.851
9576 61.0 21.411 -16.908
9588 61.0 19.485 -16.845
9600 61.0 20.788 -17.341
9612 61.0 21.424 -16.896
9624 61.0 21.455 -17.187
9636 61.0 21.337 -16.963
9648 61.0 21.309 -17.126
9660 61.0 20.596 -16.355
9672 61.0 22.201 -18.122
9684 61.0 21.448 -17.476
9696 61.0 24.301 -18.598
9708 61.0 23.685 -19.228
9720 61.0 24.207 -19.017
