0 6.0 -15.695 34.138
12 6.0 -15.695 34.138
24 6.0 -15.695 34.138
36 6.0 -15.695 34.138
48 6.0 -15.695 34.138
60 6.0 -15.695 34.138
72 6.0 -15.695 34.138
84 6.0 -15.695 34.138
96 6.0 -15.606 34.050
108 6.0 -15.576 33.976
120 6.0 -15.610 34.062
132 6.0 -15.557 34.047
144 6.0 -15.576 34.038
156 6.0 -15.490 33.976
168 6.0 -15.443 34.007
180 6.0 -15.492 34.056
192 6.0 -15.357 34.134
204 6.0 -15.514 34.136
216 6.0 -15.585 34.225
228 6.0 -15.472 34.217
0 15.0 -8.722 41.385
12 15.0 -8.665 41.312
24 15.0 -8.607 41.312
36 15.0 -8.549 41.312
48 15.0 -8.491 41.312
60 15.0 -8.433 41.312
72 15.0 -8.375 41.312
84 15.0 -8.317 41.312
96 15.0 -8.262 41.344
108 15.0 -8.021 41.428
120 15.0 -8.182 41.490
132 15.0 -7.984 41.221
144 15.0 -8.263 41.275
156 15.0 -8.254 41.464
168 15.0 -8.179 41.361
180 15.0 -8.312 41.450
192 15.0 -8.040 41.412
204 15.0 -8.179 41.531
216 15.0 -8.063 41.429
228 15.0 -7.959 41.429
0 22.0 -6.061 28.786
12 22.0 -5.829 27.802
24 22.0 -5.598 26.847
36 22.0 -5.381 25.864
48 22.0 -5.164 24.894
60 22.0 -4.875 23.925
72 22.0 -4.643 22.942
84 22.0 -4.643 21.972
96 22.0 -4.928 21.628
108 22.0 -4.311 19.725
120 22.0 -4.525 21.630
132 22.0 -5.119 21.651
144 22.0 -4.710 21.206
156 22.0 -4.982 20.129
168 22.0 -4.217 18.641
180 22.0 -4.483 18.713
192 22.0 -5.213 20.012
204 22.0 -4.397 22.598
216 22.0 -4.194 21.119
228 22.0 -4.517 23.985
0 24.0 6.929 9.807
12 24.0 7.218 9.561
24 24.0 7.565 9.431
36 24.0 7.912 9.316
48 24.0 8.260 9.200
60 24.0 8.607 9.070
72 24.0 8.925 8.954
84 24.0 9.272 8.824
96 24.0 9.351 8.559
108 24.0 10.583 8.318
120 24.0 10.660 8.309
132 24.0 10.779 7.952
144 24.0 11.215 7.659
156 24.0 11.970 6.975
168 24.0 12.546 7.312
180 24.0 10.760 7.900
192 24.0 12.032 7.182
204 24.0 13.159 6.097
216 24.0 13.263 5.673
228 24.0 14.393 5.147
0 50.0 -5.584 17.532
12 50.0 -5.627 18.023
24 50.0 -5.685 18.631
36 50.0 -5.743 19.239
48 50.0 -5.800 19.730
60 50.0 -5.858 20.338
72 50.0 -5.916 20.945
84 50.0 -5.974 21.423
96 50.0 -6.268 21.126
108 50.0 -6.502 21.572
120 50.0 -6.707 22.032
132 50.0 -6.721 22.417
144 50.0 -6.059 22.706
156 50.0 -6.444 21.941
168 50.0 -6.884 22.894
180 50.0 -6.942 25.188
192 50.0 -6.912 24.273
204 50.0 -6.097 23.891
216 50.0 -6.754 24.357
228 50.0 -7.146 25.313
36 64.0 -8.288 40.083
48 64.0 -8.578 39.186
60 64.0 -8.578 38.578
72 64.0 -8.636 38.087
84 64.0 -8.636 37.609
96 64.0 -8.694 37.117
108 64.0 -8.694 36.582
120 64.0 -8.737 36.033
132 64.0 -8.743 35.097
144 64.0 -8.732 35.141
156 64.0 -8.739 34.461
168 64.0 -8.756 34.129
180 64.0 -8.810 33.244
192 64.0 -8.757 33.923
204 64.0 -8.612 33.724
216 64.0 -8.543 32.366
228 64.0 -8.524 31.278
240 64.0 -8.908 31.553
252 64.0 -9.383 28.541
264 64.0 -8.637 32.283
240 7.0 -15.695 34.138
252 7.0 -15.695 34.138
264 7.0 -15.695 34.138
276 7.0 -15.695 34.138
288 7.0 -15.695 34.138
300 7.0 -15.695 34.138
312 7.0 -15.695 34.138
324 7.0 -15.695 34.138
336 7.0 -15.621 34.142
348 7.0 -15.624 34.150
360 7.0 -15.564 34.104
372 7.0 -15.571 34.151
384 7.0 -15.568 34.214
396 7.0 -15.562 34.217
408 7.0 -15.484 34.267
420 7.0 -15.429 34.318
432 7.0 -15.467 34.187
444 7.0 -15.408 34.148
456 7.0 -15.322 34.203
468 7.0 -15.441 34.202
240 16.0 -7.233 37.175
252 16.0 -7.117 36.568
264 16.0 -7.016 35.960
276 16.0 -6.958 35.353
288 16.0 -6.842 34.745
300 16.0 -6.726 34.138
312 16.0 -6.611 33.530
324 16.0 -6.495 32.923
336 16.0 -6.459 32.003
348 16.0 -6.354 32.096
360 16.0 -5.785 31.374
372 16.0 -5.804 31.218
384 16.0 -6.063 31.211
396 16.0 -5.829 31.413
408 16.0 -5.379 29.190
420 16.0 -5.617 30.907
432 16.0 -5.126 30.018
444 16.0 -4.944 27.283
456 16.0 -4.250 29.948
468 16.0 -4.615 25.400
240 23.0 -15.347 11.630
252 23.0 -16.881 11.514
264 23.0 -18.298 11.138
276 23.0 -19.456 10.776
288 23.0 -19.213 11.064
300 23.0 -18.485 11.620
312 23.0 -17.757 12.177
324 23.0 -17.029 12.733
336 23.0 -18.403 12.932
348 23.0 -19.205 12.681
360 23.0 -19.904 12.737
372 23.0 -20.060 12.698
384 23.0 -21.275 12.997
396 23.0 -20.720 13.004
408 23.0 -22.012 12.901
420 23.0 -21.536 12.900
432 23.0 -20.672 13.009
444 23.0 -21.144 13.029
456 23.0 -20.628 12.176
468 23.0 -21.919 13.038
240 51.0 -7.290 29.089
252 51.0 -7.392 29.639
264 51.0 -7.507 30.246
276 51.0 -7.623 30.854
288 51.0 -7.739 31.389
300 51.0 -7.855 31.997
312 51.0 -7.970 32.561
324 51.0 -8.086 33.168
336 51.0 -8.183 32.921
348 51.0 -8.074 33.132
360 51.0 -8.243 32.323
372 51.0 -8.522 33.220
384 51.0 -8.381 34.414
396 51.0 -8.393 34.234
408 51.0 -8.547 34.537
420 51.0 -8.583 35.613
432 51.0 -9.176 35.843
444 51.0 -9.298 36.387
456 51.0 -8.453 34.804
468 51.0 -8.601 35.767
276 65.0 -9.142 29.263
288 65.0 -9.142 28.786
300 65.0 -9.084 28.308
312 65.0 -9.026 27.816
324 65.0 -8.910 27.209
336 65.0 -8.795 26.717
348 65.0 -8.737 26.109
360 65.0 -8.636 25.618
372 65.0 -8.538 25.774
384 65.0 -8.627 24.676
396 65.0 -8.553 24.405
408 65.0 -8.575 23.730
420 65.0 -8.411 23.822
432 65.0 -8.381 22.168
444 65.0 -8.498 21.831
456 65.0 -8.945 20.226
468 65.0 -8.370 20.454
480 65.0 -8.737 20.248
492 65.0 -8.247 22.423
504 65.0 -8.584 18.102
312 55.0 5.439 35.237
324 55.0 5.410 35.541
336 55.0 5.352 35.902
348 55.0 5.294 36.264
360 55.0 5.236 36.568
372 55.0 5.179 36.944
384 55.0 4.672 37.175
396 55.0 4.209 37.551
408 55.0 4.914 37.248
420 55.0 4.655 37.827
432 55.0 4.795 37.897
444 55.0 4.762 38.000
456 55.0 4.759 38.363
468 55.0 4.774 38.637
480 55.0 4.676 38.172
492 55.0 4.692 38.295
504 55.0 4.822 39.037
516 55.0 4.918 39.015
528 55.0 4.875 38.681
540 55.0 4.794 38.396
336 60.0 3.081 40.951
348 60.0 3.081 40.343
360 60.0 3.023 39.866
372 60.0 2.965 39.258
384 60.0 2.965 38.766
396 60.0 2.907 38.159
408 60.0 2.907 37.667
420 60.0 2.907 37.060
432 60.0 3.132 37.051
444 60.0 3.032 36.890
456 60.0 2.891 35.984
468 60.0 2.961 36.032
480 60.0 2.925 35.292
492 60.0 2.632 35.374
504 60.0 2.444 34.298
516 60.0 2.382 33.380
528 60.0 2.513 33.077
540 60.0 2.885 33.562
552 60.0 2.831 34.932
564 60.0 2.577 33.428
396 0.0 3.703 25.560
408 0.0 3.746 25.068
420 0.0 3.804 24.591
432 0.0 3.862 24.099
444 0.0 3.920 23.621
456 0.0 3.978 23.188
468 0.0 4.094 22.696
480 0.0 4.151 22.204
492 0.0 4.060 21.830
504 0.0 4.355 21.498
516 0.0 4.260 21.220
528 0.0 4.230 19.956
540 0.0 4.115 19.607
552 0.0 4.332 19.641
564 0.0 4.393 17.682
576 0.0 4.308 18.659
588 0.0 4.426 16.028
600 0.0 4.259 18.086
612 0.0 3.981 17.935
624 0.0 3.816 17.223
456 33.0 3.645 41.833
468 33.0 3.645 40.893
480 33.0 3.703 40.415
492 33.0 3.804 39.924
504 33.0 3.862 39.374
516 33.0 3.978 38.651
528 33.0 4.036 37.971
540 33.0 4.036 37.479
552 33.0 3.899 37.554
564 33.0 3.709 37.223
576 33.0 3.860 36.402
588 33.0 3.767 35.821
600 33.0 3.596 35.010
612 33.0 3.444 35.064
624 33.0 3.810 32.976
636 33.0 3.982 31.886
648 33.0 3.656 35.003
660 33.0 3.864 36.607
672 33.0 3.277 32.986
684 33.0 2.946 34.404
480 8.0 -15.695 34.138
492 8.0 -15.695 34.138
504 8.0 -15.752 34.080
516 8.0 -15.752 34.080
528 8.0 -15.752 34.080
540 8.0 -15.752 34.080
552 8.0 -15.781 34.080
564 8.0 -15.781 34.080
576 8.0 -15.731 34.079
588 8.0 -15.745 34.151
600 8.0 -15.634 34.070
612 8.0 -15.575 34.085
624 8.0 -15.556 34.129
636 8.0 -15.592 34.149
648 8.0 -15.655 34.259
660 8.0 -15.701 34.351
672 8.0 -15.637 34.314
684 8.0 -15.663 34.299
696 8.0 -15.720 34.290
708 8.0 -15.752 34.243
480 17.0 -5.584 25.140
492 17.0 -5.584 24.533
504 17.0 -5.555 24.041
516 17.0 -5.584 23.665
528 17.0 -5.612 23.318
540 17.0 -5.612 22.942
552 17.0 -5.670 22.580
564 17.0 -5.699 22.103
576 17.0 -5.607 22.095
588 17.0 -5.666 21.462
600 17.0 -5.456 21.145
612 17.0 -5.402 19.708
624 17.0 -5.503 19.125
636 17.0 -5.305 19.857
648 17.0 -5.395 18.093
660 17.0 -5.609 18.250
672 17.0 -5.718 17.952
684 17.0 -5.859 17.797
696 17.0 -5.940 15.315
708 17.0 -5.639 16.930
504 12.0 -6.611 24.533
516 12.0 -6.611 23.925
528 12.0 -6.611 23.303
540 12.0 -6.611 22.696
552 12.0 -6.668 22.218
564 12.0 -6.668 21.727
576 12.0 -6.668 21.307
588 12.0 -6.611 20.757
600 12.0 -6.522 20.579
612 12.0 -6.672 20.421
624 12.0 -6.465 20.782
636 12.0 -6.777 19.424
648 12.0 -6.677 19.560
660 12.0 -6.697 18.433
672 12.0 -6.703 18.008
684 12.0 -6.718 17.444
696 12.0 -6.704 15.753
708 12.0 -6.495 17.178
720 12.0 -6.660 16.076
732 12.0 -6.540 17.300
504 46.0 1.794 -6.509
516 46.0 1.794 -6.509
528 46.0 1.765 -6.871
540 46.0 1.649 -7.233
552 46.0 1.591 -7.609
564 46.0 1.475 -8.086
576 46.0 1.418 -8.824
588 46.0 1.360 -9.431
600 46.0 1.484 -8.802
612 46.0 1.608 -9.072
624 46.0 1.654 -9.892
636 46.0 1.691 -11.000
648 46.0 1.583 -11.026
660 46.0 1.483 -11.598
672 46.0 1.467 -11.714
684 46.0 1.370 -12.525
696 46.0 1.355 -12.497
708 46.0 1.797 -12.787
720 46.0 1.349 -13.370
732 46.0 1.447 -15.219
516 66.0 -6.871 19.354
528 66.0 -6.697 18.689
540 66.0 -6.582 18.067
552 66.0 -6.408 17.459
564 66.0 -6.292 16.852
576 66.0 -6.177 16.244
588 66.0 -6.061 15.637
600 66.0 -5.887 15.159
612 66.0 -6.148 15.171
624 66.0 -5.086 14.918
636 66.0 -5.281 14.060
648 66.0 -4.956 13.209
660 66.0 -6.045 13.595
672 66.0 -5.907 12.674
684 66.0 -5.742 12.446
696 66.0 -5.345 10.982
708 66.0 -5.883 12.816
720 66.0 -5.614 10.444
732 66.0 -5.596 11.743
744 66.0 -5.872 15.120
552 56.0 -1.548 39.359
564 56.0 -2.097 39.359
576 56.0 -2.676 39.359
588 56.0 -3.370 39.851
600 56.0 -4.094 40.343
612 56.0 -4.499 40.589
624 56.0 -4.846 40.835
636 56.0 -5.468 41.009
648 56.0 -5.447 41.059
660 56.0 -5.951 41.227
672 56.0 -5.740 40.934
684 56.0 -7.200 41.893
696 56.0 -7.633 42.044
708 56.0 -7.793 42.172
720 56.0 -6.804 42.106
732 56.0 -8.534 42.428
744 56.0 -8.055 42.216
756 56.0 -7.971 41.901
768 56.0 -10.733 43.949
780 56.0 -9.290 43.448
576 52.0 -13.843 30.680
588 52.0 -13.901 30.058
600 52.0 -13.901 29.451
612 52.0 -13.901 29.335
624 52.0 -13.843 29.089
636 52.0 -13.785 28.843
648 52.0 -13.785 28.482
660 52.0 -13.785 28.236
672 52.0 -13.875 28.431
684 52.0 -13.967 27.161
696 52.0 -13.922 26.701
708 52.0 -14.126 27.355
720 52.0 -14.017 25.615
732 52.0 -13.998 25.664
744 52.0 -13.907 25.001
756 52.0 -13.725 25.151
768 52.0 -13.666 24.488
780 52.0 -13.995 23.319
792 52.0 -13.991 23.879
804 52.0 -13.989 23.290
576 61.0 4.238 29.509
588 61.0 4.296 28.786
600 61.0 4.412 28.178
612 61.0 4.470 27.570
624 61.0 4.585 26.847
636 61.0 4.528 26.355
648 61.0 4.412 25.979
660 61.0 4.296 25.618
672 61.0 4.562 24.543
684 61.0 4.631 24.232
696 61.0 4.644 23.339
708 61.0 4.839 22.691
720 61.0 4.365 22.515
732 61.0 4.659 22.925
744 61.0 4.764 21.223
756 61.0 4.194 20.372
768 61.0 4.385 22.209
780 61.0 4.373 19.823
792 61.0 4.225 20.336
804 61.0 4.589 18.944
600 48.0 -14.639 30.333
612 48.0 -14.523 29.523
624 48.0 -14.465 29.147
636 48.0 -14.465 28.655
648 48.0 -14.465 28.308
660 48.0 -14.407 27.816
672 48.0 -14.407 27.440
684 48.0 -14.349 27.093
696 48.0 -14.391 26.762
708 48.0 -14.490 26.418
720 48.0 -14.475 25.929
732 48.0 -14.248 25.950
744 48.0 -14.274 24.804
756 48.0 -14.218 24.188
768 48.0 -14.385 24.553
780 48.0 -14.258 23.023
792 48.0 -14.256 23.033
804 48.0 -14.006 22.809
816 48.0 -14.018 22.630
828 48.0 -13.893 22.948
636 1.0 3.862 15.998
648 1.0 3.920 15.391
660 1.0 3.978 14.783
672 1.0 3.978 14.060
684 1.0 4.036 13.453
696 1.0 4.036 12.845
708 1.0 4.094 12.237
720 1.0 4.151 11.746
732 1.0 4.255 11.478
744 1.0 4.106 10.867
756 1.0 4.265 10.850
768 1.0 4.182 9.468
780 1.0 4.484 9.287
792 1.0 4.398 8.237
804 1.0 4.519 8.683
816 1.0 4.553 10.098
828 1.0 4.858 7.973
840 1.0 4.431 10.824
852 1.0 4.591 6.775
864 1.0 4.985 6.076
696 34.0 4.267 27.455
708 34.0 4.267 27.252
720 34.0 4.238 27.252
732 34.0 4.209 27.194
744 34.0 4.180 27.194
756 34.0 4.180 26.905
768 34.0 4.296 26.298
780 34.0 4.412 25.690
792 34.0 4.522 25.420
804 34.0 4.740 24.993
816 34.0 4.308 24.552
828 34.0 4.448 23.740
840 34.0 4.400 23.809
852 34.0 4.687 23.736
864 34.0 4.301 23.545
876 34.0 4.315 22.384
888 34.0 4.450 22.388
900 34.0 4.231 21.125
912 34.0 4.313 20.878
924 34.0 4.381 21.045
720 9.0 -15.868 34.080
732 9.0 -15.897 34.080
744 9.0 -15.897 34.080
756 9.0 -15.897 34.022
768 9.0 -15.897 34.022
780 9.0 -15.926 34.022
792 9.0 -15.926 34.022
804 9.0 -15.926 34.022
816 9.0 -15.913 33.963
828 9.0 -15.912 33.951
840 9.0 -15.864 34.004
852 9.0 -15.879 34.035
864 9.0 -15.837 34.038
876 9.0 -15.866 34.060
888 9.0 -15.856 34.033
900 9.0 -15.826 34.050
912 9.0 -15.784 34.097
924 9.0 -15.814 34.085
936 9.0 -15.800 34.133
948 9.0 -15.838 34.113
720 18.0 -5.179 14.306
732 18.0 -5.121 13.814
744 18.0 -5.121 13.091
756 18.0 -5.077 12.353
768 18.0 -4.904 11.861
780 18.0 -4.730 11.384
792 18.0 -4.730 10.776
804 18.0 -4.730 10.169
816 18.0 -4.715 10.126
828 18.0 -4.570 9.408
840 18.0 -4.617 9.263
852 18.0 -4.584 8.748
864 18.0 -4.559 7.026
876 18.0 -4.437 6.821
888 18.0 -4.723 7.330
900 18.0 -4.780 5.744
912 18.0 -4.421 6.089
924 18.0 -4.586 8.073
936 18.0 -4.314 5.835
948 18.0 -4.384 6.526
744 13.0 -6.032 12.975
756 13.0 -5.974 12.483
768 13.0 -5.873 12.107
780 13.0 -5.699 11.630
792 13.0 -5.584 11.268
804 13.0 -5.584 10.531
816 13.0 -5.584 9.923
828 13.0 -5.584 9.446
840 13.0 -5.587 8.911
852 13.0 -5.645 8.974
864 13.0 -5.648 8.980
876 13.0 -5.502 7.621
888 13.0 -5.734 8.010
900 13.0 -5.723 8.087
912 13.0 -5.677 7.101
924 13.0 -5.813 7.037
936 13.0 -5.624 5.412
948 13.0 -5.496 7.186
960 13.0 -5.447 6.421
972 13.0 -5.496 4.606
744 20.0 -20.078 21.596
756 20.0 -19.730 21.857
768 20.0 -19.354 22.088
780 20.0 -18.964 22.334
792 20.0 -18.501 22.826
804 20.0 -18.110 23.188
816 20.0 -17.763 23.188
828 20.0 -17.488 23.303
840 20.0 -17.717 22.932
852 20.0 -19.076 23.015
864 20.0 -18.466 23.052
876 20.0 -18.558 22.625
888 20.0 -18.110 22.523
900 20.0 -17.873 22.667
912 20.0 -17.586 21.612
924 20.0 -18.191 22.172
936 20.0 -17.624 22.763
948 20.0 -17.833 22.705
960 20.0 -17.760 22.586
972 20.0 -17.624 22.499
756 67.0 2.416 41.298
768 67.0 2.416 40.589
780 67.0 2.416 40.227
792 67.0 2.416 39.851
804 67.0 2.416 39.504
816 67.0 2.416 39.012
828 67.0 2.474 38.636
840 67.0 2.531 38.144
852 67.0 2.604 38.021
864 67.0 2.547 37.687
876 67.0 2.280 36.517
888 67.0 2.349 36.543
900 67.0 2.298 36.171
912 67.0 2.561 35.514
924 67.0 2.395 35.311
936 67.0 2.650 34.776
948 67.0 2.754 34.155
960 67.0 2.722 33.091
972 67.0 2.518 34.549
984 67.0 2.666 32.972
792 57.0 -7.037 41.535
804 57.0 -7.055 41.539
816 57.0 -7.073 41.542
828 57.0 -7.090 41.545
840 57.0 -7.108 41.548
852 57.0 -7.126 41.552
864 57.0 -7.145 41.555
876 57.0 -7.163 41.558
888 57.0 -7.155 41.594
900 57.0 -7.149 41.706
912 57.0 -7.094 41.624
924 57.0 -7.083 41.689
936 57.0 -7.164 41.684
948 57.0 -7.067 41.641
960 57.0 -7.104 41.679
972 57.0 -7.056 41.711
984 57.0 -7.140 41.704
996 57.0 -7.162 41.699
1008 57.0 -7.121 41.785
1020 57.0 -7.206 41.665
816 62.0 5.887 18.920
828 62.0 5.887 18.689
840 62.0 5.887 18.573
852 62.0 5.887 18.197
864 62.0 6.234 16.866
876 62.0 6.408 15.883
888 62.0 6.408 15.391
900 62.0 6.408 14.914
912 62.0 6.277 15.901
924 62.0 6.380 15.801
936 62.0 6.363 15.280
948 62.0 6.453 14.421
960 62.0 6.412 13.457
972 62.0 6.231 13.702
984 62.0 6.503 12.647
996 62.0 6.616 11.963
1008 62.0 6.487 11.901
1020 62.0 6.609 12.052
1032 62.0 6.424 12.044
1044 62.0 6.603 11.068
840 49.0 -15.145 22.696
852 49.0 -15.203 22.349
864 49.0 -15.261 21.972
876 49.0 -15.376 21.596
888 49.0 -15.666 21.249
900 49.0 -15.941 20.873
912 49.0 -16.230 20.642
924 49.0 -16.461 20.381
936 49.0 -16.481 20.144
948 49.0 -16.430 20.658
960 49.0 -16.757 19.863
972 49.0 -17.440 20.152
984 49.0 -17.397 20.012
996 49.0 -16.584 19.622
1008 49.0 -17.729 17.820
1020 49.0 -18.172 19.774
1032 49.0 -20.178 18.713
1044 49.0 -19.015 18.884
1056 49.0 -19.815 16.795
1068 49.0 -17.315 17.411
876 2.0 4.788 4.817
888 2.0 4.788 4.325
900 2.0 4.788 3.848
912 2.0 4.788 3.110
924 2.0 4.788 2.372
936 2.0 4.672 1.895
948 2.0 4.557 1.649
960 2.0 4.499 1.287
972 2.0 4.690 0.811
984 2.0 4.683 0.128
996 2.0 4.634 -0.891
1008 2.0 4.543 -0.960
1020 2.0 4.575 -1.818
1032 2.0 4.562 -3.105
1044 2.0 4.364 -2.540
1056 2.0 4.468 -4.775
1068 2.0 4.598 -2.321
1080 2.0 4.597 -1.186
1092 2.0 4.730 -2.236
1104 2.0 4.634 -3.079
936 35.0 5.627 19.108
948 35.0 5.743 18.501
960 35.0 5.974 18.139
972 35.0 6.263 17.647
984 35.0 6.437 17.286
996 35.0 6.553 16.924
1008 35.0 6.770 16.490
1020 35.0 7.059 15.941
1032 35.0 6.504 16.024
1044 35.0 6.744 15.843
1056 35.0 6.741 15.287
1068 35.0 6.525 15.010
1080 35.0 6.348 13.802
1092 35.0 6.657 13.838
1104 35.0 6.255 12.398
1116 35.0 6.609 12.590
1128 35.0 6.451 11.680
1140 35.0 6.413 13.540
1152 35.0 6.652 11.272
1164 35.0 6.453 10.515
960 10.0 -16.027 34.007
972 10.0 -16.027 34.007
984 10.0 -16.027 34.007
996 10.0 -16.027 34.007
1008 10.0 -16.085 33.950
1020 10.0 -16.085 33.950
1032 10.0 -16.085 33.950
1044 10.0 -16.085 33.892
1056 10.0 -16.044 33.893
1068 10.0 -16.036 33.929
1080 10.0 -16.093 34.068
1092 10.0 -16.082 34.095
1104 10.0 -16.201 34.061
1116 10.0 -16.209 33.943
1128 10.0 -16.180 34.012
1140 10.0 -16.231 33.948
1152 10.0 -16.213 34.046
1164 10.0 -16.198 34.061
1176 10.0 -16.168 34.026
1188 10.0 -16.290 34.016
960 19.0 -3.935 3.356
972 19.0 -3.935 2.864
984 19.0 -3.935 2.372
996 19.0 -3.935 1.895
1008 19.0 -3.963 1.215
1020 19.0 -3.963 0.608
1032 19.0 -3.992 0.072
1044 19.0 -4.021 -0.535
1056 19.0 -4.081 -0.626
1068 19.0 -4.323 -1.749
1080 19.0 -4.112 -2.143
1092 19.0 -4.368 -3.190
1104 19.0 -4.162 -3.193
1116 19.0 -4.153 -3.093
1128 19.0 -4.123 -3.984
1140 19.0 -4.012 -3.611
1152 19.0 -4.018 -6.112
1164 19.0 -3.907 -2.382
1176 19.0 -3.813 -4.888
1188 19.0 -3.486 -3.309
984 14.0 -4.846 2.864
996 14.0 -4.730 2.257
1008 14.0 -4.672 1.519
1020 14.0 -4.672 0.984
1032 14.0 -4.672 0.318
1044 14.0 -4.672 -0.231
1056 14.0 -4.672 -0.897
1068 14.0 -4.672 -1.504
1080 14.0 -4.468 -1.072
1092 14.0 -4.502 -2.148
1104 14.0 -4.575 -3.007
1116 14.0 -4.459 -3.006
1128 14.0 -4.365 -3.739
1140 14.0 -4.475 -2.875
1152 14.0 -4.621 -4.197
1164 14.0 -4.771 -4.294
1176 14.0 -4.485 -4.111
1188 14.0 -4.456 -5.854
1200 14.0 -4.535 -4.577
1212 14.0 -4.806 -5.843
984 21.0 -14.856 29.147
996 21.0 -14.697 29.523
1008 21.0 -14.552 29.943
1020 21.0 -14.465 30.608
1032 21.0 -14.378 31.158
1044 21.0 -14.292 31.823
1056 21.0 -14.219 32.373
1068 21.0 -14.017 32.865
1080 21.0 -14.238 32.480
1092 21.0 -14.475 34.231
1104 21.0 -14.354 34.445
1116 21.0 -14.261 35.609
1128 21.0 -13.952 37.496
1140 21.0 -14.302 32.379
1152 21.0 -14.720 35.083
1164 21.0 -14.459 35.238
1176 21.0 -14.629 36.384
1188 21.0 -14.252 41.536
1200 21.0 -13.987 35.999
1212 21.0 -14.163 37.389
996 54.0 -9.316 24.374
1008 54.0 -9.026 23.419
1020 54.0 -8.578 22.811
1032 54.0 -8.115 22.349
1044 54.0 -7.594 21.741
1056 54.0 -7.146 21.119
1068 54.0 -7.030 20.989
1080 54.0 -6.929 20.873
1092 54.0 -6.253 20.578
1104 54.0 -6.666 19.850
1116 54.0 -6.662 19.513
1128 54.0 -5.966 17.511
1140 54.0 -6.051 18.507
1152 54.0 -5.987 16.884
1164 54.0 -6.225 17.915
1176 54.0 -6.132 17.886
1188 54.0 -7.355 18.511
1200 54.0 -6.212 18.550
1212 54.0 -6.822 19.050
1224 54.0 -6.952 17.339
996 68.0 3.269 31.230
1008 68.0 3.182 30.782
1020 68.0 3.124 30.304
1032 68.0 3.124 29.813
1044 68.0 3.182 29.205
1056 68.0 3.240 28.713
1068 68.0 3.240 28.250
1080 68.0 3.298 27.758
1092 68.0 3.422 27.132
1104 68.0 3.590 26.901
1116 68.0 3.667 26.728
1128 68.0 3.592 25.924
1140 68.0 3.915 24.296
1152 68.0 4.094 23.799
1164 68.0 3.852 24.645
1176 68.0 3.810 22.612
1188 68.0 3.751 25.002
1200 68.0 4.050 23.902
1212 68.0 3.745 24.226
1224 68.0 3.892 20.092
1020 29.0 -8.375 -2.850
1032 29.0 -8.824 -3.341
1044 29.0 -9.229 -3.718
1056 29.0 -9.677 -4.180
1068 29.0 -10.140 -4.557
1080 29.0 -10.603 -5.048
1092 29.0 -10.993 -5.410
1104 29.0 -11.442 -5.887
1116 29.0 -10.567 -5.305
1128 29.0 -11.041 -5.800
1140 29.0 -11.060 -6.737
1152 29.0 -12.913 -6.787
1164 29.0 -11.881 -6.549
1176 29.0 -11.610 -7.589
1188 29.0 -12.252 -8.765
1200 29.0 -13.989 -7.876
1212 29.0 -12.759 -8.145
1224 29.0 -13.497 -6.330
1236 29.0 -12.705 -5.993
1248 29.0 -12.737 -6.049
1032 58.0 -7.396 41.600
1044 58.0 -7.414 41.603
1056 58.0 -7.432 41.607
1068 58.0 -7.450 41.610
1080 58.0 -7.468 41.613
1092 58.0 -7.486 41.616
1104 58.0 -7.504 41.620
1116 58.0 -7.522 41.623
1128 58.0 -7.565 41.651
1140 58.0 -7.540 41.793
1152 58.0 -7.495 41.658
1164 58.0 -7.502 41.676
1176 58.0 -7.459 41.636
1188 58.0 -7.434 41.675
1200 58.0 -7.428 41.676
1212 58.0 -7.480 41.717
1224 58.0 -7.479 41.704
1236 58.0 -7.519 41.648
1248 58.0 -7.420 41.625
1260 58.0 -7.398 41.673
1056 63.0 5.092 5.844
1068 63.0 5.034 5.236
1080 63.0 4.918 4.629
1092 63.0 4.918 3.906
1104 63.0 4.918 3.298
1116 63.0 4.918 2.560
1128 63.0 4.918 1.953
1140 63.0 4.918 1.230
1152 63.0 4.777 0.974
1164 63.0 5.108 -0.210
1176 63.0 5.035 1.588
1188 63.0 4.889 0.121
1200 63.0 4.715 -1.126
1212 63.0 4.976 -1.017
1224 63.0 4.975 -2.590
1236 63.0 4.459 -2.026
1248 63.0 4.662 -1.660
1260 63.0 4.959 -0.006
1272 63.0 5.172 0.515
1284 63.0 4.665 -1.633
1116 3.0 3.804 -5.164
1128 3.0 3.746 -5.280
1140 3.0 3.703 -5.395
1152 3.0 3.645 -5.395
1164 3.0 3.587 -5.395
1176 3.0 3.472 -5.395
1188 3.0 3.414 -5.280
1200 3.0 3.356 -5.280
1212 3.0 3.421 -5.194
1224 3.0 3.424 -5.257
1236 3.0 3.510 -5.272
1248 3.0 3.564 -5.208
1260 3.0 3.624 -5.115
1272 3.0 3.714 -5.127
1284 3.0 3.541 -5.278
1296 3.0 3.548 -5.286
1308 3.0 3.553 -5.231
1320 3.0 3.605 -5.191
1332 3.0 3.797 -5.248
1344 3.0 3.840 -5.239
1152 39.0 15.579 19.181
1164 39.0 15.174 19.296
1176 39.0 14.711 19.412
1188 39.0 14.320 19.412
1200 39.0 13.915 19.528
1212 39.0 13.525 19.658
1224 39.0 13.120 19.788
1236 39.0 12.671 19.788
1248 39.0 12.967 19.742
1260 39.0 12.645 20.053
1272 39.0 12.133 20.194
1284 39.0 11.908 20.298
1296 39.0 11.212 20.969
1308 39.0 10.693 20.931
1320 39.0 10.466 21.524
1332 39.0 10.480 21.137
1344 39.0 9.001 21.289
1356 39.0 8.508 22.560
1368 39.0 8.658 22.190
1380 39.0 8.591 22.677
1188 38.0 15.116 21.293
1200 38.0 14.176 20.627
1212 38.0 13.843 20.685
1224 38.0 13.496 20.815
1236 38.0 13.149 20.945
1248 38.0 12.744 21.061
1260 38.0 12.411 21.119
1272 38.0 12.078 21.235
1284 38.0 12.090 21.281
1296 38.0 10.828 21.736
1308 38.0 10.823 21.444
1320 38.0 10.802 22.282
1332 38.0 10.513 21.298
1344 38.0 9.253 21.978
1356 38.0 9.590 21.536
1368 38.0 8.426 21.604
1380 38.0 9.171 21.151
1392 38.0 8.723 22.740
1404 38.0 8.710 22.729
1416 38.0 8.807 23.583
1200 11.0 -16.085 33.414
1212 11.0 -16.085 33.414
1224 11.0 -16.085 33.414
1236 11.0 -16.085 33.299
1248 11.0 -16.085 33.299
1260 11.0 -16.085 33.299
1272 11.0 -16.085 33.226
1284 11.0 -16.085 33.226
1296 11.0 -16.155 33.245
1308 11.0 -16.106 33.140
1320 11.0 -16.108 33.219
1332 11.0 -16.134 33.211
1344 11.0 -16.161 33.282
1356 11.0 -16.153 33.247
1368 11.0 -16.151 33.224
1380 11.0 -16.150 33.253
1392 11.0 -16.128 33.296
1404 11.0 -16.062 33.286
1416 11.0 -16.115 33.275
1428 11.0 -16.110 33.284
1236 69.0 3.298 21.191
1248 69.0 3.298 20.700
1260 69.0 3.298 20.208
1272 69.0 3.298 19.716
1284 69.0 3.414 19.108
1296 69.0 3.472 18.617
1308 69.0 3.529 18.125
1320 69.0 3.587 17.662
1332 69.0 3.505 17.278
1344 69.0 3.503 18.245
1356 69.0 3.463 16.787
1368 69.0 3.604 17.176
1380 69.0 3.801 15.870
1392 69.0 3.781 16.417
1404 69.0 3.682 15.626
1416 69.0 4.001 15.117
1428 69.0 3.777 15.254
1440 69.0 3.765 15.226
1452 69.0 3.906 14.347
1464 69.0 3.669 13.526
1260 30.0 -16.563 -9.793
1272 30.0 -16.852 -10.285
1284 30.0 -17.141 -10.632
1296 30.0 -17.373 -11.008
1308 30.0 -17.604 -11.384
1320 30.0 -17.792 -11.731
1332 30.0 -17.966 -12.107
1344 30.0 -18.183 -12.397
1356 30.0 -17.651 -11.562
1368 30.0 -17.574 -12.132
1380 30.0 -17.482 -12.457
1392 30.0 -17.784 -13.313
1404 30.0 -18.765 -13.324
1416 30.0 -18.631 -14.375
1428 30.0 -18.878 -15.221
1440 30.0 -18.360 -13.606
1452 30.0 -18.485 -15.022
1464 30.0 -18.582 -16.483
1476 30.0 -18.055 -14.782
1488 30.0 -17.920 -17.447
1272 59.0 -6.726 34.933
1284 59.0 -6.668 34.326
1296 59.0 -6.553 33.704
1308 59.0 -6.495 33.096
1320 59.0 -6.437 32.489
1332 59.0 -6.321 31.881
1344 59.0 -6.321 31.274
1356 59.0 -6.321 30.550
1368 59.0 -6.396 30.592
1380 59.0 -6.441 30.448
1392 59.0 -6.351 29.482
1404 59.0 -6.462 29.501
1416 59.0 -6.826 28.919
1428 59.0 -6.581 28.115
1440 59.0 -6.722 27.638
1452 59.0 -6.913 27.522
1464 59.0 -6.831 25.592
1476 59.0 -6.653 26.995
1488 59.0 -6.675 28.925
1500 59.0 -7.005 26.604
