0 129.0 13.101 5.980
12 129.0 12.359 5.980
24 129.0 11.631 5.980
36 129.0 10.903 5.980
48 129.0 10.161 5.980
60 129.0 9.476 6.094
72 129.0 8.691 6.094
84 129.0 7.906 6.094
96 129.0 9.757 6.101
108 129.0 8.573 6.528
120 129.0 8.446 6.375
132 129.0 8.295 5.835
144 129.0 7.328 7.070
156 129.0 7.225 6.373
168 129.0 7.162 5.875
180 129.0 7.758 6.552
192 129.0 6.281 6.586
204 129.0 6.878 6.539
216 129.0 8.216 6.371
228 129.0 7.265 6.917
0 112.0 -19.866 18.696
12 112.0 -19.866 18.696
24 112.0 -19.809 18.696
36 112.0 -19.766 18.696
48 112.0 -19.709 18.696
60 112.0 -19.652 18.696
72 112.0 -19.595 18.696
84 112.0 -19.595 18.696
96 112.0 -19.845 18.820
108 112.0 -19.811 18.819
120 112.0 -19.914 18.819
132 112.0 -19.907 18.697
144 112.0 -19.877 18.689
156 112.0 -19.947 18.583
168 112.0 -19.926 18.630
180 112.0 -19.942 18.689
192 112.0 -19.955 18.655
204 112.0 -19.937 18.671
216 112.0 -19.938 18.615
228 112.0 -19.955 18.610
60 141.0 -8.206 27.844
72 141.0 -8.649 27.844
84 141.0 -9.020 28.072
96 141.0 -9.376 28.415
108 141.0 -9.648 28.301
120 141.0 -9.862 27.958
132 141.0 -9.844 27.958
144 141.0 -9.823 27.957
156 141.0 -10.319 28.143
168 141.0 -10.364 28.166
180 141.0 -10.964 28.604
192 141.0 -12.124 28.924
204 141.0 -12.205 29.011
216 141.0 -13.489 29.547
228 141.0 -12.519 29.207
240 141.0 -12.134 28.303
252 141.0 -12.882 28.837
264 141.0 -13.617 29.084
276 141.0 -12.365 28.292
288 141.0 -14.571 29.344
60 117.0 -2.298 34.238
72 117.0 -2.412 34.609
84 117.0 -2.612 34.837
96 117.0 -2.840 34.837
108 117.0 -3.097 34.951
120 117.0 -3.297 34.951
132 117.0 -3.668 34.951
144 117.0 -4.196 34.837
156 117.0 -4.357 35.094
168 117.0 -4.423 35.235
180 117.0 -4.714 35.779
192 117.0 -4.965 35.766
204 117.0 -5.440 35.807
216 117.0 -6.064 36.297
228 117.0 -6.191 36.220
240 117.0 -5.321 36.040
252 117.0 -6.342 36.582
264 117.0 -6.976 37.110
276 117.0 -7.946 37.450
288 117.0 -8.360 37.383
108 131.0 16.312 7.293
120 131.0 15.670 6.836
132 131.0 15.042 6.836
144 131.0 14.414 6.836
156 131.0 13.786 6.836
168 131.0 13.201 6.836
180 131.0 12.573 6.836
192 131.0 11.945 6.722
204 131.0 13.666 6.831
216 131.0 14.287 6.919
228 131.0 13.751 7.351
240 131.0 13.392 7.095
252 131.0 13.282 7.028
264 131.0 12.640 7.287
276 131.0 12.642 7.163
288 131.0 12.238 7.239
300 131.0 12.712 6.746
312 131.0 13.004 7.209
324 131.0 12.648 6.593
336 131.0 12.606 6.532
240 130.0 -0.999 6.436
252 130.0 -1.727 6.436
264 130.0 -2.469 6.436
276 130.0 -3.197 6.436
288 130.0 -3.939 6.436
300 130.0 -4.667 6.436
312 130.0 -5.395 6.436
324 130.0 -6.194 6.436
336 130.0 -4.793 5.845
348 130.0 -5.066 6.030
360 130.0 -4.520 5.842
372 130.0 -5.876 6.383
384 130.0 -5.254 6.071
396 130.0 -4.534 6.209
408 130.0 -5.504 6.148
420 130.0 -6.152 6.734
432 130.0 -6.621 6.332
444 130.0 -7.135 6.306
456 130.0 -6.825 6.343
468 130.0 -7.331 6.042
240 113.0 -18.182 18.422
252 113.0 -18.239 18.433
264 113.0 -18.295 18.444
276 113.0 -18.352 18.456
288 113.0 -18.408 18.467
300 113.0 -18.465 18.478
312 113.0 -18.521 18.490
324 113.0 -18.578 18.501
336 113.0 -18.515 18.589
348 113.0 -18.321 18.546
360 113.0 -18.268 18.542
372 113.0 -18.287 18.546
384 113.0 -18.263 18.515
396 113.0 -18.268 18.464
408 113.0 -18.267 18.433
420 113.0 -18.309 18.410
432 113.0 -18.439 18.468
444 113.0 -18.390 18.478
456 113.0 -18.480 18.547
468 113.0 -18.420 18.469
300 142.0 -9.547 27.952
312 142.0 -9.526 27.952
324 142.0 -9.505 27.951
336 142.0 -9.483 27.951
348 142.0 -9.462 27.951
360 142.0 -9.441 27.950
372 142.0 -9.420 27.950
384 142.0 -9.399 27.949
396 142.0 -9.415 27.776
408 142.0 -9.433 27.774
420 142.0 -9.442 27.706
432 142.0 -9.544 27.802
444 142.0 -9.472 27.843
456 142.0 -9.429 27.744
468 142.0 -9.470 27.841
480 142.0 -9.549 27.838
492 142.0 -9.514 27.679
504 142.0 -9.486 27.806
516 142.0 -9.597 27.901
528 142.0 -9.548 27.874
300 118.0 -6.103 34.750
312 118.0 -5.914 34.754
324 118.0 -5.725 34.759
336 118.0 -5.537 34.764
348 118.0 -5.348 34.768
360 118.0 -5.159 34.772
372 118.0 -4.970 34.777
384 118.0 -4.782 34.782
396 118.0 -4.967 35.061
408 118.0 -4.658 35.178
420 118.0 -4.865 35.014
432 118.0 -4.565 34.888
444 118.0 -5.179 35.217
456 118.0 -5.000 35.717
468 118.0 -4.093 35.514
480 118.0 -4.072 35.182
492 118.0 -4.482 35.381
504 118.0 -4.547 35.382
516 118.0 -4.371 35.444
528 118.0 -4.011 35.293
348 132.0 3.825 6.494
360 132.0 3.197 6.494
372 132.0 2.512 6.494
384 132.0 1.827 6.379
396 132.0 1.156 6.379
408 132.0 0.471 6.379
420 132.0 -0.157 6.251
432 132.0 -0.842 6.251
444 132.0 -0.585 6.877
456 132.0 -1.703 6.388
468 132.0 -2.041 6.459
480 132.0 -0.876 6.919
492 132.0 -2.674 6.833
504 132.0 -2.776 7.505
516 132.0 -4.238 8.454
528 132.0 -2.844 7.376
540 132.0 -1.523 7.316
552 132.0 -3.208 7.494
564 132.0 -3.620 7.964
576 132.0 -4.602 8.335
528 139.0 -14.928 38.176
540 139.0 -15.313 38.348
552 139.0 -15.513 38.633
564 139.0 -15.456 38.633
576 139.0 -15.413 38.633
588 139.0 -15.356 38.633
600 139.0 -15.256 38.690
612 139.0 -15.313 38.690
624 139.0 -15.516 39.061
636 139.0 -15.893 39.025
648 139.0 -16.338 39.204
660 139.0 -16.458 39.188
672 139.0 -16.970 39.637
684 139.0 -17.646 39.726
696 139.0 -18.638 39.977
708 139.0 -17.976 40.123
720 139.0 -17.865 40.086
732 139.0 -18.149 40.287
744 139.0 -18.057 39.991
756 139.0 -19.713 40.635
768 140.0 -15.570 38.774
780 140.0 -15.570 38.776
792 140.0 -15.570 38.778
804 140.0 -15.570 38.780
816 140.0 -15.570 38.782
828 140.0 -15.570 38.784
840 140.0 -15.570 38.786
852 140.0 -15.570 38.788
864 140.0 -15.517 38.793
876 140.0 -15.550 38.797
888 140.0 -15.586 38.747
900 140.0 -15.590 38.821
912 140.0 -15.612 38.810
924 140.0 -15.669 38.847
936 140.0 -15.682 38.817
948 140.0 -15.689 38.835
960 140.0 -15.716 38.904
972 140.0 -15.731 38.859
984 140.0 -15.763 38.805
996 140.0 -15.717 38.882
1416 160.0 -15.913 18.753
1428 160.0 -16.484 18.753
1440 160.0 -17.055 18.753
1452 160.0 -17.640 18.753
1464 160.0 -18.196 18.810
1476 160.0 -18.767 18.810
1488 160.0 -19.338 18.810
1500 160.0 -19.809 18.810
1512 160.0 -19.675 18.813
1524 160.0 -20.269 18.991
1536 160.0 -20.642 19.370
1548 160.0 -21.864 19.145
1560 160.0 -19.653 18.732
1572 160.0 -22.584 20.492
1584 160.0 -21.866 19.775
1596 160.0 -22.824 20.041
1608 160.0 -21.431 20.144
1620 160.0 -22.607 20.337
1632 160.0 -23.125 20.333
1644 160.0 -22.109 20.223
1524 5.0 12.944 5.209
1536 5.0 12.473 5.209
1548 5.0 11.945 5.323
1560 5.0 11.417 5.323
1572 5.0 10.946 5.452
1584 5.0 10.433 5.452
1596 5.0 9.904 5.566
1608 5.0 9.434 5.566
1620 5.0 9.229 5.816
1632 5.0 9.206 5.482
1644 5.0 10.108 4.812
1656 5.0 9.861 5.571
1668 5.0 8.520 5.669
1680 5.0 8.105 6.162
1692 5.0 8.095 6.137
1704 5.0 7.839 6.442
1716 5.0 8.240 6.701
1728 5.0 7.967 6.826
1740 5.0 6.230 7.288
1752 5.0 5.919 8.207
1656 161.0 -19.937 18.225
1668 161.0 -19.966 18.225
1680 161.0 -19.966 18.168
1692 161.0 -19.966 18.168
1704 161.0 -19.994 18.111
1716 161.0 -19.994 18.054
1728 161.0 -19.994 18.054
1740 161.0 -20.009 17.996
1752 161.0 -19.947 17.981
1764 161.0 -19.950 18.044
1776 161.0 -19.842 18.047
1788 161.0 -19.869 17.990
1800 161.0 -19.846 18.094
1812 161.0 -19.856 18.119
1824 161.0 -19.946 17.999
1836 161.0 -19.798 17.987
1848 161.0 -19.811 18.092
1860 161.0 -19.857 18.135
1872 161.0 -19.809 18.058
1884 161.0 -19.745 18.078
1764 6.0 3.083 5.694
1776 6.0 2.569 5.694
1788 6.0 2.041 5.694
1800 6.0 1.513 5.694
1812 6.0 0.999 5.694
1824 6.0 0.471 5.694
1836 6.0 -0.057 5.694
1848 6.0 -0.571 5.694
1860 6.0 0.150 6.073
1872 6.0 1.005 5.766
1884 6.0 1.061 5.674
1896 6.0 0.912 5.982
1908 6.0 0.174 5.290
1920 6.0 0.286 6.345
1932 6.0 -0.105 6.945
1944 6.0 -0.663 6.564
1956 6.0 -1.613 7.096
1968 6.0 0.021 6.775
1980 6.0 -0.624 6.920
1992 6.0 -2.305 7.665
2004 7.0 -7.635 5.623
2016 7.0 -8.063 5.680
2028 7.0 -8.520 5.680
2040 7.0 -8.977 5.623
2052 7.0 -9.405 5.680
2064 7.0 -9.862 5.680
2076 7.0 -10.375 5.623
2088 7.0 -10.961 5.623
2100 7.0 -9.792 5.091
2112 7.0 -9.373 4.770
2124 7.0 -9.261 4.871
2136 7.0 -10.470 5.035
2148 7.0 -9.898 4.682
2160 7.0 -9.672 5.294
2172 7.0 -10.272 5.689
2184 7.0 -10.224 4.865
2196 7.0 -11.720 5.006
2208 7.0 -10.599 5.068
2220 7.0 -10.484 5.542
2232 7.0 -10.764 5.619
2052 8.0 -0.257 17.540
2064 8.0 -0.942 17.540
2076 8.0 -1.570 17.426
2088 8.0 -2.198 17.426
2100 8.0 -2.826 17.426
2112 8.0 -3.454 17.311
2124 8.0 -4.039 17.311
2136 8.0 -4.667 17.311
2148 8.0 -2.819 16.652
2160 8.0 -2.566 17.252
2172 8.0 -2.556 16.653
2184 8.0 -3.296 16.688
2196 8.0 -3.372 16.946
2208 8.0 -2.792 16.603
2220 8.0 -2.243 16.529
2232 8.0 -3.797 17.111
2244 8.0 -2.574 16.699
2256 8.0 -2.332 16.997
2268 8.0 -2.658 16.658
2280 8.0 -2.951 17.202
3228 37.0 -0.542 17.254
3240 37.0 -0.114 16.798
3252 37.0 0.457 16.798
3264 37.0 0.451 17.039
3276 37.0 0.429 17.090
3288 37.0 0.407 17.141
3300 37.0 0.385 17.192
3312 37.0 0.362 17.243
3324 37.0 0.302 17.296
3336 37.0 0.371 17.379
3348 37.0 0.356 17.302
3360 37.0 0.528 17.275
3372 37.0 0.808 17.318
3384 37.0 0.543 17.595
3396 37.0 1.386 17.290
3408 37.0 1.679 17.323
3420 37.0 1.832 17.255
3432 37.0 1.701 17.136
3444 37.0 1.822 17.039
3456 37.0 1.779 17.407
3492 35.0 1.028 17.026
3504 35.0 0.457 17.140
3516 35.0 0.128 17.254
3528 35.0 -0.186 17.369
3540 35.0 -0.500 17.540
3552 35.0 -0.871 17.540
3564 35.0 -1.185 17.540
3576 35.0 -1.613 17.540
3588 35.0 -2.011 17.741
3600 35.0 -2.619 18.075
3612 35.0 -2.346 18.345
3624 35.0 -2.953 18.464
3636 35.0 -2.667 19.013
3648 35.0 -3.594 18.961
3660 35.0 -4.105 19.716
3672 35.0 -4.956 19.764
3684 35.0 -4.164 19.692
3696 35.0 -4.538 20.018
3708 35.0 -4.766 20.486
3720 35.0 -4.456 20.417
3732 36.0 -6.265 17.426
3744 36.0 -6.636 17.426
3756 36.0 -7.007 17.426
3768 36.0 -7.378 17.426
3780 36.0 -7.721 17.426
3792 36.0 -8.035 17.426
3804 36.0 -8.406 17.426
3816 36.0 -8.777 17.426
3828 36.0 -9.337 17.123
3840 36.0 -9.940 17.275
3852 36.0 -8.416 16.595
3864 36.0 -8.046 16.635
3876 36.0 -8.366 16.929
3888 36.0 -9.832 17.306
3900 36.0 -9.185 16.760
3912 36.0 -10.493 17.402
3924 36.0 -9.432 16.840
3936 36.0 -8.814 15.743
3948 36.0 -9.975 16.188
3960 36.0 -9.478 16.344
4788 74.0 16.369 6.494
4800 74.0 14.985 6.436
4812 74.0 13.501 6.436
4824 74.0 11.974 6.551
4836 74.0 10.504 6.551
4848 74.0 8.963 6.551
4860 74.0 7.264 6.551
4872 74.0 5.552 6.551
4884 74.0 11.291 6.103
4896 74.0 9.832 6.290
4908 74.0 9.958 5.903
4920 74.0 11.566 5.368
4932 74.0 11.049 5.884
4944 74.0 11.902 5.829
4956 74.0 9.897 7.356
4968 74.0 9.562 6.132
4980 74.0 8.380 6.900
4992 74.0 10.075 6.477
5004 74.0 9.805 7.345
5016 74.0 10.499 7.556
6744 152.0 15.142 5.866
6756 152.0 14.115 5.866
6768 152.0 13.230 5.980
6780 152.0 12.502 5.980
6792 152.0 11.760 6.094
6804 152.0 11.132 6.094
6816 152.0 10.604 6.094
6828 152.0 10.033 6.094
6840 152.0 10.897 5.615
6852 152.0 12.094 5.255
6864 152.0 11.812 5.181
6876 152.0 10.926 5.629
6888 152.0 9.498 5.698
6900 152.0 8.199 6.497
6912 152.0 9.475 6.613
6924 152.0 8.169 6.380
6936 152.0 9.907 5.989
6948 152.0 9.204 6.418
6960 152.0 8.877 6.535
6972 152.0 7.718 7.450
6984 150.0 -19.652 17.711
6996 150.0 -19.238 17.711
7008 150.0 -18.467 17.540
7020 150.0 -18.111 17.768
7032 150.0 -17.640 17.996
7044 150.0 -16.327 18.111
7056 150.0 -15.071 18.111
7068 150.0 -13.758 18.225
7080 150.0 -14.326 17.113
7092 150.0 -14.924 17.382
7104 150.0 -14.808 17.013
7116 150.0 -14.281 16.231
7128 150.0 -15.808 17.714
7140 150.0 -12.667 15.984
7152 150.0 -14.749 17.157
7164 150.0 -14.078 16.683
7176 150.0 -15.675 17.104
7188 150.0 -15.839 16.912
7200 150.0 -15.601 17.676
7212 150.0 -12.949 15.916
6984 153.0 3.425 6.094
6996 153.0 2.854 6.094
7008 153.0 2.269 6.094
7020 153.0 1.698 6.094
7032 153.0 1.127 6.094
7044 153.0 0.500 6.094
7056 153.0 -0.086 6.094
7068 153.0 -0.656 6.037
7080 153.0 0.312 6.614
7092 153.0 1.154 6.590
7104 153.0 1.428 6.990
7116 153.0 -0.007 7.392
7128 153.0 -0.045 7.333
7140 153.0 0.092 7.140
7152 153.0 -0.093 7.845
7164 153.0 -1.484 7.706
7176 153.0 -1.139 8.081
7188 153.0 -2.074 8.928
7200 153.0 -2.221 8.897
7212 153.0 -3.425 9.848
7224 151.0 -6.716 17.654
7236 151.0 -6.712 17.654
7248 151.0 -6.709 17.654
7260 151.0 -6.705 17.654
7272 151.0 -6.701 17.654
7284 151.0 -6.698 17.654
7296 151.0 -6.694 17.654
7308 151.0 -6.691 17.654
7320 151.0 -6.704 17.570
7332 151.0 -6.751 17.506
7344 151.0 -6.698 17.663
7356 151.0 -6.748 17.619
7368 151.0 -6.703 17.534
7380 151.0 -6.696 17.571
7392 151.0 -6.648 17.462
7404 151.0 -6.697 17.528
7416 151.0 -6.661 17.486
7428 151.0 -6.680 17.662
7440 151.0 -6.676 17.615
7452 151.0 -6.601 17.607
7224 154.0 -8.306 5.794
7236 154.0 -8.920 5.794
7248 154.0 -9.434 5.794
7260 154.0 -9.904 5.794
7272 154.0 -10.547 5.794
7284 154.0 -11.118 5.794
7296 154.0 -11.746 5.794
7308 154.0 -12.316 5.794
7320 154.0 -11.607 5.710
7332 154.0 -11.859 5.954
7344 154.0 -13.071 5.953
7356 154.0 -13.401 6.084
7368 154.0 -14.659 6.952
7380 154.0 -13.664 6.360
7392 154.0 -14.347 6.564
7404 154.0 -14.568 6.167
7416 154.0 -13.927 6.435
7428 154.0 -15.374 7.251
7440 154.0 -13.110 6.129
7452 154.0 -14.640 6.563
7512 156.0 -19.795 18.453
7524 156.0 -19.424 18.453
7536 156.0 -19.053 18.339
7548 156.0 -18.681 18.339
7560 156.0 -18.268 18.339
7572 156.0 -17.854 18.339
7584 156.0 -17.369 18.339
7596 156.0 -16.912 18.225
7608 156.0 -16.979 18.038
7620 156.0 -17.022 18.183
7632 156.0 -16.451 17.798
7644 156.0 -16.432 18.245
7656 156.0 -16.183 18.569
7668 156.0 -16.145 18.533
7680 156.0 -15.797 18.537
7692 156.0 -14.834 17.207
7704 156.0 -14.176 17.338
7716 156.0 -14.077 17.106
7728 156.0 -12.752 16.452
7740 156.0 -15.041 17.466
7596 86.0 -13.430 7.635
7608 86.0 -12.802 7.635
7620 86.0 -12.174 7.635
7632 86.0 -11.489 7.635
7644 86.0 -10.804 7.635
7656 86.0 -10.176 7.635
7668 86.0 -9.491 7.635
7680 86.0 -8.863 7.635
7692 86.0 -9.557 7.606
7704 86.0 -9.386 7.282
7716 86.0 -8.865 6.999
7728 86.0 -8.797 7.324
7740 86.0 -7.832 6.770
7752 86.0 -8.645 6.694
7764 86.0 -7.165 6.953
7776 86.0 -7.809 6.221
7788 86.0 -7.830 6.394
7800 86.0 -8.257 6.415
7812 86.0 -5.824 4.742
7824 86.0 -6.593 5.953
7644 92.0 16.584 6.551
7656 92.0 16.584 6.551
7668 92.0 16.584 6.551
7680 92.0 16.341 6.551
7692 92.0 15.884 6.551
7704 92.0 15.370 6.551
7716 92.0 14.914 6.551
7728 92.0 14.429 6.551
7740 92.0 15.128 6.286
7752 92.0 15.494 6.337
7764 92.0 14.854 6.545
7776 92.0 14.640 6.785
7788 92.0 14.649 6.880
7800 92.0 14.882 6.903
7812 92.0 14.263 7.367
7824 92.0 14.237 7.328
7836 92.0 12.960 7.399
7848 92.0 12.169 7.597
7860 92.0 11.854 7.263
7872 92.0 11.099 8.025
7836 87.0 -0.328 7.635
7848 87.0 0.300 7.764
7860 87.0 0.942 7.764
7872 87.0 1.570 7.764
7884 87.0 2.198 7.764
7896 87.0 2.840 7.892
7908 87.0 3.468 7.892
7920 87.0 4.096 7.892
7932 87.0 3.246 7.538
7944 87.0 2.580 7.357
7956 87.0 2.777 7.307
7968 87.0 4.271 6.765
7980 87.0 4.334 6.594
7992 87.0 5.277 6.559
8004 87.0 4.497 7.198
8016 87.0 3.360 6.757
8028 87.0 4.468 6.220
8040 87.0 5.313 6.139
8052 87.0 6.818 5.293
8064 87.0 5.825 5.578
7884 93.0 9.091 6.665
7896 93.0 8.663 6.665
7908 93.0 8.206 6.665
7920 93.0 7.778 6.665
7932 93.0 7.307 6.665
7944 93.0 6.893 6.665
7956 93.0 6.465 6.665
7968 93.0 5.951 6.551
7980 93.0 6.634 6.480
7992 93.0 6.890 6.787
8004 93.0 5.292 7.377
8016 93.0 5.099 7.309
8028 93.0 4.808 7.352
8040 93.0 4.863 7.694
8052 93.0 3.080 8.817
8064 93.0 4.516 7.854
8076 93.0 2.845 8.189
8088 93.0 2.672 8.630
8100 93.0 2.953 8.679
8112 93.0 1.919 8.511
8124 94.0 0.100 5.980
8136 94.0 -0.371 5.980
8148 94.0 -0.842 6.094
8160 94.0 -1.313 6.094
8172 94.0 -1.841 6.208
8184 94.0 -2.312 6.208
8196 94.0 -2.783 6.322
8208 94.0 -3.297 6.322
8220 94.0 -3.395 6.353
8232 94.0 -3.662 6.873
8244 94.0 -3.118 6.627
8256 94.0 -2.869 6.496
8268 94.0 -3.549 7.119
8280 94.0 -3.806 6.940
8292 94.0 -5.904 6.743
8304 94.0 -5.841 7.464
8316 94.0 -6.605 6.988
8328 94.0 -6.325 8.088
8340 94.0 -5.628 7.822
8352 94.0 -5.860 8.188
8364 95.0 -9.590 7.464
8376 95.0 -10.004 7.707
8388 95.0 -10.490 7.935
8400 95.0 -10.903 8.063
8412 95.0 -11.374 8.292
8424 95.0 -11.803 8.520
8436 95.0 -12.259 8.748
8448 95.0 -12.687 8.863
8460 95.0 -12.476 8.963
8472 95.0 -12.384 9.009
8484 95.0 -12.890 9.168
8496 95.0 -13.065 9.684
8508 95.0 -14.396 10.162
8520 95.0 -13.166 9.759
8532 95.0 -14.592 10.718
8544 95.0 -13.951 10.175
8556 95.0 -14.471 10.804
8568 95.0 -15.395 10.599
8580 95.0 -15.766 10.745
8592 95.0 -17.289 11.951
10968 97.0 -19.152 14.115
10980 97.0 -18.739 13.544
10992 97.0 -18.211 13.201
11004 97.0 -17.768 12.916
11016 97.0 -17.397 12.687
11028 97.0 -16.983 12.216
11040 97.0 -16.569 11.860
11052 97.0 -16.141 11.403
11064 97.0 -16.573 12.115
11076 97.0 -15.684 11.290
11088 97.0 -15.308 10.855
11100 97.0 -14.788 10.397
11112 97.0 -15.121 10.429
11124 97.0 -14.017 9.539
11136 97.0 -13.197 8.901
11148 97.0 -12.403 9.483
11160 97.0 -14.669 10.338
11172 97.0 -13.733 9.702
11184 97.0 -9.786 6.250
11196 97.0 -10.107 7.438
11004 56.0 8.406 8.121
11016 56.0 8.406 8.121
11028 56.0 8.406 8.121
11040 56.0 8.406 8.121
11052 56.0 8.406 8.121
11064 56.0 8.406 8.121
11076 56.0 8.406 8.121
11088 56.0 8.406 8.121
11100 56.0 8.391 8.087
11112 56.0 8.403 8.117
11124 56.0 8.423 8.147
11136 56.0 8.392 8.213
11148 56.0 8.432 8.161
11160 56.0 8.513 8.068
11172 56.0 8.495 7.984
11184 56.0 8.557 7.972
11196 56.0 8.370 8.129
11208 56.0 8.393 8.139
11220 56.0 8.457 8.195
11232 56.0 8.514 8.190
11208 98.0 -9.605 7.350
11220 98.0 -9.062 7.236
11232 98.0 -8.606 7.007
11244 98.0 -8.063 6.893
11256 98.0 -7.550 6.779
11268 98.0 -7.036 6.665
11280 98.0 -6.494 6.551
11292 98.0 -5.866 6.436
11304 98.0 -6.330 6.113
11316 98.0 -6.261 5.691
11328 98.0 -5.437 5.618
11340 98.0 -4.868 5.463
11352 98.0 -4.966 5.804
11364 98.0 -3.325 4.804
11376 98.0 -4.197 5.521
11388 98.0 -2.072 3.944
11400 98.0 -5.001 5.615
11412 98.0 -5.374 6.453
11424 98.0 -3.293 5.227
11436 98.0 -4.161 4.595
11244 57.0 8.406 8.121
11256 57.0 8.406 8.121
11268 57.0 8.406 8.121
11280 57.0 8.406 8.121
11292 57.0 8.406 8.121
11304 57.0 8.406 8.121
11316 57.0 8.406 8.121
11328 57.0 8.406 8.121
11340 57.0 8.417 8.070
11352 57.0 8.405 8.135
11364 57.0 8.389 8.155
11376 57.0 8.343 8.200
11388 57.0 8.390 8.233
11400 57.0 8.386 8.210
11412 57.0 8.310 8.219
11424 57.0 8.237 8.270
11436 57.0 8.260 8.247
11448 57.0 8.278 8.170
11460 57.0 8.277 8.153
11472 57.0 8.257 8.107
11448 99.0 2.198 5.980
11460 99.0 2.726 5.866
11472 99.0 3.297 5.866
11484 99.0 3.811 5.751
11496 99.0 4.410 5.751
11508 99.0 4.952 5.694
11520 99.0 5.509 5.680
11532 99.0 6.051 5.566
11544 99.0 5.580 5.833
11556 99.0 5.377 5.768
11568 99.0 5.899 4.869
11580 99.0 5.888 5.491
11592 99.0 5.841 5.281
11604 99.0 5.535 5.504
11616 99.0 6.311 5.173
11628 99.0 6.853 4.550
11640 99.0 8.543 4.698
11652 99.0 6.702 4.915
11664 99.0 8.564 3.723
11676 99.0 7.419 3.639
11928 19.0 -19.937 18.924
11940 19.0 -19.809 19.038
11952 19.0 -19.866 19.038
11964 19.0 -19.866 19.038
11976 19.0 -19.866 19.167
11988 19.0 -19.866 19.167
12000 19.0 -19.866 19.281
12012 19.0 -19.880 19.281
12024 19.0 -19.733 19.283
12036 19.0 -19.809 19.363
12048 19.0 -19.901 19.442
12060 19.0 -19.825 19.532
12072 19.0 -19.802 19.676
12084 19.0 -19.722 19.419
12096 19.0 -19.742 19.532
12108 19.0 -19.641 19.700
12120 19.0 -19.556 19.708
12132 19.0 -19.848 19.468
12144 19.0 -19.537 19.532
12156 19.0 -19.494 19.338
12168 20.0 -16.013 18.225
12180 20.0 -15.599 18.111
12192 20.0 -15.171 18.111
12204 20.0 -14.914 17.768
12216 20.0 -14.714 17.426
12228 20.0 -14.598 17.311
12240 20.0 -14.595 17.309
12252 20.0 -14.591 17.308
12264 20.0 -13.814 17.009
12276 20.0 -13.163 16.634
12288 20.0 -13.571 16.938
12300 20.0 -12.917 16.168
12312 20.0 -12.523 16.564
12324 20.0 -11.719 15.955
12336 20.0 -12.453 16.522
12348 20.0 -11.144 15.832
12360 20.0 -11.372 16.084
12372 20.0 -11.301 15.878
12384 20.0 -10.936 15.844
12396 20.0 -10.784 15.236
12408 21.0 -14.547 17.292
12420 21.0 -14.543 17.291
12432 21.0 -14.540 17.289
12444 21.0 -14.536 17.288
12456 21.0 -14.533 17.287
12468 21.0 -14.530 17.286
12480 21.0 -14.526 17.285
12492 21.0 -14.523 17.283
12504 21.0 -14.549 17.306
12516 21.0 -14.610 17.303
12528 21.0 -14.571 17.311
12540 21.0 -14.596 17.328
12552 21.0 -14.570 17.397
12564 21.0 -14.546 17.360
12576 21.0 -14.494 17.299
12588 21.0 -14.492 17.285
12600 21.0 -14.524 17.337
12612 21.0 -14.569 17.365
12624 21.0 -14.544 17.365
12636 21.0 -14.575 17.367
