312 104.0 -19.495 19.852
324 104.0 -19.309 19.852
336 104.0 -18.896 19.852
348 104.0 -18.268 19.852
360 104.0 -17.640 19.852
372 104.0 -17.012 19.623
384 104.0 -16.327 19.395
396 104.0 -15.699 19.395
408 104.0 -16.601 19.478
420 104.0 -16.701 19.727
432 104.0 -16.306 19.400
444 104.0 -16.526 19.522
456 104.0 -15.741 19.417
468 104.0 -15.475 19.580
480 104.0 -15.796 19.301
492 104.0 -15.390 19.260
504 104.0 -15.967 19.235
516 104.0 -14.891 18.737
528 104.0 -14.388 18.478
540 104.0 -14.133 18.139
408 108.0 -19.495 19.338
420 108.0 -19.181 19.338
432 108.0 -18.767 19.338
444 108.0 -18.296 19.338
456 108.0 -17.768 19.452
468 108.0 -17.083 19.452
480 108.0 -16.398 19.452
492 108.0 -15.770 19.338
504 108.0 -16.445 19.208
516 108.0 -15.815 18.732
528 108.0 -15.706 19.268
540 108.0 -14.869 18.967
552 108.0 -14.529 19.138
564 108.0 -16.109 18.897
576 108.0 -15.635 18.745
588 108.0 -14.801 18.854
600 108.0 -15.714 19.422
612 108.0 -15.296 18.748
624 108.0 -15.162 19.137
636 108.0 -15.950 19.303
552 105.0 -8.078 19.795
564 105.0 -7.478 19.795
576 105.0 -6.922 19.680
588 105.0 -6.308 19.680
600 105.0 -5.766 19.738
612 105.0 -5.252 19.738
624 105.0 -4.667 19.738
636 105.0 -4.139 19.738
648 105.0 -4.576 20.232
660 105.0 -4.258 19.359
672 105.0 -3.224 19.106
684 105.0 -4.262 19.602
696 105.0 -3.010 18.707
708 105.0 -3.832 19.740
720 105.0 -3.143 19.045
732 105.0 -3.544 18.783
744 105.0 -3.014 18.971
756 105.0 -3.138 19.510
768 105.0 -1.893 18.397
780 105.0 -2.867 18.675
648 109.0 -8.206 19.566
660 109.0 -7.578 19.566
672 109.0 -7.007 19.452
684 109.0 -6.422 19.452
696 109.0 -5.894 19.452
708 109.0 -5.323 19.338
720 109.0 -4.795 19.338
732 109.0 -4.224 19.338
744 109.0 -5.238 19.606
756 109.0 -4.494 19.277
768 109.0 -4.313 19.473
780 109.0 -3.093 18.725
792 109.0 -3.652 19.015
804 109.0 -3.853 19.109
816 109.0 -3.146 18.718
828 109.0 -2.436 17.460
840 109.0 -2.221 17.256
852 109.0 -3.010 18.518
864 109.0 -3.125 18.022
876 109.0 -1.540 18.238
684 100.0 16.298 18.111
696 100.0 15.670 18.111
708 100.0 15.085 18.111
720 100.0 14.514 18.111
732 100.0 13.943 18.111
744 100.0 13.358 18.111
756 100.0 12.730 18.054
768 100.0 12.159 18.054
780 100.0 12.075 18.276
792 100.0 11.747 18.508
804 100.0 12.118 18.212
816 100.0 11.105 19.520
828 100.0 11.706 19.066
840 100.0 10.286 19.732
852 100.0 10.109 19.895
864 100.0 8.864 19.854
876 100.0 10.098 19.187
888 100.0 8.562 20.190
900 100.0 9.393 19.922
912 100.0 9.907 19.436
792 106.0 3.568 19.623
804 106.0 4.082 19.623
816 106.0 4.610 19.623
828 106.0 5.195 19.623
840 106.0 5.709 19.509
852 106.0 6.279 19.509
864 106.0 6.822 19.395
876 106.0 7.393 19.395
888 106.0 6.787 19.061
900 106.0 6.848 19.075
912 106.0 7.659 19.095
924 106.0 7.423 18.708
936 106.0 7.561 19.320
948 106.0 6.947 20.287
960 106.0 8.452 19.128
972 106.0 8.496 18.399
984 106.0 9.336 18.913
996 106.0 8.773 19.117
1008 106.0 9.128 18.375
1020 106.0 9.725 18.043
924 101.0 4.496 17.825
936 101.0 3.925 17.825
948 101.0 3.354 17.768
960 101.0 2.783 17.768
972 101.0 2.198 17.768
984 101.0 1.570 17.768
996 101.0 0.985 17.768
1008 101.0 0.414 17.768
1020 101.0 1.006 18.100
1032 101.0 1.570 17.462
1044 101.0 0.999 17.513
1056 101.0 0.370 17.616
1068 101.0 -0.759 17.478
1080 101.0 -1.480 18.655
1092 101.0 -1.898 19.249
1104 101.0 -2.767 19.484
1116 101.0 -0.738 19.262
1128 101.0 -2.387 19.853
1140 101.0 -2.727 19.763
1152 101.0 -2.175 19.338
1140 67.0 -18.439 14.885
1152 67.0 -17.811 14.885
1164 67.0 -17.183 14.885
1176 67.0 -16.555 14.771
1188 67.0 -15.927 14.771
1200 67.0 -15.299 14.771
1212 67.0 -14.671 14.643
1224 67.0 -14.043 14.643
1236 67.0 -14.250 15.025
1248 67.0 -13.969 14.092
1260 67.0 -13.777 14.232
1272 67.0 -15.219 15.071
1284 67.0 -13.454 14.010
1296 67.0 -12.700 14.319
1308 67.0 -12.996 14.645
1320 67.0 -11.859 14.005
1332 67.0 -12.852 13.769
1344 67.0 -12.775 13.126
1356 67.0 -13.837 14.558
1368 67.0 -13.159 13.876
1164 102.0 -7.721 18.111
1176 102.0 -8.363 18.168
1188 102.0 -8.991 18.168
1200 102.0 -9.619 18.225
1212 102.0 -10.247 18.225
1224 102.0 -10.889 18.282
1236 102.0 -11.517 18.282
1248 102.0 -12.145 18.282
1260 102.0 -11.449 17.989
1272 102.0 -13.029 18.461
1284 102.0 -12.113 18.344
1296 102.0 -13.408 18.562
1308 102.0 -13.960 18.483
1320 102.0 -12.955 18.238
1332 102.0 -14.100 18.652
1344 102.0 -15.010 18.641
1356 102.0 -14.481 18.681
1368 102.0 -14.500 18.845
1380 102.0 -13.552 18.567
1392 102.0 -14.322 19.558
1380 68.0 -6.251 14.414
1392 68.0 -5.652 14.414
1404 68.0 -5.081 14.528
1416 68.0 -4.767 14.528
1428 68.0 -4.396 14.643
1440 68.0 -4.039 14.643
1452 68.0 -3.682 14.771
1464 68.0 -3.311 14.771
1476 68.0 -4.049 14.617
1488 68.0 -3.240 14.394
1500 68.0 -2.884 14.003
1512 68.0 -4.052 14.655
1524 68.0 -4.251 14.885
1536 68.0 -3.402 14.327
1548 68.0 -3.122 14.023
1560 68.0 -3.329 14.614
1572 68.0 -2.213 14.149
1584 68.0 -1.570 13.634
1596 68.0 -1.824 13.645
1608 68.0 -1.747 13.794
1500 70.0 6.494 6.208
1512 70.0 5.766 6.208
1524 70.0 5.024 6.208
1536 70.0 4.353 6.322
1548 70.0 3.611 6.322
1560 70.0 2.940 6.322
1572 70.0 2.198 6.436
1584 70.0 1.513 6.436
1596 70.0 3.396 6.182
1608 70.0 2.793 6.184
1620 70.0 3.482 5.564
1632 70.0 0.146 7.273
1644 70.0 2.021 5.967
1656 70.0 1.163 6.232
1668 70.0 -0.250 7.173
1680 70.0 -0.504 7.022
1692 70.0 0.667 7.105
1704 70.0 0.023 6.941
1716 70.0 -0.455 7.385
1728 70.0 0.438 7.054
1536 58.0 16.983 28.757
1548 58.0 16.955 28.186
1560 58.0 16.926 27.601
1572 58.0 16.898 27.016
1584 58.0 16.883 26.445
1596 58.0 16.883 25.874
1608 58.0 16.855 25.218
1620 58.0 16.683 24.647
1632 58.0 17.060 24.363
1644 58.0 16.969 23.625
1656 58.0 16.873 23.185
1668 58.0 16.723 23.337
1680 58.0 17.058 22.007
1692 58.0 16.620 21.700
1704 58.0 17.065 22.167
1716 58.0 16.776 21.538
1728 58.0 16.994 21.164
1740 58.0 16.917 21.669
1752 58.0 16.939 21.246
1764 58.0 16.682 20.048
1620 69.0 2.968 16.855
1632 69.0 3.596 16.969
1644 69.0 4.224 17.083
1656 69.0 4.852 17.197
1668 69.0 5.480 17.311
1680 69.0 6.108 17.426
1692 69.0 6.736 17.540
1704 69.0 7.364 17.540
1716 69.0 6.576 17.025
1728 69.0 6.926 16.870
1740 69.0 6.187 16.774
1752 69.0 5.933 16.838
1764 69.0 7.324 16.283
1776 69.0 6.417 16.713
1788 69.0 7.140 16.346
1800 69.0 7.439 16.801
1812 69.0 7.605 16.500
1824 69.0 8.783 16.469
1836 69.0 7.661 16.596
1848 69.0 7.773 15.752
1740 71.0 -7.707 6.436
1752 71.0 -8.434 6.436
1764 71.0 -9.120 6.436
1776 71.0 -9.847 6.436
1788 71.0 -10.590 6.551
1800 71.0 -11.275 6.551
1812 71.0 -12.002 6.551
1824 71.0 -12.730 6.551
1836 71.0 -11.680 6.154
1848 71.0 -10.933 6.612
1860 71.0 -11.028 6.700
1872 71.0 -13.008 7.182
1884 71.0 -14.076 7.259
1896 71.0 -13.268 7.403
1908 71.0 -13.340 7.173
1920 71.0 -14.416 7.650
1932 71.0 -15.104 7.736
1944 71.0 -12.412 6.907
1956 71.0 -15.220 7.857
1968 71.0 -13.487 8.270
1776 59.0 12.488 19.095
1788 59.0 12.031 18.867
1800 59.0 11.546 18.639
1812 59.0 11.089 18.282
1824 59.0 10.661 17.939
1836 59.0 10.190 17.597
1848 59.0 9.776 17.140
1860 59.0 9.348 16.783
1872 59.0 10.124 17.107
1884 59.0 9.525 16.932
1896 59.0 11.082 15.590
1908 59.0 10.538 16.417
1920 59.0 8.669 14.802
1932 59.0 10.783 15.361
1944 59.0 10.281 14.308
1956 59.0 8.648 16.525
1968 59.0 11.336 13.572
1980 59.0 10.602 11.650
1992 59.0 10.083 12.363
2004 59.0 10.513 13.849
2016 60.0 4.724 10.547
2028 60.0 4.296 10.076
2040 60.0 3.882 9.605
2052 60.0 3.482 9.148
2064 60.0 3.026 8.691
2076 60.0 2.655 8.235
2088 60.0 2.226 7.764
2100 60.0 1.827 7.364
2112 60.0 2.225 7.198
2124 60.0 2.062 6.212
2136 60.0 0.016 7.910
2148 60.0 0.686 7.260
2160 60.0 0.683 6.714
2172 60.0 0.698 5.772
2184 60.0 0.520 6.453
2196 60.0 2.148 6.716
2208 60.0 0.604 5.113
2220 60.0 -0.641 5.407
2232 60.0 0.700 4.722
2244 60.0 3.525 4.569
2256 61.0 -4.767 3.539
2268 61.0 -5.195 3.083
2280 61.0 -5.609 2.726
2292 61.0 -6.037 2.269
2304 61.0 -6.494 1.927
2316 61.0 -7.022 1.570
2328 61.0 -7.393 1.227
2340 61.0 -7.707 0.885
2352 61.0 -6.736 -0.432
2364 61.0 -7.140 0.673
2376 61.0 -8.307 -0.502
2388 61.0 -7.618 -0.095
2400 61.0 -7.826 0.967
2412 61.0 -8.358 -0.283
2424 61.0 -8.614 -0.099
2436 61.0 -8.843 0.407
2448 61.0 -9.578 2.135
2460 61.0 -9.064 0.035
2472 61.0 -10.635 1.396
2484 61.0 -9.602 0.661
3012 21.0 16.812 19.795
3024 21.0 16.155 19.452
3036 21.0 15.527 19.338
3048 21.0 14.900 19.338
3060 21.0 14.500 19.338
3072 21.0 14.015 19.338
3084 21.0 13.387 19.110
3096 21.0 12.759 18.867
3108 21.0 13.040 18.905
3120 21.0 12.797 19.481
3132 21.0 13.887 18.954
3144 21.0 12.399 18.606
3156 21.0 11.299 19.077
3168 21.0 10.711 20.001
3180 21.0 10.404 20.483
3192 21.0 11.944 19.776
3204 21.0 12.032 20.084
3216 21.0 12.970 18.689
3228 21.0 11.923 19.467
3240 21.0 9.945 19.051
3060 141.0 -19.538 17.197
3072 141.0 -19.395 16.312
3084 141.0 -19.024 16.084
3096 141.0 -18.653 15.856
3108 141.0 -18.282 15.627
3120 141.0 -17.925 15.399
3132 141.0 -17.397 15.285
3144 141.0 -16.940 15.171
3156 141.0 -16.895 14.775
3168 141.0 -16.553 13.914
3180 141.0 -15.406 13.566
3192 141.0 -15.708 13.526
3204 141.0 -15.037 13.214
3216 141.0 -14.534 12.141
3228 141.0 -14.935 12.856
3240 141.0 -15.406 13.765
3252 141.0 -14.366 12.452
3264 141.0 -14.211 12.708
3276 141.0 -13.384 12.215
3288 141.0 -13.415 11.828
3108 137.0 16.869 18.910
3120 137.0 16.270 18.453
3132 137.0 15.799 18.453
3144 137.0 15.271 18.339
3156 137.0 14.757 18.339
3168 137.0 14.214 18.225
3180 137.0 13.758 18.225
3192 137.0 13.230 18.225
3204 137.0 12.961 19.039
3216 137.0 13.613 18.240
3228 137.0 13.623 18.260
3240 137.0 14.381 18.741
3252 137.0 13.523 19.141
3264 137.0 13.176 18.878
3276 137.0 12.360 18.803
3288 137.0 12.756 19.132
3300 137.0 12.517 18.648
3312 137.0 13.120 18.517
3324 137.0 11.998 19.014
3336 137.0 11.368 19.617
3252 22.0 4.367 18.995
3264 22.0 3.682 18.995
3276 22.0 3.054 18.995
3288 22.0 2.426 18.995
3300 22.0 1.741 18.995
3312 22.0 1.113 18.995
3324 22.0 0.485 18.995
3336 22.0 -0.143 18.995
3348 22.0 0.251 18.889
3360 22.0 0.828 18.699
3372 22.0 1.167 18.257
3384 22.0 0.685 17.915
3396 22.0 -0.551 18.525
3408 22.0 -1.349 19.449
3420 22.0 -2.300 19.314
3432 22.0 -1.741 19.307
3444 22.0 -0.688 19.023
3456 22.0 -1.764 19.602
3468 22.0 -2.458 19.301
3480 22.0 -1.793 19.075
3300 142.0 -12.488 10.661
3312 142.0 -12.059 10.433
3324 142.0 -11.574 10.204
3336 142.0 -11.175 9.962
3348 142.0 -10.689 9.719
3360 142.0 -10.233 9.491
3372 142.0 -9.862 9.262
3384 142.0 -9.548 9.034
3396 142.0 -8.552 8.461
3408 142.0 -8.265 8.577
3420 142.0 -8.836 8.861
3432 142.0 -8.396 8.559
3444 142.0 -8.498 8.715
3456 142.0 -8.355 8.112
3468 142.0 -7.091 7.609
3480 142.0 -7.188 7.840
3492 142.0 -7.218 8.030
3504 142.0 -7.444 8.236
3516 142.0 -7.297 8.273
3528 142.0 -9.416 9.686
3348 138.0 6.479 19.053
3360 138.0 5.994 19.167
3372 138.0 5.537 19.167
3384 138.0 4.995 19.281
3396 138.0 4.481 19.281
3408 138.0 3.953 19.281
3420 138.0 3.482 19.281
3432 138.0 3.054 19.281
3444 138.0 3.649 19.567
3456 138.0 2.719 20.021
3468 138.0 2.727 20.449
3480 138.0 1.909 20.651
3492 138.0 1.005 21.241
3504 138.0 1.390 21.070
3516 138.0 -0.372 21.638
3528 138.0 0.379 21.545
3540 138.0 -1.865 22.507
3552 138.0 -1.105 22.889
3564 138.0 0.059 22.513
3576 138.0 -0.960 22.977
3504 136.0 -6.608 16.955
3516 136.0 -7.264 17.540
3528 136.0 -7.949 17.426
3540 136.0 -8.634 17.311
3552 136.0 -9.262 17.183
3564 136.0 -9.890 17.183
3576 136.0 -10.490 17.183
3588 136.0 -11.060 17.183
3600 136.0 -10.385 17.605
3612 136.0 -10.779 17.409
3624 136.0 -10.122 16.706
3636 136.0 -10.880 17.523
3648 136.0 -11.401 17.797
3660 136.0 -11.687 17.672
3672 136.0 -11.930 17.629
3684 136.0 -13.081 17.703
3696 136.0 -11.306 17.945
3708 136.0 -12.722 17.916
3720 136.0 -12.755 17.658
3732 136.0 -12.963 17.849
3540 143.0 -4.581 5.980
3552 143.0 -4.153 5.737
3564 143.0 -3.725 5.737
3576 143.0 -3.297 5.737
3588 143.0 -2.911 5.737
3600 143.0 -2.440 5.623
3612 143.0 -1.969 5.623
3624 143.0 -1.441 5.623
3636 143.0 -1.865 5.549
3648 143.0 -1.866 5.504
3660 143.0 -1.709 5.420
3672 143.0 -1.532 4.992
3684 143.0 -1.429 5.266
3696 143.0 -1.838 5.408
3708 143.0 -1.285 5.274
3720 143.0 -1.456 5.289
3732 143.0 -0.206 5.469
3744 143.0 -0.405 5.254
3756 143.0 -0.701 5.575
3768 143.0 -1.035 4.973
3588 139.0 -3.639 19.038
3600 139.0 -4.224 19.038
3612 139.0 -4.795 19.038
3624 139.0 -5.323 19.038
3636 139.0 -5.894 18.924
3648 139.0 -6.322 18.810
3660 139.0 -6.793 18.810
3672 139.0 -7.207 18.696
3684 139.0 -8.884 19.321
3696 139.0 -8.504 19.340
3708 139.0 -8.472 18.636
3720 139.0 -7.631 18.448
3732 139.0 -8.803 19.211
3744 139.0 -10.239 19.323
3756 139.0 -9.895 18.906
3768 139.0 -8.754 18.659
3780 139.0 -9.469 19.250
3792 139.0 -8.638 18.108
3804 139.0 -10.792 19.278
3816 139.0 -8.553 19.197
3780 147.0 4.567 5.395
3792 147.0 5.138 5.280
3804 147.0 5.751 5.280
3816 147.0 6.123 5.280
3828 147.0 6.494 5.280
3840 147.0 6.865 5.280
3852 147.0 7.236 5.280
3864 147.0 7.650 5.152
3876 147.0 8.092 4.959
3888 147.0 8.490 4.630
3900 147.0 8.357 5.182
3912 147.0 8.597 4.949
3924 147.0 8.331 4.541
3936 147.0 8.444 4.564
3948 147.0 8.602 4.537
3960 147.0 9.879 3.945
3972 147.0 10.268 4.111
3984 147.0 9.632 3.933
3996 147.0 10.265 4.358
4008 147.0 11.596 2.865
3996 149.0 7.321 33.610
4008 149.0 7.107 33.610
4020 149.0 7.107 33.610
4032 149.0 7.107 33.610
4044 149.0 7.107 33.724
4056 149.0 7.050 33.724
4068 149.0 7.050 33.838
4080 149.0 7.050 33.838
4092 149.0 7.088 33.763
4104 149.0 7.171 33.722
4116 149.0 7.175 33.701
4128 149.0 7.099 33.777
4140 149.0 7.029 33.804
4152 149.0 7.183 33.785
4164 149.0 7.209 33.714
4176 149.0 7.183 33.643
4188 149.0 7.124 33.610
4200 149.0 7.157 33.645
4212 149.0 7.017 33.666
4224 149.0 6.984 33.610
4236 150.0 6.879 34.423
4248 150.0 6.879 34.423
4260 150.0 6.879 34.537
4272 150.0 6.836 34.537
4284 150.0 6.836 34.537
4296 150.0 6.836 34.651
4308 150.0 6.836 34.651
4320 150.0 6.793 34.651
4332 150.0 6.911 34.622
4344 150.0 6.905 34.612
4356 150.0 6.864 34.540
4368 150.0 6.832 34.519
4380 150.0 6.921 34.518
4392 150.0 6.905 34.607
4404 150.0 7.010 34.489
4416 150.0 6.990 34.513
4428 150.0 7.019 34.631
4440 150.0 7.107 34.635
4452 150.0 7.008 34.559
4464 150.0 7.063 34.722
5400 148.0 16.655 17.597
5412 148.0 16.512 17.483
5424 148.0 16.341 17.483
5436 148.0 16.241 17.369
5448 148.0 16.084 17.369
5460 148.0 15.984 17.254
5472 148.0 15.827 17.254
5484 148.0 15.713 17.140
5496 148.0 15.815 17.037
5508 148.0 15.266 16.877
5520 148.0 15.564 16.689
5532 148.0 15.343 17.300
5544 148.0 15.425 17.088
5556 148.0 15.249 16.987
5568 148.0 15.254 17.076
5580 148.0 15.788 17.131
5592 148.0 15.365 17.073
5604 148.0 15.210 17.533
5616 148.0 15.134 17.492
5628 148.0 15.655 17.211
5484 78.0 16.541 18.924
5496 78.0 15.913 19.152
5508 78.0 14.985 18.981
5520 78.0 14.229 18.867
5532 78.0 13.772 18.924
5544 78.0 13.287 18.924
5556 78.0 12.702 18.924
5568 78.0 12.188 18.810
5580 78.0 13.078 19.304
5592 78.0 13.097 19.573
5604 78.0 12.001 19.413
5616 78.0 11.859 19.642
5628 78.0 11.102 19.757
5640 78.0 10.353 21.043
5652 78.0 10.124 21.273
5664 78.0 10.045 20.779
5676 78.0 9.376 21.209
5688 78.0 10.226 21.172
5700 78.0 9.352 21.243
5712 78.0 9.042 21.158
5484 151.0 16.213 19.966
5496 151.0 15.670 19.966
5508 151.0 14.900 20.023
5520 151.0 14.015 20.251
5532 151.0 13.158 20.423
5544 151.0 12.673 20.651
5556 151.0 12.216 20.651
5568 151.0 11.646 20.423
5580 151.0 12.420 19.995
5592 151.0 12.474 21.083
5604 151.0 11.806 21.199
5616 151.0 10.896 20.960
5628 151.0 9.960 21.291
5640 151.0 9.938 21.862
5652 151.0 9.173 22.704
5664 151.0 8.690 22.422
5676 151.0 9.330 22.614
5688 151.0 10.047 21.721
5700 151.0 11.143 21.180
5712 151.0 9.949 21.594
5556 5.0 15.642 18.054
5568 5.0 15.385 18.225
5580 5.0 15.099 18.396
5592 5.0 14.828 18.567
5604 5.0 14.557 18.696
5616 5.0 14.300 18.924
5628 5.0 14.015 19.038
5640 5.0 13.701 19.167
5652 5.0 13.532 19.182
5664 5.0 13.230 19.376
5676 5.0 13.301 19.427
5688 5.0 12.889 20.082
5700 5.0 11.905 20.014
5712 5.0 12.495 19.831
5724 5.0 12.011 20.152
5736 5.0 11.584 20.378
5748 5.0 10.422 21.006
5760 5.0 9.812 21.405
5772 5.0 10.907 21.001
5784 5.0 9.606 21.789
5580 131.0 16.170 17.825
5592 131.0 15.742 17.483
5604 131.0 15.428 17.369
5616 131.0 15.057 17.369
5628 131.0 14.800 17.254
5640 131.0 14.571 17.254
5652 131.0 14.300 17.254
5664 131.0 14.072 17.254
5676 131.0 13.868 17.424
5688 131.0 12.866 18.153
5700 131.0 12.634 17.887
5712 131.0 12.515 17.668
5724 131.0 11.756 18.292
5736 131.0 12.176 18.315
5748 131.0 11.096 18.053
5760 131.0 10.744 18.224
5772 131.0 9.489 18.556
5784 131.0 8.851 18.568
5796 131.0 9.571 18.944
5808 131.0 10.791 18.245
5640 154.0 13.344 16.612
5652 154.0 13.144 16.555
5664 154.0 12.973 16.555
5676 154.0 12.759 16.498
5688 154.0 12.573 16.498
5700 154.0 12.388 16.441
5712 154.0 12.159 16.441
5724 154.0 11.845 16.441
5736 154.0 11.853 16.398
5748 154.0 11.744 16.226
5760 154.0 11.743 16.133
5772 154.0 11.386 16.321
5784 154.0 12.034 16.079
5796 154.0 12.435 15.819
5808 154.0 12.614 15.989
5820 154.0 12.925 16.193
5832 154.0 12.993 15.923
5844 154.0 12.750 16.258
5856 154.0 12.710 16.174
5868 154.0 13.107 16.014
5724 79.0 4.039 18.810
5736 79.0 3.568 18.810
5748 79.0 3.040 18.810
5760 79.0 2.512 18.810
5772 79.0 2.041 18.810
5784 79.0 1.570 18.810
5796 79.0 0.999 18.753
5808 79.0 0.414 18.624
5820 79.0 1.345 19.177
5832 79.0 -0.221 19.872
5844 79.0 0.905 19.307
5856 79.0 0.638 19.257
5868 79.0 -0.424 19.336
5880 79.0 0.293 19.699
5892 79.0 0.583 18.928
5904 79.0 -0.642 19.885
5916 79.0 -1.162 19.639
5928 79.0 -1.763 20.758
5940 79.0 -0.953 19.902
5952 79.0 -2.654 20.748
5724 152.0 3.967 20.423
5736 152.0 3.454 20.537
5748 152.0 2.997 20.423
5760 152.0 2.398 20.423
5772 152.0 1.884 20.308
5784 152.0 1.256 20.308
5796 152.0 0.628 20.423
5808 152.0 0.057 20.423
5820 152.0 0.819 20.368
5832 152.0 -0.113 21.175
5844 152.0 -0.901 21.346
5856 152.0 -0.433 21.691
5868 152.0 -0.415 21.644
5880 152.0 -1.565 22.094
5892 152.0 -3.003 22.784
5904 152.0 -2.843 22.151
5916 152.0 -2.550 21.856
5928 152.0 -1.518 21.413
5940 152.0 -2.051 21.664
5952 152.0 -2.765 21.989
5736 90.0 -20.194 13.358
5748 90.0 -17.411 12.559
5760 90.0 -14.500 12.331
5772 90.0 -11.660 12.502
5784 90.0 -8.834 12.673
5796 90.0 -6.008 12.902
5808 90.0 -3.168 13.144
5820 90.0 -0.285 13.372
5832 90.0 -14.986 12.599
5844 90.0 -15.867 12.965
5856 90.0 -14.990 12.193
5868 90.0 -14.924 12.032
5880 90.0 -14.019 11.128
5892 90.0 -13.466 11.363
5904 90.0 -15.497 13.097
5916 90.0 -13.276 11.185
5928 90.0 -13.609 11.038
5940 90.0 -13.846 11.106
5952 90.0 -14.756 12.191
5964 90.0 -14.278 11.200
5796 6.0 10.033 19.623
5808 6.0 9.762 19.623
5820 6.0 9.505 19.738
5832 6.0 9.248 19.738
5844 6.0 8.991 19.738
5856 6.0 8.734 19.852
5868 6.0 8.449 19.852
5880 6.0 8.192 19.966
5892 6.0 7.814 19.981
5904 6.0 8.340 19.861
5916 6.0 8.440 19.786
5928 6.0 8.280 19.819
5940 6.0 8.077 20.144
5952 6.0 7.042 20.217
5964 6.0 6.945 19.755
5976 6.0 5.705 20.149
5988 6.0 7.065 20.340
6000 6.0 5.119 20.674
6012 6.0 5.457 20.632
6024 6.0 4.834 20.813
5820 132.0 10.347 18.282
5832 132.0 10.033 18.282
5844 132.0 9.747 18.282
5856 132.0 9.476 18.282
5868 132.0 9.191 18.282
5880 132.0 8.934 18.282
5892 132.0 8.649 18.282
5904 132.0 8.392 18.396
5916 132.0 8.262 18.407
5928 132.0 7.926 18.218
5940 132.0 7.940 17.434
5952 132.0 7.485 18.304
5964 132.0 7.068 18.089
5976 132.0 6.125 18.159
5988 132.0 6.127 18.647
6000 132.0 5.392 18.940
6012 132.0 5.396 18.747
6024 132.0 6.007 19.148
6036 132.0 5.536 19.433
6048 132.0 4.287 19.497
5880 155.0 7.749 17.026
5892 155.0 7.435 17.026
5904 155.0 7.122 17.026
5916 155.0 6.808 17.026
5928 155.0 6.494 17.026
5940 155.0 6.180 17.026
5952 155.0 5.866 17.026
5964 155.0 5.552 17.026
5976 155.0 5.063 17.323
5988 155.0 5.192 17.388
6000 155.0 5.201 17.526
6012 155.0 5.524 17.562
6024 155.0 5.181 17.980
6036 155.0 4.769 17.667
6048 155.0 4.342 18.173
6060 155.0 3.474 18.413
6072 155.0 3.311 18.558
6084 155.0 4.986 17.758
6096 155.0 3.915 18.460
6108 155.0 2.781 18.380
5964 80.0 -7.792 18.681
5976 80.0 -8.306 18.810
5988 80.0 -8.734 18.924
6000 80.0 -9.191 18.681
6012 80.0 -9.776 18.624
6024 80.0 -10.333 18.624
6036 80.0 -10.875 18.567
6048 80.0 -11.417 18.567
6060 80.0 -10.839 19.237
6072 80.0 -10.966 19.122
6084 80.0 -10.792 19.578
6096 80.0 -10.905 19.281
6108 80.0 -11.027 19.773
6120 80.0 -12.105 19.726
6132 80.0 -12.333 20.265
6144 80.0 -12.608 20.560
6156 80.0 -13.270 20.407
6168 80.0 -13.005 20.597
6180 80.0 -14.770 21.128
6192 80.0 -14.935 21.393
5964 153.0 -7.906 20.423
5976 153.0 -8.506 20.423
5988 153.0 -9.077 20.537
6000 153.0 -9.648 20.651
6012 153.0 -10.161 20.480
6024 153.0 -10.647 20.366
6036 153.0 -11.146 20.251
6048 153.0 -11.603 20.137
6060 153.0 -10.895 20.363
6072 153.0 -11.220 20.729
6084 153.0 -13.090 20.722
6096 153.0 -12.418 20.527
6108 153.0 -12.632 20.635
6120 153.0 -12.489 20.849
6132 153.0 -13.681 20.771
6144 153.0 -12.486 20.883
6156 153.0 -14.825 21.944
6168 153.0 -13.989 21.389
6180 153.0 -14.181 21.164
6192 153.0 -15.132 21.199
6000 125.0 6.779 17.882
6012 125.0 6.522 17.768
6024 125.0 6.265 17.768
6036 125.0 6.023 17.768
6048 125.0 5.794 17.768
6060 125.0 5.552 17.711
6072 125.0 5.295 17.711
6084 125.0 5.081 17.711
6096 125.0 4.978 17.572
6108 125.0 5.535 17.716
6120 125.0 4.395 17.694
6132 125.0 5.192 17.531
6144 125.0 4.612 17.120
6156 125.0 4.486 17.543
6168 125.0 4.060 17.775
6180 125.0 3.910 18.084
6192 125.0 3.478 17.978
6204 125.0 2.918 18.531
6216 125.0 2.476 18.702
6228 125.0 2.377 19.039
6036 7.0 5.423 19.623
6048 7.0 5.266 19.566
6060 7.0 5.138 19.452
6072 7.0 5.009 19.395
6084 7.0 4.838 19.338
6096 7.0 4.724 19.281
6108 7.0 4.581 19.224
6120 7.0 4.524 19.110
6132 7.0 4.648 18.923
6144 7.0 4.643 19.266
6156 7.0 4.630 19.090
6168 7.0 4.616 19.071
6180 7.0 4.287 19.453
6192 7.0 4.716 19.162
6204 7.0 4.991 18.745
6216 7.0 5.227 18.676
6228 7.0 5.239 18.662
6240 7.0 5.246 18.964
6252 7.0 5.321 18.377
6264 7.0 5.296 18.194
6060 133.0 5.309 18.168
6072 133.0 5.052 18.111
6084 133.0 4.824 18.111
6096 133.0 4.524 18.054
6108 133.0 4.324 18.054
6120 133.0 4.110 18.054
6132 133.0 3.839 18.054
6144 133.0 3.639 18.168
6156 133.0 3.856 17.621
6168 133.0 4.042 18.019
6180 133.0 4.169 17.758
6192 133.0 3.791 17.724
6204 133.0 4.264 17.535
6216 133.0 4.133 17.325
6228 133.0 4.190 17.363
6240 133.0 4.043 17.291
6252 133.0 4.508 17.338
6264 133.0 4.357 17.436
6276 133.0 4.410 17.312
6288 133.0 4.195 17.639
6120 156.0 2.369 17.369
6132 156.0 2.112 17.369
6144 156.0 1.855 17.369
6156 156.0 1.598 17.369
6168 156.0 1.342 17.369
6180 156.0 1.227 17.254
6192 156.0 1.113 17.254
6204 156.0 1.028 17.254
6216 156.0 0.960 17.425
6228 156.0 1.243 17.133
6240 156.0 1.723 17.383
6252 156.0 1.619 17.379
6264 156.0 1.450 17.533
6276 156.0 1.312 17.671
6288 156.0 1.452 17.528
6300 156.0 1.491 17.492
6312 156.0 1.751 17.389
6324 156.0 1.640 17.457
6336 156.0 1.950 17.456
6348 156.0 1.692 17.350
6240 126.0 1.784 17.711
6252 126.0 1.513 17.825
6264 126.0 1.413 17.825
6276 126.0 1.313 17.825
6288 126.0 1.199 17.825
6300 126.0 1.099 17.825
6312 126.0 0.999 17.825
6324 126.0 0.885 17.825
6336 126.0 0.618 17.810
6348 126.0 0.479 17.851
6360 126.0 0.213 17.800
6372 126.0 0.459 17.943
6384 126.0 -0.332 18.061
6396 126.0 -0.330 18.181
6408 126.0 -1.135 18.477
6420 126.0 -1.098 18.280
6432 126.0 -1.351 18.581
6444 126.0 -1.281 18.088
6456 126.0 -2.904 17.715
6468 126.0 -3.232 17.928
6276 8.0 4.096 18.624
6288 8.0 4.096 18.624
6300 8.0 4.096 18.624
6312 8.0 4.096 18.624
6324 8.0 4.096 18.624
6336 8.0 4.096 18.624
6348 8.0 4.096 18.624
6360 8.0 4.096 18.624
6372 8.0 4.053 18.639
6384 8.0 4.162 18.638
6396 8.0 4.197 18.677
6408 8.0 4.230 18.696
6420 8.0 4.230 18.621
6432 8.0 4.248 18.616
6444 8.0 4.164 18.630
6456 8.0 4.172 18.506
6468 8.0 4.090 18.622
6480 8.0 4.026 18.635
6492 8.0 4.008 18.677
6504 8.0 3.980 18.627
6300 134.0 1.227 18.525
6312 134.0 1.070 18.525
6324 134.0 0.970 18.525
6336 134.0 0.813 18.525
6348 134.0 0.699 18.525
6360 134.0 0.599 18.525
6372 134.0 0.442 18.525
6384 134.0 0.328 18.525
6396 134.0 0.292 18.698
6408 134.0 0.117 18.646
6420 134.0 0.370 18.781
6432 134.0 0.729 18.655
6444 134.0 0.468 18.752
6456 134.0 0.539 18.623
6468 134.0 0.182 18.732
6480 134.0 0.586 18.515
6492 134.0 0.552 18.501
6504 134.0 0.765 18.431
6516 134.0 0.902 18.507
6528 134.0 0.680 18.340
6360 157.0 -0.714 17.483
6372 157.0 -0.856 17.540
6384 157.0 -1.056 17.540
6396 157.0 -1.199 17.540
6408 157.0 -1.370 17.654
6420 157.0 -1.513 17.654
6432 157.0 -1.684 17.654
6444 157.0 -1.884 17.654
6456 157.0 -2.230 17.579
6468 157.0 -2.397 17.741
6480 157.0 -2.467 17.945
6492 157.0 -2.419 18.024
6504 157.0 -1.842 17.583
6516 157.0 -1.897 17.728
6528 157.0 -2.868 17.873
6540 157.0 -2.925 18.002
6552 157.0 -3.588 18.476
6564 157.0 -3.152 17.892
6576 157.0 -3.076 18.250
6588 157.0 -3.705 18.341
6420 128.0 16.840 19.566
6432 128.0 16.241 19.566
6444 128.0 15.770 19.680
6456 128.0 15.299 19.680
6468 128.0 14.728 19.680
6480 128.0 14.043 19.566
6492 128.0 13.415 19.566
6504 128.0 12.573 19.509
6516 128.0 13.562 19.896
6528 128.0 12.434 19.057
6540 128.0 12.926 18.907
6552 128.0 12.719 19.327
6564 128.0 11.321 19.121
6576 128.0 12.706 18.979
6588 128.0 12.376 18.836
6600 128.0 11.534 20.309
6612 128.0 11.194 20.394
6624 128.0 10.942 19.714
6636 128.0 10.693 20.298
6648 128.0 10.237 20.531
6480 127.0 -1.841 17.939
6492 127.0 -2.155 17.939
6504 127.0 -2.498 18.054
6516 127.0 -2.811 18.054
6528 127.0 -3.154 18.054
6540 127.0 -3.468 18.054
6552 127.0 -3.811 18.054
6564 127.0 -4.096 18.054
6576 127.0 -4.329 17.947
6588 127.0 -4.813 18.025
6600 127.0 -5.283 17.929
6612 127.0 -4.453 18.205
6624 127.0 -5.205 18.633
6636 127.0 -7.165 18.940
6648 127.0 -7.569 19.263
6660 127.0 -6.934 18.427
6672 127.0 -8.664 18.933
6684 127.0 -8.354 18.918
6696 127.0 -9.141 18.910
6708 127.0 -8.558 18.897
6516 9.0 3.896 18.624
6528 9.0 3.796 18.624
6540 9.0 3.696 18.624
6552 9.0 3.554 18.624
6564 9.0 3.454 18.624
6576 9.0 3.354 18.696
6588 9.0 3.240 18.696
6600 9.0 3.111 18.753
6612 9.0 3.104 19.068
6624 9.0 3.042 18.816
6636 9.0 3.122 18.947
6648 9.0 3.109 18.916
6660 9.0 3.293 18.675
6672 9.0 3.064 18.702
6684 9.0 2.996 18.696
6696 9.0 2.924 18.740
6708 9.0 2.773 18.640
6720 9.0 3.281 18.457
6732 9.0 3.075 18.409
6744 9.0 3.041 18.288
6540 135.0 -3.225 18.753
6552 135.0 -3.511 18.753
6564 135.0 -3.796 18.753
6576 135.0 -4.110 18.753
6588 135.0 -4.381 18.867
6600 135.0 -4.667 18.867
6612 135.0 -4.981 18.867
6624 135.0 -5.280 18.867
6636 135.0 -5.354 18.937
6648 135.0 -5.945 19.073
6660 135.0 -5.253 19.088
6672 135.0 -5.466 18.703
6684 135.0 -6.254 19.138
6696 135.0 -6.679 18.948
6708 135.0 -7.413 19.406
6720 135.0 -7.346 18.910
6732 135.0 -6.570 18.789
6744 135.0 -7.666 18.677
6756 135.0 -7.859 19.035
6768 135.0 -8.747 19.301
6600 158.0 -6.579 17.426
6612 158.0 -6.965 17.426
6624 158.0 -7.364 17.426
6636 158.0 -7.764 17.426
6648 158.0 -8.178 17.426
6660 158.0 -8.549 17.426
6672 158.0 -8.948 17.426
6684 158.0 -10.276 17.654
6696 158.0 -8.821 17.116
6708 158.0 -8.554 17.193
6720 158.0 -9.141 17.359
6732 158.0 -8.744 16.842
6744 158.0 -9.394 17.535
6756 158.0 -9.661 17.395
6768 158.0 -9.485 17.120
6780 158.0 -10.483 17.372
6792 158.0 -10.106 18.173
6804 158.0 -10.128 17.640
6816 158.0 -9.320 17.218
6828 158.0 -10.361 18.029
6660 129.0 2.412 19.680
6672 129.0 1.299 19.795
6684 129.0 0.157 20.023
6696 129.0 -1.042 20.251
6708 129.0 -1.527 20.251
6720 129.0 -1.898 20.137
6732 129.0 -2.312 20.137
6744 129.0 -2.726 20.023
6756 129.0 -3.084 21.326
6768 129.0 -3.269 20.876
6780 129.0 -2.184 20.244
6792 129.0 -2.226 21.060
6804 129.0 -3.469 21.682
6816 129.0 -4.145 21.814
6828 129.0 -5.098 22.848
6840 129.0 -6.410 23.467
6852 129.0 -5.331 22.937
6864 129.0 -4.176 22.214
6876 129.0 -5.508 23.052
6888 129.0 -4.620 23.166
6720 130.0 -10.233 18.111
6732 130.0 -10.176 17.996
6744 130.0 -10.176 17.882
6756 130.0 -10.119 17.768
6768 130.0 -10.119 17.654
6780 130.0 -10.061 17.654
6792 130.0 -10.061 17.540
6804 130.0 -10.318 17.540
6816 130.0 -10.118 17.674
6828 130.0 -10.116 17.525
6840 130.0 -10.107 17.455
6852 130.0 -9.992 17.197
6864 130.0 -9.933 17.059
6876 130.0 -9.852 16.896
6888 130.0 -10.163 16.676
6900 130.0 -9.987 16.193
6912 130.0 -10.178 16.244
6924 130.0 -10.137 15.437
6936 130.0 -10.295 15.192
6948 130.0 -9.987 15.447
6756 10.0 3.625 18.924
6768 10.0 3.882 18.924
6780 10.0 4.139 18.924
6792 10.0 3.967 18.924
6804 10.0 3.711 18.924
6816 10.0 3.397 18.924
6828 10.0 3.140 18.924
6840 10.0 2.826 18.810
6852 10.0 2.766 18.864
6864 10.0 2.823 18.912
6876 10.0 2.475 19.044
6888 10.0 2.513 18.947
6900 10.0 2.304 18.879
6912 10.0 2.000 18.918
6924 10.0 1.906 18.734
6936 10.0 1.624 19.174
6948 10.0 1.818 19.014
6960 10.0 1.921 18.805
6972 10.0 2.199 18.658
6984 10.0 2.533 18.755
6780 140.0 -9.762 18.981
6792 140.0 -9.705 18.981
6804 140.0 -9.962 18.867
6816 140.0 -10.333 18.867
6828 140.0 -10.647 18.867
6840 140.0 -11.018 18.753
6852 140.0 -11.374 18.753
6864 140.0 -11.731 18.639
6876 140.0 -11.033 18.597
6888 140.0 -11.059 18.320
6900 140.0 -10.999 18.503
6912 140.0 -10.967 18.706
6924 140.0 -11.454 18.633
6936 140.0 -10.397 18.017
6948 140.0 -10.703 18.726
6960 140.0 -11.023 18.387
6972 140.0 -10.987 18.368
6984 140.0 -10.973 18.291
6996 140.0 -11.290 18.190
7008 140.0 -11.413 17.784
6840 159.0 -12.902 17.083
6852 159.0 -13.215 17.083
6864 159.0 -13.572 17.083
6876 159.0 -13.901 17.083
6888 159.0 -14.257 17.083
6900 159.0 -14.628 17.083
6912 159.0 -14.942 17.083
6924 159.0 -15.299 17.083
6936 159.0 -14.988 16.916
6948 159.0 -15.706 17.282
6960 159.0 -15.994 17.291
6972 159.0 -16.690 17.648
6984 159.0 -16.244 17.879
6996 159.0 -17.052 17.779
7008 159.0 -15.390 16.879
7020 159.0 -16.010 16.667
7032 159.0 -18.274 17.661
7044 159.0 -17.436 16.197
7056 159.0 -18.220 16.486
7068 159.0 -16.453 16.311
6996 11.0 -0.942 18.567
7008 11.0 -1.227 18.510
7020 11.0 -1.541 18.510
7032 11.0 -1.855 18.510
7044 11.0 -2.141 18.567
7056 11.0 -2.469 18.567
7068 11.0 -2.811 18.624
7080 11.0 -3.125 18.624
7092 11.0 -2.575 18.174
7104 11.0 -2.542 18.142
7116 11.0 -3.300 18.300
7128 11.0 -2.230 18.031
7140 11.0 -1.987 17.728
7152 11.0 -1.710 17.825
7164 11.0 -2.035 17.714
7176 11.0 -2.085 17.885
7188 11.0 -1.672 18.062
7200 11.0 -2.014 17.819
7212 11.0 -1.797 17.499
7224 11.0 -1.633 17.339
7140 23.0 15.713 21.350
7152 23.0 15.199 21.008
7164 23.0 14.671 20.779
7176 23.0 14.143 20.437
7188 23.0 13.672 20.194
7200 23.0 13.144 19.966
7212 23.0 12.630 19.623
7224 23.0 12.159 19.381
7236 23.0 13.069 20.307
7248 23.0 12.726 20.439
7260 23.0 12.392 20.937
7272 23.0 11.888 20.775
7284 23.0 11.982 20.296
7296 23.0 11.418 20.779
7308 23.0 11.531 19.749
7320 23.0 10.673 22.031
7332 23.0 10.234 22.091
7344 23.0 10.393 21.496
7356 23.0 10.287 21.390
7368 23.0 8.860 22.657
7236 12.0 -7.150 18.924
7248 12.0 -7.478 18.924
7260 12.0 -7.792 18.924
7272 12.0 -8.106 18.981
7284 12.0 -8.420 18.981
7296 12.0 -8.706 19.038
7308 12.0 -9.048 19.038
7320 12.0 -9.362 19.038
7332 12.0 -9.034 18.978
7344 12.0 -9.483 19.318
7356 12.0 -9.325 19.327
7368 12.0 -9.222 19.314
7380 12.0 -9.697 19.245
7392 12.0 -10.050 19.562
7404 12.0 -10.905 19.822
7416 12.0 -10.977 19.807
7428 12.0 -12.100 20.045
7440 12.0 -11.880 19.623
7452 12.0 -12.156 20.328
7464 12.0 -12.227 20.164
7380 24.0 4.082 18.696
7392 24.0 3.454 18.696
7404 24.0 2.783 18.696
7416 24.0 2.141 18.696
7428 24.0 1.513 18.696
7440 24.0 0.885 18.696
7452 24.0 0.214 18.696
7464 24.0 -0.414 18.696
7476 24.0 1.028 18.639
7488 24.0 1.492 18.612
7500 24.0 1.393 18.620
7512 24.0 0.597 19.993
7524 24.0 -0.164 19.731
7536 24.0 -1.226 19.734
7548 24.0 -0.804 19.532
7560 24.0 -1.518 19.815
7572 24.0 -3.362 20.748
7584 24.0 -2.947 19.955
7596 24.0 -2.845 20.267
7608 24.0 -2.674 20.765
7476 13.0 -13.401 19.324
7488 13.0 -13.715 19.324
7500 13.0 -13.744 19.381
7512 13.0 -14.257 19.152
7524 13.0 -14.728 18.924
7536 13.0 -15.256 18.739
7548 13.0 -15.656 18.624
7560 13.0 -16.013 18.624
7572 13.0 -16.129 19.293
7584 13.0 -15.362 19.139
7596 13.0 -15.462 19.289
7608 13.0 -14.998 19.344
7620 13.0 -15.914 19.292
7632 13.0 -16.288 19.807
7644 13.0 -16.427 19.896
7656 13.0 -16.387 19.865
7668 13.0 -15.925 20.011
7680 13.0 -16.543 20.643
7692 13.0 -16.429 20.234
7704 13.0 -16.691 20.359
7620 38.0 2.740 38.576
7632 38.0 3.054 38.119
7644 38.0 3.425 37.891
7656 38.0 3.768 37.663
7668 38.0 4.110 37.377
7680 38.0 4.481 37.092
7692 38.0 4.852 36.863
7704 38.0 5.209 36.549
7716 38.0 5.036 36.482
7728 38.0 5.855 36.240
7740 38.0 5.976 36.024
7752 38.0 5.915 36.005
7764 38.0 6.355 35.700
7776 38.0 7.103 35.267
7788 38.0 7.148 35.197
7800 38.0 7.498 35.077
7812 38.0 7.321 35.143
7824 38.0 10.121 34.021
7836 38.0 9.112 33.730
7848 38.0 7.314 35.375
7716 14.0 -19.752 19.110
7728 14.0 -19.809 19.110
7740 14.0 -19.837 19.109
7752 14.0 -19.827 19.104
7764 14.0 -19.818 19.099
7776 14.0 -19.809 19.094
7788 14.0 -19.800 19.089
7800 14.0 -19.791 19.083
7812 14.0 -19.737 19.023
7824 14.0 -19.741 19.048
7836 14.0 -19.782 19.043
7848 14.0 -19.704 18.965
7860 14.0 -19.722 18.974
7872 14.0 -19.738 19.044
7884 14.0 -19.776 19.056
7896 14.0 -19.761 19.034
7908 14.0 -19.705 18.996
7920 14.0 -19.736 19.060
7932 14.0 -19.671 19.095
7944 14.0 -19.570 18.965
7860 39.0 9.962 34.951
7872 39.0 10.318 34.951
7884 39.0 10.746 34.951
7896 39.0 11.160 34.951
7908 39.0 11.574 34.951
7920 39.0 12.002 34.951
7932 39.0 12.416 34.837
7944 39.0 12.787 34.837
7956 39.0 12.467 34.731
7968 39.0 12.485 34.882
7980 39.0 12.802 34.791
7992 39.0 12.497 34.722
8004 39.0 13.383 34.318
8016 39.0 13.707 33.904
8028 39.0 13.403 34.598
8040 39.0 13.909 34.439
8052 39.0 13.980 34.065
8064 39.0 14.573 34.020
8076 39.0 15.207 33.500
8088 39.0 14.856 33.279
7956 15.0 -19.672 19.016
7968 15.0 -19.663 19.011
7980 15.0 -19.654 19.005
7992 15.0 -19.645 19.000
8004 15.0 -19.636 18.995
8016 15.0 -19.627 18.990
8028 15.0 -19.617 18.985
8040 15.0 -19.608 18.980
8052 15.0 -19.676 18.978
8064 15.0 -19.685 19.000
8076 15.0 -19.619 19.015
8088 15.0 -19.639 19.062
8100 15.0 -19.666 19.029
8112 15.0 -19.646 19.001
8124 15.0 -19.618 19.052
8136 15.0 -19.527 19.035
8148 15.0 -19.579 19.078
8160 15.0 -19.560 19.113
8172 15.0 -19.496 19.112
8184 15.0 -19.340 19.030
8004 37.0 11.003 35.750
8016 37.0 11.317 35.750
8028 37.0 11.631 35.750
8040 37.0 11.945 35.636
8052 37.0 12.202 35.522
8064 37.0 12.673 35.522
8076 37.0 13.158 35.522
8088 37.0 13.315 35.522
8100 37.0 14.215 35.384
8112 37.0 13.777 35.631
8124 37.0 13.365 35.896
8136 37.0 12.937 35.799
8148 37.0 13.038 35.625
8160 37.0 13.424 35.675
8172 37.0 13.212 35.863
8184 37.0 14.276 35.279
8196 37.0 14.953 35.426
8208 37.0 14.652 35.128
8220 37.0 14.957 35.298
8232 37.0 15.102 35.418
8052 81.0 16.555 6.379
8064 81.0 15.984 6.379
8076 81.0 15.413 6.379
8088 81.0 14.828 6.379
8100 81.0 14.243 6.379
8112 81.0 13.672 6.379
8124 81.0 13.101 6.379
8136 81.0 12.530 6.379
8148 81.0 13.728 6.488
8160 81.0 13.045 6.936
8172 81.0 13.355 6.586
8184 81.0 13.196 6.638
8196 81.0 12.093 6.933
8208 81.0 11.482 7.421
8220 81.0 12.336 6.832
8232 81.0 11.874 7.449
8244 81.0 10.475 7.508
8256 81.0 9.608 7.967
8268 81.0 9.115 8.226
8280 81.0 9.755 6.609
8196 16.0 -19.489 18.912
8208 16.0 -19.480 18.907
8220 16.0 -19.471 18.902
8232 16.0 -19.462 18.897
8244 16.0 -19.453 18.892
8256 16.0 -19.444 18.886
8268 16.0 -19.434 18.881
8280 16.0 -19.425 18.876
8292 16.0 -19.369 18.867
8304 16.0 -19.450 18.879
8316 16.0 -19.351 18.933
8328 16.0 -19.319 18.826
8340 16.0 -19.300 18.756
8352 16.0 -19.232 18.761
8364 16.0 -19.225 18.727
8376 16.0 -19.192 18.767
8388 16.0 -19.258 18.736
8400 16.0 -19.296 18.808
8412 16.0 -19.288 18.778
8424 16.0 -19.305 18.792
8292 82.0 4.767 6.265
8304 82.0 4.139 6.265
8316 82.0 3.511 6.265
8328 82.0 2.883 6.265
8340 82.0 2.312 6.265
8352 82.0 1.727 6.265
8364 82.0 1.142 6.265
8376 82.0 0.628 6.379
8388 82.0 0.931 5.884
8400 82.0 0.054 5.706
8412 82.0 0.763 6.086
8424 82.0 -0.692 5.561
8436 82.0 -0.255 6.289
8448 82.0 -0.092 5.632
8460 82.0 0.872 6.051
8472 82.0 0.503 5.015
8484 82.0 -1.770 6.498
8496 82.0 0.264 5.094
8508 82.0 -0.716 5.531
8520 82.0 -1.345 5.316
8436 17.0 -12.074 19.224
8448 17.0 -11.446 19.224
8460 17.0 -10.818 19.224
8472 17.0 -10.190 19.224
8484 17.0 -9.562 19.224
8496 17.0 -8.934 19.224
8508 17.0 -8.363 19.053
8520 17.0 -7.749 18.867
8532 17.0 -7.709 18.805
8544 17.0 -7.174 17.769
8556 17.0 -6.091 17.667
8568 17.0 -6.128 17.535
8580 17.0 -6.738 17.968
8592 17.0 -6.246 17.315
8604 17.0 -7.948 18.905
8616 17.0 -7.025 17.777
8628 17.0 -5.897 17.243
8640 17.0 -5.209 16.886
8652 17.0 -7.601 18.120
8664 17.0 -7.318 17.801
8532 83.0 -7.179 6.551
8544 83.0 -7.807 6.322
8556 83.0 -8.377 5.980
8568 83.0 -9.005 5.923
8580 83.0 -9.662 5.980
8592 83.0 -10.304 6.037
8604 83.0 -10.961 6.094
8616 83.0 -11.589 6.037
8628 83.0 -10.194 6.218
8640 83.0 -10.841 5.794
8652 83.0 -10.671 6.265
8664 83.0 -10.754 5.694
8676 83.0 -10.361 5.227
8688 83.0 -11.116 5.424
8700 83.0 -11.263 4.947
8712 83.0 -11.808 6.193
8724 83.0 -11.246 5.887
8736 83.0 -12.162 6.765
8748 83.0 -14.000 6.860
8760 83.0 -12.206 5.354
8676 18.0 0.271 18.339
8688 18.0 0.842 18.339
8700 18.0 1.470 18.225
8712 18.0 2.098 18.225
8724 18.0 2.669 18.225
8736 18.0 3.297 18.339
8748 18.0 3.868 18.453
8760 18.0 4.453 18.567
8772 18.0 3.590 18.363
8784 18.0 3.551 18.678
8796 18.0 3.825 18.457
8808 18.0 3.528 18.393
8820 18.0 4.410 18.053
8832 18.0 4.009 18.216
8844 18.0 4.033 17.529
8856 18.0 4.345 17.800
8868 18.0 4.708 17.492
8880 18.0 5.771 16.755
8892 18.0 5.954 16.624
8904 18.0 6.305 16.187
8820 2.0 16.113 23.719
8832 2.0 16.041 22.906
8844 2.0 15.956 22.107
8856 2.0 15.899 21.365
8868 2.0 15.827 20.537
8880 2.0 15.770 19.852
8892 2.0 15.456 19.167
8904 2.0 15.142 18.453
8916 2.0 15.618 18.199
8928 2.0 15.707 18.553
8940 2.0 15.781 17.043
8952 2.0 15.391 16.371
8964 2.0 15.179 17.824
8976 2.0 15.431 16.349
8988 2.0 15.397 15.674
9000 2.0 15.612 17.083
9012 2.0 15.850 16.172
9024 2.0 15.553 14.415
9036 2.0 16.023 16.639
9048 2.0 15.613 16.770
9060 3.0 11.060 10.946
9072 3.0 10.433 10.375
9084 3.0 9.862 9.904
9096 3.0 9.248 9.319
9108 3.0 8.663 8.748
9120 3.0 8.035 8.178
9132 3.0 10.147 10.133
9144 3.0 7.022 7.407
9156 3.0 8.229 9.241
9168 3.0 8.379 8.685
9180 3.0 8.883 8.734
9192 3.0 9.760 8.283
9204 3.0 7.892 7.471
9216 3.0 8.642 8.164
9228 3.0 6.600 7.297
9240 3.0 8.165 7.494
9252 3.0 7.128 7.386
9264 3.0 8.945 6.050
9276 3.0 7.956 6.540
9288 3.0 7.596 8.477
9108 19.0 14.971 7.350
9120 19.0 14.172 7.122
9132 19.0 13.430 7.007
9144 19.0 12.802 6.893
9156 19.0 12.174 6.665
9168 19.0 11.603 6.551
9180 19.0 11.089 6.436
9192 19.0 10.547 6.322
9204 19.0 11.069 6.232
9216 19.0 10.787 6.555
9228 19.0 10.593 6.719
9240 19.0 9.106 7.455
9252 19.0 8.546 7.224
9264 19.0 9.515 6.111
9276 19.0 9.171 6.426
9288 19.0 11.100 5.283
9300 19.0 9.830 6.984
9312 19.0 8.635 7.697
9324 19.0 6.881 7.110
9336 19.0 8.711 7.699
9300 4.0 0.842 -1.727
9312 4.0 0.842 -1.727
9324 4.0 0.842 -1.727
9336 4.0 0.842 -1.727
9348 4.0 0.842 -1.727
9360 4.0 0.842 -1.727
9372 4.0 0.842 -1.727
9384 4.0 0.842 -1.727
9396 4.0 0.826 -1.778
9408 4.0 0.807 -1.732
9420 4.0 0.817 -1.686
9432 4.0 0.849 -1.653
9444 4.0 0.854 -1.581
9456 4.0 0.908 -1.633
9468 4.0 0.958 -1.583
9480 4.0 0.895 -1.635
9492 4.0 0.915 -1.566
9504 4.0 0.946 -1.656
9516 4.0 0.941 -1.669
9528 4.0 0.917 -1.623
9456 27.0 -18.867 18.054
9468 27.0 -18.239 18.111
9480 27.0 -17.611 18.225
9492 27.0 -17.083 18.168
9504 27.0 -16.569 18.054
9516 27.0 -16.041 17.939
9528 27.0 -15.513 17.768
9540 27.0 -14.957 17.711
9552 27.0 -15.812 17.778
9564 27.0 -14.706 17.890
9576 27.0 -15.183 18.162
9588 27.0 -15.356 17.409
9600 27.0 -14.919 17.687
9612 27.0 -15.046 17.200
9624 27.0 -13.964 16.896
9636 27.0 -14.304 17.601
9648 27.0 -13.905 17.120
9660 27.0 -10.766 14.890
9672 27.0 -16.308 16.857
9684 27.0 -14.382 17.592
9456 111.0 -18.353 17.197
9468 111.0 -17.754 17.197
9480 111.0 -17.183 17.197
9492 111.0 -16.612 17.083
9504 111.0 -16.141 16.840
9516 111.0 -15.727 16.840
9528 111.0 -15.342 16.726
9540 111.0 -14.800 16.840
9552 111.0 -14.609 16.799
9564 111.0 -14.158 16.386
9576 111.0 -14.345 16.628
9588 111.0 -12.447 15.862
9600 111.0 -12.618 15.588
9612 111.0 -12.492 15.830
9624 111.0 -13.457 15.814
9636 111.0 -13.335 16.575
9648 111.0 -14.183 16.453
9660 111.0 -12.729 15.449
9672 111.0 -13.722 16.674
9684 111.0 -13.670 16.421
9696 28.0 -7.592 17.996
9708 28.0 -7.136 17.996
9720 28.0 -6.708 17.996
9732 28.0 -6.251 18.111
9744 28.0 -5.709 18.111
9756 28.0 -5.195 18.111
9768 28.0 -4.710 18.111
9780 28.0 -4.196 18.111
9792 28.0 -4.056 17.930
9804 28.0 -4.242 17.968
9816 28.0 -3.851 17.895
9828 28.0 -3.065 17.600
9840 28.0 -3.155 17.599
9852 28.0 -2.361 16.915
9864 28.0 -2.866 17.357
9876 28.0 -1.989 16.710
9888 28.0 -1.917 17.025
9900 28.0 -1.904 16.655
9912 28.0 -1.299 16.697
9924 28.0 -1.084 17.085
9696 112.0 -7.407 16.969
9708 112.0 -6.950 16.840
9720 112.0 -6.522 16.840
9732 112.0 -6.108 16.840
9744 112.0 -5.751 16.969
9756 112.0 -5.380 16.969
9768 112.0 -4.895 17.083
9780 112.0 -4.324 17.083
9792 112.0 -5.083 16.737
9804 112.0 -4.652 16.622
9816 112.0 -4.354 16.531
9828 112.0 -4.259 16.619
9840 112.0 -4.519 16.654
9852 112.0 -4.043 16.542
9864 112.0 -4.240 16.448
9876 112.0 -3.240 16.170
9888 112.0 -3.132 16.190
9900 112.0 -2.875 16.015
9912 112.0 -2.669 15.948
9924 112.0 -2.523 15.652
9936 29.0 3.083 18.111
9948 29.0 3.397 18.111
9960 29.0 3.654 18.111
9972 29.0 4.139 18.111
9984 29.0 4.710 18.111
9996 29.0 5.338 18.111
10008 29.0 5.837 17.939
10020 29.0 6.294 17.882
10032 29.0 6.482 17.845
10044 29.0 6.737 17.494
10056 29.0 6.517 17.746
10068 29.0 5.857 17.978
10080 29.0 5.669 18.257
10092 29.0 6.268 18.088
10104 29.0 6.550 18.183
10116 29.0 7.236 17.688
10128 29.0 6.615 17.846
10140 29.0 6.481 17.653
10152 29.0 7.412 17.780
10164 29.0 7.691 17.112
9936 113.0 3.354 17.197
9948 113.0 3.668 17.197
9960 113.0 3.925 17.197
9972 113.0 4.353 16.969
9984 113.0 4.810 16.840
9996 113.0 5.181 16.726
10008 113.0 5.580 16.726
10020 113.0 6.194 16.840
10032 113.0 5.938 16.807
10044 113.0 6.111 17.038
10056 113.0 6.499 17.547
10068 113.0 5.877 17.063
10080 113.0 6.620 17.280
10092 113.0 6.559 17.105
10104 113.0 7.476 16.656
10116 113.0 6.732 17.649
10128 113.0 7.388 17.118
10140 113.0 7.525 17.171
10152 113.0 7.211 17.155
10164 113.0 7.464 16.799
10308 144.0 -20.180 19.252
10320 144.0 -19.837 18.339
10332 144.0 -19.566 18.396
10344 144.0 -19.295 18.510
10356 144.0 -18.838 18.739
10368 144.0 -18.325 18.739
10380 144.0 -17.740 18.739
10392 144.0 -17.169 18.739
10404 144.0 -18.068 18.930
10416 144.0 -18.804 18.856
10428 144.0 -18.350 18.901
10440 144.0 -18.642 18.873
10452 144.0 -17.996 18.604
10464 144.0 -18.244 18.614
10476 144.0 -17.952 18.178
10488 144.0 -17.350 18.463
10500 144.0 -17.671 18.232
10512 144.0 -16.758 17.667
10524 144.0 -17.163 18.313
10536 144.0 -16.739 17.893
10452 75.0 -20.094 18.054
10464 75.0 -19.880 18.168
10476 75.0 -19.595 18.111
10488 75.0 -19.181 18.054
10500 75.0 -18.582 18.054
10512 75.0 -18.068 17.996
10524 75.0 -17.483 18.054
10536 75.0 -16.912 18.111
10548 75.0 -17.719 18.221
10560 75.0 -17.279 17.883
10572 75.0 -17.122 18.146
10584 75.0 -17.532 17.849
10596 75.0 -17.166 17.704
10608 75.0 -16.862 17.474
10620 75.0 -16.049 16.958
10632 75.0 -16.877 17.898
10644 75.0 -15.856 17.543
10656 75.0 -15.136 16.800
10668 75.0 -14.946 17.613
10680 75.0 -14.442 17.195
10548 145.0 -9.933 17.825
10560 145.0 -9.462 17.711
10572 145.0 -8.963 17.597
10584 145.0 -8.520 17.311
10596 145.0 -8.106 16.840
10608 145.0 -7.735 16.270
10620 145.0 -7.307 15.799
10632 145.0 -6.936 15.342
10644 145.0 -7.686 16.376
10656 145.0 -7.234 16.293
10668 145.0 -6.738 16.070
10680 145.0 -6.886 15.717
10692 145.0 -5.840 15.341
10704 145.0 -5.464 15.492
10716 145.0 -5.234 15.321
10728 145.0 -5.363 15.527
10740 145.0 -3.673 14.643
10752 145.0 -3.518 14.777
10764 145.0 -4.488 15.273
10776 145.0 -2.693 13.777
10692 76.0 -9.676 18.168
10704 76.0 -9.091 18.168
10716 76.0 -8.520 18.054
10728 76.0 -7.935 17.939
10740 76.0 -7.364 17.825
10752 76.0 -6.836 17.711
10764 76.0 -6.265 17.711
10776 76.0 -5.737 17.711
10788 76.0 -6.578 17.780
10800 76.0 -6.389 17.750
10812 76.0 -4.961 17.759
10824 76.0 -5.825 17.963
10836 76.0 -4.314 17.128
10848 76.0 -5.005 17.633
10860 76.0 -4.717 17.204
10872 76.0 -4.456 17.474
10884 76.0 -4.098 17.283
10896 76.0 -4.591 16.885
10908 76.0 -3.748 16.522
10920 76.0 -5.758 17.249
10788 146.0 -2.655 8.977
10800 146.0 -2.226 8.520
10812 146.0 -1.798 8.049
10824 146.0 -1.342 7.707
10836 146.0 -0.813 7.592
10848 146.0 -0.228 7.364
10860 146.0 0.285 7.236
10872 146.0 0.856 7.122
10884 146.0 1.265 6.273
10896 146.0 1.441 6.349
10908 146.0 1.446 6.323
10920 146.0 2.237 5.655
10932 146.0 1.783 6.384
10944 146.0 3.119 5.273
10956 146.0 3.290 5.093
10968 146.0 3.204 5.012
10980 146.0 2.284 5.501
10992 146.0 3.842 5.328
11004 146.0 3.331 5.725
11016 146.0 2.673 6.067
10932 77.0 1.912 18.282
10944 77.0 2.483 18.282
10956 77.0 3.068 18.168
10968 77.0 3.582 18.054
10980 77.0 4.167 18.054
10992 77.0 4.738 17.939
11004 77.0 5.338 17.882
11016 77.0 5.980 17.825
11028 77.0 5.140 17.363
11040 77.0 5.265 17.295
11052 77.0 4.645 17.516
11064 77.0 5.028 17.083
11076 77.0 6.083 16.876
11088 77.0 5.857 16.859
11100 77.0 5.458 17.184
11112 77.0 6.237 16.848
11124 77.0 6.098 17.143
11136 77.0 6.678 16.483
11148 77.0 7.222 16.158
11160 77.0 8.496 16.286
12072 166.0 16.427 4.981
12084 166.0 15.856 4.981
12096 166.0 15.328 5.095
12108 166.0 14.800 5.095
12120 166.0 14.229 5.209
12132 166.0 13.715 5.209
12144 166.0 13.116 5.338
12156 166.0 12.602 5.338
12168 166.0 13.054 5.461
12180 166.0 13.505 5.117
12192 166.0 12.458 5.300
12204 166.0 11.351 5.788
12216 166.0 11.225 5.272
12228 166.0 9.913 5.856
12240 166.0 10.645 5.351
12252 166.0 10.526 5.921
12264 166.0 10.020 5.894
12276 166.0 10.776 6.400
12288 166.0 8.488 6.915
12300 166.0 11.753 5.965
12312 168.0 3.211 5.095
12324 168.0 2.440 5.095
12336 168.0 1.641 5.095
12348 168.0 0.871 5.095
12360 168.0 0.071 5.095
12372 168.0 -0.699 5.095
12384 168.0 -1.499 5.095
12396 168.0 -2.269 5.095
12408 168.0 -0.306 5.747
12420 168.0 -1.235 6.011
12432 168.0 -1.492 6.235
12444 168.0 -1.038 6.267
12456 168.0 -0.468 5.971
12468 168.0 -2.790 7.196
12480 168.0 -3.019 7.252
12492 168.0 -4.027 7.767
12504 168.0 -4.136 7.747
12516 168.0 -3.773 7.387
12528 168.0 -2.206 6.806
12540 168.0 -3.083 7.468
12360 121.0 -19.495 6.608
12372 121.0 -19.081 6.722
12384 121.0 -18.610 6.836
12396 121.0 -18.139 7.079
12408 121.0 -17.711 7.193
12420 121.0 -17.254 7.307
12432 121.0 -16.769 7.535
12444 121.0 -16.255 7.535
12456 121.0 -16.949 7.411
12468 121.0 -17.942 7.736
12480 121.0 -17.843 7.323
12492 121.0 -17.003 6.591
12504 121.0 -16.237 6.612
12516 121.0 -16.182 6.647
12528 121.0 -16.040 6.418
12540 121.0 -16.003 6.569
12552 121.0 -16.699 6.530
12564 121.0 -15.510 6.260
12576 121.0 -15.478 6.686
12588 121.0 -14.833 6.136
12480 45.0 16.598 6.950
12492 45.0 16.369 7.407
12504 45.0 16.113 7.992
12516 45.0 15.799 8.463
12528 45.0 15.428 8.920
12540 45.0 15.085 9.376
12552 45.0 14.743 9.847
12564 45.0 14.371 10.304
12576 45.0 14.553 9.957
12588 45.0 14.276 10.064
12600 45.0 13.494 10.666
12612 45.0 13.640 10.355
12624 45.0 14.116 10.547
12636 45.0 13.675 11.147
12648 45.0 13.056 10.932
12660 45.0 13.352 11.114
12672 45.0 11.914 11.564
12684 45.0 12.801 11.217
12696 45.0 14.328 9.905
12708 45.0 12.758 10.511
12600 122.0 -6.750 7.179
12612 122.0 -5.809 7.179
12624 122.0 -4.867 7.179
12636 122.0 -4.096 7.179
12648 122.0 -3.468 7.179
12660 122.0 -2.840 7.236
12672 122.0 -2.212 7.236
12684 122.0 -1.627 7.236
12696 122.0 -2.720 6.702
12708 122.0 -2.377 6.331
12720 122.0 -1.489 5.805
12732 122.0 -2.270 6.329
12744 122.0 -2.138 6.022
12756 122.0 -1.985 5.746
12768 122.0 -1.973 6.158
12780 122.0 -1.213 4.847
12792 122.0 -0.848 5.454
12804 122.0 -1.742 5.040
12816 122.0 -0.855 4.542
12828 122.0 0.536 3.630
12720 46.0 9.462 16.270
12732 46.0 8.991 16.726
12744 46.0 8.534 17.197
12756 46.0 8.121 17.540
12768 46.0 7.807 17.768
12780 46.0 7.493 18.111
12792 46.0 7.122 18.339
12804 46.0 6.808 18.582
12816 46.0 5.605 19.002
12828 46.0 5.726 18.732
12840 46.0 5.525 18.842
12852 46.0 4.738 19.135
12864 46.0 4.109 19.480
12876 46.0 3.848 19.505
12888 46.0 3.608 19.960
12900 46.0 4.858 18.623
12912 46.0 2.697 19.920
12924 46.0 1.551 20.417
12936 46.0 4.804 19.162
12948 46.0 3.891 19.087
12840 123.0 5.809 6.665
12852 123.0 6.379 6.665
12864 123.0 6.979 6.665
12876 123.0 7.550 6.665
12888 123.0 8.178 6.665
12900 123.0 8.748 6.665
12912 123.0 9.319 6.665
12924 123.0 9.890 6.665
12936 123.0 9.731 6.188
12948 123.0 8.953 6.599
12960 123.0 9.632 6.186
12972 123.0 9.309 6.241
12984 123.0 9.740 5.974
12996 123.0 9.961 6.354
13008 123.0 9.782 5.963
13020 123.0 10.210 5.550
13032 123.0 10.426 6.123
13044 123.0 11.366 5.984
13056 123.0 11.532 5.352
13068 123.0 11.743 4.657
12960 47.0 -0.457 19.395
12972 47.0 -1.028 19.509
12984 47.0 -1.627 19.509
12996 47.0 -2.198 19.509
13008 47.0 -2.797 19.566
13020 47.0 -3.468 19.680
13032 47.0 -4.124 19.738
13044 47.0 -4.767 19.795
13056 47.0 -3.119 20.534
13068 47.0 -3.725 20.407
13080 47.0 -4.629 20.702
13092 47.0 -4.841 21.158
13104 47.0 -4.941 21.216
13116 47.0 -5.832 21.655
13128 47.0 -6.027 22.749
13140 47.0 -7.334 22.268
13152 47.0 -6.375 22.059
13164 47.0 -5.751 21.783
13176 47.0 -6.938 23.213
13188 47.0 -6.246 22.111
13068 167.0 -19.466 18.168
13080 167.0 -17.797 18.168
13092 167.0 -16.070 18.168
13104 167.0 -14.386 18.168
13116 167.0 -12.659 18.168
13128 167.0 -10.932 18.168
13140 167.0 -9.305 18.054
13152 167.0 -7.778 18.054
13164 167.0 -13.976 17.298
13176 167.0 -13.293 17.171
13188 167.0 -12.095 16.099
13200 167.0 -13.536 16.896
13212 167.0 -15.019 18.271
13224 167.0 -13.652 16.321
13236 167.0 -12.902 15.568
13248 167.0 -14.997 17.057
13260 167.0 -14.001 16.705
13272 167.0 -13.530 16.719
13284 167.0 -14.486 17.254
13296 167.0 -12.994 16.597
13188 51.0 16.840 31.826
13200 51.0 16.798 31.826
13212 51.0 16.741 31.826
13224 51.0 16.641 31.826
13236 51.0 16.584 31.826
13248 51.0 16.526 31.826
13260 51.0 16.526 31.940
13272 51.0 16.526 31.940
13284 51.0 16.711 31.917
13296 51.0 16.653 31.872
13308 51.0 16.710 31.814
13320 51.0 16.736 31.911
13332 51.0 16.652 31.903
13344 51.0 16.564 31.922
13356 51.0 16.544 31.845
13368 51.0 16.600 31.978
13380 51.0 16.629 31.978
13392 51.0 16.687 31.877
13404 51.0 16.558 31.966
13416 51.0 16.488 31.967
13200 48.0 -12.331 20.194
13212 48.0 -12.902 20.194
13224 48.0 -13.472 20.080
13236 48.0 -14.043 20.080
13248 48.0 -14.614 20.080
13260 48.0 -15.213 20.080
13272 48.0 -15.784 20.080
13284 48.0 -16.355 20.080
13296 48.0 -15.280 19.589
13308 48.0 -15.123 19.388
13320 48.0 -16.421 20.427
13332 48.0 -16.163 20.050
13344 48.0 -15.794 20.610
13356 48.0 -16.480 20.827
13368 48.0 -17.179 21.254
13380 48.0 -17.328 21.143
13392 48.0 -18.310 21.934
13404 48.0 -19.420 21.921
13416 48.0 -19.258 21.736
13428 48.0 -19.953 22.185
13428 52.0 16.526 31.940
13440 52.0 16.526 31.940
13452 52.0 16.526 31.940
13464 52.0 16.526 31.940
13476 52.0 16.526 31.940
13488 52.0 16.526 31.940
13500 52.0 16.526 31.940
13512 52.0 16.484 31.883
13524 52.0 16.533 31.870
13536 52.0 16.541 31.891
13548 52.0 16.546 31.833
13560 52.0 16.578 31.896
13572 52.0 16.613 31.882
13584 52.0 16.599 31.929
13596 52.0 16.574 31.960
13608 52.0 16.575 31.968
13620 52.0 16.575 31.906
13632 52.0 16.558 31.913
13644 52.0 16.606 31.916
13656 52.0 16.559 31.980
13440 49.0 -19.568 20.033
13452 49.0 -19.546 20.026
13464 49.0 -19.524 20.019
13476 49.0 -19.503 20.013
13488 49.0 -19.481 20.006
13500 49.0 -19.459 20.000
13512 49.0 -19.438 19.993
13524 49.0 -19.416 19.986
13536 49.0 -19.404 20.078
13548 49.0 -19.433 20.080
13560 49.0 -19.486 19.927
13572 49.0 -19.474 19.971
13584 49.0 -19.540 20.028
13596 49.0 -19.692 20.108
13608 49.0 -19.772 20.150
13620 49.0 -19.701 20.165
13632 49.0 -19.692 20.058
13644 49.0 -19.649 20.185
13656 49.0 -19.657 20.145
13668 49.0 -19.541 20.137
13524 42.0 16.869 28.301
13536 42.0 16.741 27.715
13548 42.0 16.626 27.130
13560 42.0 16.512 26.616
13572 42.0 16.369 26.046
13584 42.0 16.270 25.460
13596 42.0 16.113 24.875
13608 42.0 15.984 24.247
13620 42.0 16.031 24.563
13632 42.0 16.665 23.447
13644 42.0 16.214 22.963
13656 42.0 16.544 22.297
13668 42.0 16.333 19.825
13680 42.0 16.736 21.769
13692 42.0 16.844 20.948
13704 42.0 16.732 19.428
13716 42.0 15.886 19.921
13728 42.0 16.525 21.551
13740 42.0 16.279 21.504
13752 42.0 16.457 20.660
13668 53.0 16.398 31.868
13680 53.0 16.398 31.868
13692 53.0 16.398 31.868
13704 53.0 16.369 31.868
13716 53.0 16.369 31.868
13728 53.0 16.369 31.868
13740 53.0 16.369 31.868
13752 53.0 16.341 31.926
13764 53.0 16.397 31.880
13776 53.0 16.344 31.775
13788 53.0 16.419 31.812
13800 53.0 16.419 31.768
13812 53.0 16.376 31.801
13824 53.0 16.359 31.819
13836 53.0 16.312 31.862
13848 53.0 16.345 31.834
13860 53.0 16.317 31.822
13872 53.0 16.346 31.827
13884 53.0 16.372 31.834
13896 53.0 16.379 31.725
13680 50.0 -19.134 19.900
13692 50.0 -19.112 19.894
13704 50.0 -19.090 19.887
13716 50.0 -19.069 19.881
13728 50.0 -19.047 19.874
13740 50.0 -19.025 19.867
13752 50.0 -19.003 19.861
13764 50.0 -18.982 19.854
13776 50.0 -19.025 19.933
13788 50.0 -19.025 19.991
13800 50.0 -19.064 20.024
13812 50.0 -19.027 19.991
13824 50.0 -19.177 19.893
13836 50.0 -19.205 19.891
13848 50.0 -19.173 19.867
13860 50.0 -19.179 19.934
13872 50.0 -19.144 19.928
13884 50.0 -19.147 19.948
13896 50.0 -19.087 19.911
13908 50.0 -19.139 19.833
13764 43.0 12.216 17.426
13776 43.0 11.474 17.197
13788 43.0 11.003 16.855
13800 43.0 10.475 16.498
13812 43.0 9.790 16.255
13824 43.0 9.162 16.369
13836 43.0 8.763 15.913
13848 43.0 8.335 15.570
13860 43.0 8.734 16.304
13872 43.0 9.020 15.750
13884 43.0 8.451 15.871
13896 43.0 8.533 15.419
13908 43.0 8.003 15.914
13920 43.0 9.246 15.612
13932 43.0 6.123 17.807
13944 43.0 6.276 17.626
13956 43.0 7.247 17.199
13968 43.0 6.985 17.058
13980 43.0 5.856 17.157
13992 43.0 5.005 17.876
