504 10.0 4.086 16.706
516 10.0 4.767 16.706
528 10.0 5.447 16.706
540 10.0 6.083 16.706
552 10.0 6.719 16.706
564 10.0 7.309 16.706
576 10.0 7.899 16.706
588 10.0 8.580 16.524
600 10.0 7.059 16.243
612 10.0 6.842 16.403
624 10.0 7.111 16.019
636 10.0 8.252 15.479
648 10.0 9.150 15.298
660 10.0 7.869 15.765
672 10.0 8.222 16.015
684 10.0 8.521 15.115
696 10.0 8.395 15.343
708 10.0 8.955 15.651
720 10.0 9.161 15.090
732 10.0 10.310 14.745
504 11.0 -11.258 15.208
516 11.0 -11.780 15.208
528 11.0 -12.370 15.208
540 11.0 -12.892 15.208
552 11.0 -13.483 15.208
564 11.0 -14.027 15.208
576 11.0 -14.527 15.208
588 11.0 -15.139 15.208
600 11.0 -15.098 15.498
612 11.0 -14.231 14.948
624 11.0 -14.214 14.661
636 11.0 -14.056 14.397
648 11.0 -15.292 14.512
660 11.0 -15.445 14.445
672 11.0 -16.927 14.894
684 11.0 -16.997 15.341
696 11.0 -17.036 15.274
708 11.0 -17.280 14.631
720 11.0 -16.585 15.419
732 11.0 -16.568 15.789
504 13.0 -20.360 17.296
516 13.0 -21.041 17.296
528 13.0 -21.631 17.296
540 13.0 -22.312 17.455
552 13.0 -22.993 17.455
564 13.0 -23.583 17.455
576 13.0 -24.309 17.296
588 13.0 -24.990 17.114
600 13.0 -24.108 17.325
612 13.0 -24.532 17.953
624 13.0 -24.033 17.999
636 13.0 -25.477 18.422
648 13.0 -25.148 18.885
660 13.0 -25.885 19.175
672 13.0 -26.365 19.395
684 13.0 -26.294 19.408
696 13.0 -27.182 19.909
708 13.0 -28.211 20.471
720 13.0 -25.989 19.343
732 13.0 -27.073 19.985
504 16.0 -0.545 -0.182
516 16.0 -0.840 -0.182
528 16.0 -1.180 -0.182
540 16.0 -1.521 -0.182
552 16.0 -1.816 -0.182
564 16.0 -2.134 -0.182
576 16.0 -2.451 -0.182
588 16.0 -2.815 -0.340
600 16.0 -2.147 -0.514
612 16.0 -1.672 -0.335
624 16.0 -1.859 -0.545
636 16.0 -1.955 -0.456
648 16.0 -2.018 -0.892
660 16.0 -2.242 -0.542
672 16.0 -1.869 -0.890
684 16.0 -1.622 -0.646
696 16.0 -2.044 -0.664
708 16.0 -1.775 -0.806
720 16.0 -1.537 -1.294
732 16.0 -1.610 -0.707
504 28.0 7.173 12.053
516 28.0 6.946 12.552
528 28.0 6.809 12.870
540 28.0 6.582 13.369
552 28.0 6.446 13.710
564 28.0 6.219 14.209
576 28.0 6.060 14.549
588 28.0 5.765 14.867
600 28.0 6.292 14.352
612 28.0 6.020 15.143
624 28.0 5.957 15.179
636 28.0 5.893 15.638
648 28.0 6.274 14.949
660 28.0 5.994 14.957
672 28.0 5.695 16.016
684 28.0 5.776 16.046
696 28.0 5.674 16.216
708 28.0 5.777 17.196
720 28.0 5.674 16.213
732 28.0 5.791 16.845
516 14.0 7.967 10.055
528 14.0 7.967 10.373
540 14.0 7.967 10.713
552 14.0 7.967 11.213
564 14.0 7.967 11.712
576 14.0 7.967 12.053
588 14.0 7.967 12.552
600 14.0 8.103 13.051
612 14.0 8.130 12.638
624 14.0 7.828 13.835
636 14.0 8.005 14.214
648 14.0 7.754 15.215
660 14.0 7.994 15.873
672 14.0 8.256 15.951
684 14.0 8.500 17.281
696 14.0 8.031 16.537
708 14.0 8.052 16.587
720 14.0 7.643 15.336
732 14.0 7.885 15.995
744 14.0 7.664 17.548
516 26.0 8.239 23.197
528 26.0 8.012 22.879
540 26.0 7.853 22.380
552 26.0 7.626 22.017
564 26.0 7.400 21.518
576 26.0 7.195 21.200
588 26.0 7.036 20.700
600 26.0 6.809 20.383
612 26.0 6.963 20.824
624 26.0 6.651 19.925
636 26.0 6.193 19.637
648 26.0 6.717 20.023
660 26.0 7.441 18.711
672 26.0 6.752 19.823
684 26.0 6.628 17.796
696 26.0 6.229 16.313
708 26.0 7.989 17.465
720 26.0 7.628 15.901
732 26.0 7.903 17.944
744 26.0 7.952 17.793
696 20.0 -31.255 10.804
708 20.0 -28.940 11.122
720 20.0 -26.557 11.621
732 20.0 -24.173 11.962
744 20.0 -21.767 12.121
756 20.0 -19.316 11.803
768 20.0 -17.137 11.803
780 20.0 -15.366 11.803
792 20.0 -27.150 11.198
804 20.0 -27.975 12.054
816 20.0 -26.996 11.623
828 20.0 -26.608 11.029
840 20.0 -26.699 11.207
852 20.0 -25.531 10.092
864 20.0 -26.662 10.782
876 20.0 -26.216 9.813
888 20.0 -27.640 10.746
900 20.0 -25.260 9.120
912 20.0 -28.097 11.343
924 20.0 -26.033 10.461
744 12.0 -18.567 18.045
756 12.0 -18.249 18.204
768 12.0 -18.521 18.204
780 12.0 -18.748 18.204
792 12.0 -19.066 18.204
804 12.0 -19.656 18.204
816 12.0 -20.473 18.363
828 12.0 -21.835 18.544
840 12.0 -20.106 17.945
852 12.0 -20.213 17.778
864 12.0 -20.465 17.542
876 12.0 -20.157 17.487
888 12.0 -20.759 17.304
900 12.0 -20.100 16.800
912 12.0 -20.817 16.800
924 12.0 -20.610 17.282
936 12.0 -20.841 17.014
948 12.0 -20.984 16.843
960 12.0 -19.437 17.080
972 12.0 -20.208 15.997
744 17.0 -6.106 -4.676
756 17.0 -6.174 -5.334
768 17.0 -6.265 -5.833
780 17.0 -6.537 -6.174
792 17.0 -6.855 -6.333
804 17.0 -7.218 -6.673
816 17.0 -7.218 -7.173
828 17.0 -7.309 -7.831
840 17.0 -7.216 -7.432
852 17.0 -7.142 -7.952
864 17.0 -7.104 -8.618
876 17.0 -6.791 -8.653
888 17.0 -6.914 -10.037
900 17.0 -6.788 -10.656
912 17.0 -6.825 -11.816
924 17.0 -6.652 -10.620
936 17.0 -7.003 -11.328
948 17.0 -7.462 -12.986
960 17.0 -6.892 -14.469
972 17.0 -7.509 -12.968
744 29.0 4.403 20.360
756 29.0 4.630 20.700
768 29.0 4.630 21.041
780 29.0 4.358 21.200
792 29.0 4.131 21.200
804 29.0 3.813 21.359
816 29.0 3.450 21.540
828 29.0 2.928 21.858
840 29.0 2.248 22.391
852 29.0 1.987 22.419
864 29.0 2.720 22.042
876 29.0 2.042 21.966
888 29.0 1.398 22.400
900 29.0 1.363 22.178
912 29.0 1.156 22.407
924 29.0 0.118 22.525
936 29.0 0.275 22.753
948 29.0 -0.250 23.244
960 29.0 -1.441 23.840
972 29.0 0.131 23.375
744 31.0 -10.713 -8.648
756 31.0 -10.623 -8.648
768 31.0 -10.486 -8.512
780 31.0 -10.305 -8.330
792 31.0 -10.078 -8.012
804 31.0 -9.715 -7.649
816 31.0 -9.352 -7.150
828 31.0 -9.034 -6.650
840 31.0 -9.065 -7.076
852 31.0 -8.799 -7.196
864 31.0 -8.287 -7.549
876 31.0 -7.896 -7.420
888 31.0 -8.107 -7.124
900 31.0 -7.841 -8.050
912 31.0 -8.631 -7.873
924 31.0 -8.592 -7.392
936 31.0 -8.091 -7.767
948 31.0 -8.431 -7.409
960 31.0 -8.251 -8.047
972 31.0 -7.508 -8.285
756 27.0 7.853 18.204
768 27.0 7.922 18.204
780 27.0 7.490 18.204
792 27.0 7.104 18.204
804 27.0 6.650 18.204
816 27.0 6.287 18.204
828 27.0 5.765 18.204
840 27.0 5.175 18.204
852 27.0 5.239 18.542
864 27.0 4.601 18.514
876 27.0 3.840 18.952
888 27.0 5.453 18.443
900 27.0 3.418 19.530
912 27.0 3.724 18.879
924 27.0 3.228 19.251
936 27.0 2.990 19.834
948 27.0 1.646 19.608
960 27.0 2.215 19.145
972 27.0 1.199 19.933
984 27.0 1.734 19.046
780 30.0 -9.215 -8.489
792 30.0 -9.056 -8.171
804 30.0 -8.988 -7.831
816 30.0 -8.829 -7.331
828 30.0 -8.602 -7.173
840 30.0 -8.307 -6.991
852 30.0 -8.012 -6.673
864 30.0 -7.717 -6.333
876 30.0 -8.050 -6.156
888 30.0 -8.136 -6.112
900 30.0 -8.329 -5.838
912 30.0 -8.064 -5.817
924 30.0 -8.159 -5.035
936 30.0 -8.381 -5.513
948 30.0 -8.140 -4.276
960 30.0 -8.126 -4.324
972 30.0 -8.169 -4.335
984 30.0 -8.090 -4.215
996 30.0 -7.274 -3.724
1008 30.0 -7.286 -3.844
