0 1.0 20.467 11.255
12 1.0 20.334 11.255
24 1.0 20.334 11.255
36 1.0 20.201 11.255
48 1.0 20.201 11.255
60 1.0 20.090 11.255
72 1.0 19.979 11.255
84 1.0 19.979 11.255
96 1.0 19.923 11.278
108 1.0 19.673 11.190
120 1.0 19.830 11.181
132 1.0 19.709 11.224
144 1.0 19.820 11.120
156 1.0 19.716 11.070
168 1.0 19.442 11.213
180 1.0 19.216 11.559
192 1.0 19.751 11.431
204 1.0 19.739 11.525
216 1.0 19.525 11.471
228 1.0 19.659 11.546
0 3.0 -25.906 13.519
12 3.0 -23.486 13.807
24 3.0 -21.310 14.429
36 3.0 -18.735 14.829
48 3.0 -16.538 15.517
60 3.0 -14.340 16.227
72 3.0 -12.120 17.337
84 3.0 -9.923 18.536
96 3.0 -21.067 13.652
108 3.0 -22.066 13.447
120 3.0 -22.338 14.789
132 3.0 -21.071 13.611
144 3.0 -20.475 13.879
156 3.0 -21.172 13.046
168 3.0 -20.919 13.631
180 3.0 -22.033 14.107
192 3.0 -20.290 12.394
204 3.0 -20.119 13.310
216 3.0 -20.754 13.173
228 3.0 -21.349 12.858
0 5.0 5.372 11.565
12 5.0 2.908 11.255
24 5.0 1.066 11.166
36 5.0 -0.755 11.033
48 5.0 -2.575 10.855
60 5.0 -4.440 10.744
72 5.0 -6.260 10.744
84 5.0 -8.080 10.633
96 5.0 -0.291 11.425
108 5.0 -1.443 12.138
120 5.0 -0.271 11.364
132 5.0 -2.995 11.987
144 5.0 -0.578 11.682
156 5.0 -0.808 11.425
168 5.0 0.235 11.632
180 5.0 -1.574 11.829
192 5.0 -0.080 10.861
204 5.0 -0.324 11.177
216 5.0 -2.904 11.798
228 5.0 -1.244 10.796
0 7.0 12.143 16.782
12 7.0 12.387 16.582
24 7.0 12.764 16.382
36 7.0 12.986 16.294
48 7.0 13.363 16.072
60 7.0 13.608 15.983
72 7.0 13.985 15.783
84 7.0 14.340 15.672
96 7.0 14.534 15.797
108 7.0 14.859 15.540
120 7.0 15.068 15.158
132 7.0 16.356 14.322
144 7.0 16.280 14.711
156 7.0 16.497 14.836
168 7.0 16.728 14.947
180 7.0 17.926 14.482
192 7.0 17.945 13.883
204 7.0 17.988 14.353
216 7.0 17.128 13.997
228 7.0 14.881 15.170
0 9.0 12.098 4.706
12 9.0 13.075 5.217
24 9.0 14.163 5.705
36 9.0 15.250 6.216
48 9.0 16.360 6.815
60 9.0 17.470 7.325
72 9.0 18.558 7.836
84 9.0 19.646 8.324
96 9.0 16.217 6.119
108 9.0 15.528 6.118
120 9.0 15.667 5.652
132 9.0 16.016 4.843
144 9.0 15.917 5.211
156 9.0 16.695 4.704
168 9.0 16.591 4.427
180 9.0 15.336 5.379
192 9.0 17.347 4.939
204 9.0 15.891 5.421
216 9.0 17.258 3.997
228 9.0 16.850 4.519
192 0.0 -30.478 13.608
204 0.0 -28.747 13.918
216 0.0 -27.060 14.207
228 0.0 -25.328 14.518
240 0.0 -23.508 14.829
252 0.0 -21.777 15.228
264 0.0 -19.823 15.428
276 0.0 -17.870 15.539
288 0.0 -26.099 14.186
300 0.0 -25.563 14.573
312 0.0 -24.951 13.539
324 0.0 -26.044 13.592
336 0.0 -23.936 12.589
348 0.0 -24.334 13.049
360 0.0 -26.534 14.254
372 0.0 -25.908 13.723
384 0.0 -26.318 13.525
396 0.0 -26.142 13.730
408 0.0 -26.647 13.422
420 0.0 -24.983 12.794
240 2.0 19.601 11.055
252 2.0 19.601 11.055
264 2.0 19.601 11.144
276 2.0 19.601 11.144
288 2.0 19.490 11.144
300 2.0 19.490 11.144
312 2.0 19.490 11.255
324 2.0 19.490 11.255
336 2.0 19.500 11.277
348 2.0 19.472 11.188
360 2.0 19.551 11.180
372 2.0 19.580 11.198
384 2.0 19.555 11.253
396 2.0 19.476 11.252
408 2.0 19.594 11.145
420 2.0 19.540 11.162
432 2.0 19.529 11.123
444 2.0 19.577 11.157
456 2.0 19.567 11.147
468 2.0 19.590 11.216
240 4.0 -6.435 21.047
252 4.0 -6.767 20.840
264 4.0 -7.099 20.633
276 4.0 -7.431 20.427
288 4.0 -7.763 20.220
300 4.0 -8.095 20.013
312 4.0 -8.427 19.806
324 4.0 -8.759 19.599
336 4.0 -8.478 20.404
348 4.0 -8.458 20.014
360 4.0 -7.972 20.852
372 4.0 -8.082 20.603
384 4.0 -7.908 20.282
396 4.0 -8.012 21.130
408 4.0 -7.347 21.090
420 4.0 -6.976 20.695
432 4.0 -7.297 20.458
444 4.0 -7.267 20.303
456 4.0 -7.443 20.454
468 4.0 -7.521 19.976
240 6.0 -29.259 8.520
252 6.0 -27.797 8.646
264 6.0 -26.335 8.772
276 6.0 -24.873 8.899
288 6.0 -23.410 9.025
300 6.0 -21.948 9.152
312 6.0 -20.486 9.278
324 6.0 -19.024 9.405
336 6.0 -23.158 7.499
348 6.0 -25.520 9.047
360 6.0 -24.038 8.247
372 6.0 -24.278 7.883
384 6.0 -23.717 7.548
396 6.0 -22.628 6.853
408 6.0 -23.067 6.452
420 6.0 -23.942 7.672
432 6.0 -23.265 6.741
444 6.0 -23.592 7.161
456 6.0 -21.314 5.902
468 6.0 -21.659 6.653
240 8.0 19.246 13.452
252 8.0 19.601 13.363
264 8.0 19.956 13.164
276 8.0 20.445 13.053
288 8.0 20.822 12.964
300 8.0 21.310 12.875
312 8.0 21.799 12.764
324 8.0 22.287 12.653
336 8.0 21.749 12.761
348 8.0 22.090 12.795
360 8.0 22.660 12.450
372 8.0 23.246 11.912
384 8.0 23.391 12.193
396 8.0 24.185 12.138
408 8.0 22.973 12.374
420 8.0 24.465 11.608
432 8.0 25.139 11.517
444 8.0 24.603 10.904
456 8.0 24.848 11.358
468 8.0 24.114 11.706
240 10.0 34.829 13.252
252 10.0 36.161 13.474
264 10.0 37.515 13.763
276 10.0 38.736 14.052
288 10.0 40.068 14.362
300 10.0 41.444 14.673
312 10.0 42.776 14.873
324 10.0 44.241 15.073
336 10.0 38.974 14.115
348 10.0 38.046 13.469
360 10.0 38.155 13.577
372 10.0 38.239 13.559
384 10.0 39.591 13.047
396 10.0 39.650 12.812
408 10.0 40.189 12.922
420 10.0 39.300 13.132
432 10.0 38.264 13.430
444 10.0 38.509 13.995
456 10.0 39.454 13.072
468 10.0 38.366 13.828
276 11.0 54.386 -21.310
288 11.0 53.720 -21.111
300 11.0 53.720 -20.711
312 11.0 53.720 -20.289
324 11.0 53.587 -19.801
336 11.0 53.587 -19.401
348 11.0 53.587 -18.980
360 11.0 53.587 -18.580
372 11.0 53.699 -18.815
384 11.0 53.867 -19.079
396 11.0 53.438 -18.031
408 11.0 53.286 -17.612
420 11.0 53.635 -17.594
432 11.0 53.257 -17.193
444 11.0 52.941 -16.447
456 11.0 52.606 -16.681
468 11.0 53.659 -17.165
480 11.0 53.327 -17.007
492 11.0 53.408 -16.100
504 11.0 53.343 -14.865
