0 0.0 -9.746 -14.063
12 0.0 -9.266 -13.845
24 0.0 -8.787 -13.562
36 0.0 -8.307 -13.365
48 0.0 -7.827 -13.060
60 0.0 -7.239 -12.755
72 0.0 -6.759 -12.581
84 0.0 -6.279 -12.275
96 0.0 -6.724 -13.672
108 0.0 -6.538 -13.041
120 0.0 -6.206 -13.726
132 0.0 -6.488 -13.552
144 0.0 -5.704 -13.719
156 0.0 -6.327 -13.517
168 0.0 -6.032 -13.278
180 0.0 -5.691 -13.712
192 0.0 -4.802 -14.206
204 0.0 -5.929 -13.472
216 0.0 -5.750 -13.595
228 0.0 -5.717 -14.202
0 1.0 -7.588 15.284
12 1.0 -7.217 15.415
24 1.0 -6.868 15.502
36 1.0 -6.388 15.698
48 1.0 -6.040 15.807
60 1.0 -5.560 15.982
72 1.0 -5.189 16.091
84 1.0 -4.819 16.200
96 1.0 -4.857 15.557
108 1.0 -4.918 15.530
120 1.0 -4.874 15.572
132 1.0 -5.601 15.231
144 1.0 -5.395 15.783
156 1.0 -5.553 15.363
168 1.0 -4.554 14.891
180 1.0 -4.273 15.236
192 1.0 -4.921 15.454
204 1.0 -4.886 15.853
216 1.0 -4.736 15.636
228 1.0 -4.357 15.053
0 3.0 28.148 19.558
12 3.0 28.148 19.558
24 3.0 28.148 19.558
36 3.0 28.148 19.558
48 3.0 28.148 19.558
60 3.0 28.148 19.558
72 3.0 28.148 19.558
84 3.0 28.148 19.558
96 3.0 28.090 19.593
108 3.0 28.068 19.518
120 3.0 28.082 19.573
132 3.0 28.104 19.620
144 3.0 28.144 19.544
156 3.0 28.165 19.541
168 3.0 28.127 19.569
180 3.0 28.132 19.556
192 3.0 28.068 19.542
204 3.0 28.138 19.583
216 3.0 28.158 19.613
228 3.0 28.117 19.605
0 5.0 27.123 20.735
12 5.0 27.123 20.735
24 5.0 27.123 20.735
36 5.0 27.123 20.735
48 5.0 27.123 20.735
60 5.0 27.123 20.735
72 5.0 27.123 20.735
84 5.0 27.123 20.735
96 5.0 27.123 20.666
108 5.0 27.068 20.714
120 5.0 27.133 20.664
132 5.0 27.115 20.638
144 5.0 27.153 20.780
156 5.0 27.189 20.673
168 5.0 27.219 20.719
180 5.0 27.214 20.702
192 5.0 27.176 20.729
204 5.0 27.183 20.726
216 5.0 27.256 20.800
228 5.0 27.347 20.740
0 7.0 27.254 21.629
12 7.0 27.254 21.629
24 7.0 27.254 21.629
36 7.0 27.254 21.629
48 7.0 27.254 21.629
60 7.0 27.254 21.629
72 7.0 27.254 21.629
84 7.0 27.254 21.629
96 7.0 27.273 21.618
108 7.0 27.299 21.638
120 7.0 27.322 21.646
132 7.0 27.372 21.612
144 7.0 27.359 21.629
156 7.0 27.307 21.601
168 7.0 27.366 21.519
180 7.0 27.287 21.517
192 7.0 27.212 21.557
204 7.0 27.197 21.610
216 7.0 27.239 21.597
228 7.0 27.225 21.585
0 9.0 11.338 21.367
12 9.0 11.817 21.476
24 9.0 12.406 21.585
36 9.0 12.908 21.673
48 9.0 13.475 21.782
60 9.0 14.085 21.869
72 9.0 14.565 21.978
84 9.0 15.175 22.065
96 9.0 14.031 21.478
108 9.0 13.275 22.614
120 9.0 14.607 21.515
132 9.0 14.378 21.573
144 9.0 14.851 21.636
156 9.0 15.029 21.930
168 9.0 15.129 21.415
180 9.0 14.256 21.777
192 9.0 15.218 21.351
204 9.0 15.289 21.781
216 9.0 15.920 21.179
228 9.0 16.885 20.550
240 2.0 0.589 17.857
252 2.0 0.938 18.075
264 2.0 1.417 18.162
276 2.0 1.766 18.249
288 2.0 2.137 18.380
300 2.0 2.507 18.555
312 2.0 2.856 18.664
324 2.0 3.205 18.860
336 2.0 2.489 18.235
348 2.0 3.728 17.372
360 2.0 4.001 18.295
372 2.0 3.751 18.245
384 2.0 4.212 17.768
396 2.0 3.660 18.248
408 2.0 4.064 17.848
420 2.0 4.585 17.378
432 2.0 4.797 17.235
444 2.0 4.998 17.243
456 2.0 5.503 17.127
468 2.0 6.081 16.854
240 4.0 28.148 19.558
252 4.0 28.148 19.558
264 4.0 28.148 19.558
276 4.0 28.148 19.558
288 4.0 28.148 19.558
300 4.0 28.148 19.558
312 4.0 28.148 19.558
324 4.0 28.148 19.558
336 4.0 28.174 19.567
348 4.0 28.106 19.607
360 4.0 28.088 19.586
372 4.0 28.094 19.590
384 4.0 28.088 19.682
396 4.0 28.084 19.536
408 4.0 28.111 19.545
420 4.0 28.060 19.598
432 4.0 28.042 19.652
444 4.0 27.908 19.668
456 4.0 27.930 19.665
468 4.0 28.001 19.738
240 6.0 27.123 20.735
252 6.0 27.123 20.735
264 6.0 27.123 20.735
276 6.0 27.123 20.735
288 6.0 27.123 20.735
300 6.0 27.123 20.735
312 6.0 27.123 20.735
324 6.0 27.123 20.735
336 6.0 27.027 20.733
348 6.0 27.029 20.694
360 6.0 27.040 20.683
372 6.0 27.074 20.722
384 6.0 27.053 20.693
396 6.0 27.089 20.666
408 6.0 27.030 20.751
420 6.0 27.058 20.717
432 6.0 27.005 20.718
444 6.0 27.047 20.740
456 6.0 27.109 20.690
468 6.0 27.072 20.706
240 8.0 27.254 21.629
252 8.0 27.254 21.629
264 8.0 27.254 21.629
276 8.0 27.254 21.629
288 8.0 27.254 21.629
300 8.0 27.254 21.629
312 8.0 27.254 21.629
324 8.0 27.254 21.629
336 8.0 27.287 21.546
348 8.0 27.300 21.569
360 8.0 27.333 21.561
372 8.0 27.375 21.456
384 8.0 27.262 21.513
396 8.0 27.287 21.530
408 8.0 27.233 21.588
420 8.0 27.276 21.582
432 8.0 27.248 21.522
444 8.0 27.171 21.589
456 8.0 27.158 21.651
468 8.0 27.178 21.663
