0 1.0 10.292 13.907
12 1.0 10.803 14.014
24 1.0 11.398 14.205
36 1.0 11.994 14.396
48 1.0 12.568 14.545
60 1.0 13.163 14.715
72 1.0 13.737 14.864
84 1.0 14.333 15.077
96 1.0 13.350 14.784
108 1.0 13.470 14.285
120 1.0 14.033 14.784
132 1.0 14.543 14.541
144 1.0 14.948 14.564
156 1.0 15.284 13.567
168 1.0 14.283 13.874
180 1.0 15.794 13.074
192 1.0 15.422 13.909
204 1.0 14.371 13.775
216 1.0 15.819 13.718
228 1.0 14.297 13.639
0 3.0 35.938 22.201
12 3.0 35.470 22.094
24 3.0 35.002 22.009
36 3.0 34.535 21.924
48 3.0 34.194 21.797
60 3.0 33.726 21.712
72 3.0 33.259 21.627
84 3.0 32.833 21.542
96 3.0 32.656 21.611
108 3.0 32.826 21.711
120 3.0 31.134 22.009
132 3.0 33.487 20.891
144 3.0 32.068 21.220
156 3.0 31.944 21.934
168 3.0 32.270 21.112
180 3.0 31.225 21.543
192 3.0 30.196 22.372
204 3.0 30.822 21.899
216 3.0 31.900 21.802
228 3.0 28.842 23.323
0 5.0 32.663 15.119
12 5.0 32.195 14.630
24 5.0 31.728 14.248
36 5.0 31.260 13.865
48 5.0 30.898 13.461
60 5.0 30.430 13.078
72 5.0 29.963 12.695
84 5.0 29.601 12.227
96 5.0 30.082 12.877
108 5.0 29.374 12.674
120 5.0 30.102 12.359
132 5.0 29.381 12.928
144 5.0 29.371 12.401
156 5.0 27.973 13.688
168 5.0 28.357 12.493
180 5.0 28.568 13.117
192 5.0 27.981 13.783
204 5.0 27.627 13.698
216 5.0 28.001 13.198
228 5.0 27.135 13.524
0 7.0 41.680 13.673
12 7.0 40.978 13.269
24 7.0 40.276 12.887
36 7.0 39.681 12.610
48 7.0 38.979 12.227
60 7.0 38.341 11.930
72 7.0 37.682 11.547
84 7.0 37.044 11.271
96 7.0 37.110 12.778
108 7.0 37.427 12.676
120 7.0 35.609 13.098
132 7.0 38.308 11.765
144 7.0 35.577 13.537
156 7.0 34.969 12.969
168 7.0 35.881 12.560
180 7.0 36.585 13.204
192 7.0 34.224 14.200
204 7.0 36.678 13.373
216 7.0 32.424 14.976
228 7.0 35.415 13.975
0 9.0 10.866 -16.693
12 9.0 11.334 -16.587
24 9.0 11.930 -16.502
36 9.0 12.504 -16.417
48 9.0 13.099 -16.310
60 9.0 13.673 -16.119
72 9.0 14.141 -16.034
84 9.0 14.737 -15.928
96 9.0 14.140 -16.451
108 9.0 13.567 -16.160
120 9.0 13.532 -16.000
132 9.0 13.568 -16.150
144 9.0 14.232 -16.048
156 9.0 14.148 -16.372
168 9.0 14.494 -16.765
180 9.0 14.244 -17.007
192 9.0 14.228 -16.977
204 9.0 14.785 -16.844
216 9.0 15.094 -17.504
228 9.0 14.677 -17.173
0 11.0 -25.731 13.907
12 11.0 -25.263 13.716
24 11.0 -24.753 13.610
36 11.0 -24.285 13.525
48 11.0 -23.753 13.440
60 11.0 -23.221 13.291
72 11.0 -22.690 13.184
84 11.0 -22.222 13.078
96 11.0 -23.353 13.660
108 11.0 -23.100 13.336
120 11.0 -21.859 12.733
132 11.0 -21.231 12.577
144 11.0 -20.820 12.163
156 11.0 -21.933 12.863
168 11.0 -19.858 11.859
180 11.0 -19.269 11.590
192 11.0 -19.587 11.506
204 11.0 -20.595 11.874
216 11.0 -19.076 11.205
228 11.0 -17.833 10.936
0 13.0 -26.092 5.338
12 13.0 -25.965 5.146
24 13.0 -25.731 4.934
36 13.0 -25.497 4.763
48 13.0 -25.263 4.551
60 13.0 -25.029 4.466
72 13.0 -24.923 4.551
84 13.0 -24.689 4.657
96 13.0 -24.221 4.371
108 13.0 -24.323 4.103
120 13.0 -23.594 4.024
132 13.0 -23.644 4.097
144 13.0 -23.855 3.714
156 13.0 -23.103 3.863
168 13.0 -22.965 3.574
180 13.0 -22.792 3.725
192 13.0 -22.424 3.200
204 13.0 -22.249 3.249
216 13.0 -22.243 3.285
228 13.0 -20.815 2.948
0 15.0 -20.797 11.079
12 15.0 -20.585 11.079
24 15.0 -20.329 11.164
36 15.0 -20.117 11.249
48 15.0 -19.862 11.356
60 15.0 -19.649 11.462
72 15.0 -19.394 11.547
84 15.0 -19.181 11.632
96 15.0 -19.753 11.879
108 15.0 -19.882 11.923
120 15.0 -19.559 11.709
132 15.0 -19.438 11.741
144 15.0 -19.296 11.703
156 15.0 -19.114 11.709
168 15.0 -19.220 11.684
180 15.0 -19.377 11.678
192 15.0 -18.451 11.637
204 15.0 -18.201 11.340
216 15.0 -18.535 11.403
228 15.0 -18.009 11.116
0 17.0 -23.115 -1.744
12 17.0 -23.200 -1.744
24 17.0 -23.200 -1.744
36 17.0 -23.200 -1.744
48 17.0 -23.200 -1.744
60 17.0 -23.200 -1.744
72 17.0 -23.200 -1.744
84 17.0 -23.200 -1.744
96 17.0 -23.313 -1.829
108 17.0 -23.255 -1.776
120 17.0 -23.220 -1.803
132 17.0 -23.201 -1.821
144 17.0 -23.217 -1.790
156 17.0 -23.180 -1.812
168 17.0 -23.172 -1.773
180 17.0 -23.183 -1.813
192 17.0 -23.115 -1.821
204 17.0 -23.071 -1.826
216 17.0 -23.057 -1.770
228 17.0 -23.043 -1.728
0 19.0 -7.507 -22.711
12 19.0 -7.166 -22.626
24 19.0 -6.699 -22.541
36 19.0 -6.231 -22.435
48 19.0 -5.827 -22.286
60 19.0 -5.359 -22.137
72 19.0 -4.955 -22.052
84 19.0 -4.529 -21.903
96 19.0 -5.242 -22.045
108 19.0 -4.573 -22.360
120 19.0 -4.524 -22.285
132 19.0 -4.549 -21.974
144 19.0 -3.387 -22.714
156 19.0 -3.575 -22.609
168 19.0 -2.644 -23.284
180 19.0 -3.058 -23.145
192 19.0 -2.453 -22.945
204 19.0 -2.659 -24.313
216 19.0 -3.136 -23.469
228 19.0 -2.288 -25.090
240 2.0 21.116 17.055
252 2.0 21.712 17.225
264 2.0 22.286 17.437
276 2.0 22.881 17.522
288 2.0 23.583 17.714
300 2.0 24.051 18.012
312 2.0 24.625 18.203
324 2.0 25.093 18.501
336 2.0 24.707 17.483
348 2.0 24.638 17.443
360 2.0 24.726 17.006
372 2.0 24.605 17.329
384 2.0 25.155 16.669
396 2.0 25.590 16.706
408 2.0 25.909 16.594
420 2.0 26.876 16.417
432 2.0 24.895 16.812
444 2.0 27.463 15.639
456 2.0 27.501 15.321
468 2.0 26.763 16.748
240 4.0 26.858 20.648
252 4.0 26.390 20.648
264 4.0 25.795 20.563
276 4.0 25.327 20.563
288 4.0 24.859 20.478
300 4.0 24.391 20.478
312 4.0 23.817 20.351
324 4.0 23.349 20.266
336 4.0 24.219 20.206
348 4.0 23.702 20.416
360 4.0 24.059 20.262
372 4.0 24.483 19.809
384 4.0 24.421 19.708
396 4.0 24.001 19.984
408 4.0 24.468 20.094
420 4.0 24.966 19.470
432 4.0 23.932 19.561
444 4.0 23.496 19.865
456 4.0 23.693 20.153
468 4.0 22.696 20.908
240 6.0 23.859 7.400
252 6.0 23.392 7.017
264 6.0 22.924 6.741
276 6.0 22.456 6.358
288 6.0 21.988 6.061
300 6.0 21.520 5.678
312 6.0 21.052 5.295
324 6.0 20.585 4.997
336 6.0 20.968 6.252
348 6.0 20.992 6.794
360 6.0 21.511 5.427
372 6.0 21.030 5.300
384 6.0 21.869 5.026
396 6.0 20.671 5.271
408 6.0 20.617 5.444
420 6.0 20.999 4.869
432 6.0 20.794 4.900
444 6.0 19.461 4.896
456 6.0 21.443 4.285
468 6.0 20.078 3.284
240 8.0 29.197 6.146
252 8.0 28.623 5.763
264 8.0 28.027 5.274
276 8.0 27.453 4.891
288 8.0 26.858 4.508
300 8.0 26.156 4.125
312 8.0 25.582 3.658
324 8.0 24.986 3.254
336 8.0 25.272 4.386
348 8.0 27.170 3.067
360 8.0 26.217 3.732
372 8.0 26.313 3.285
384 8.0 25.405 3.063
396 8.0 22.137 3.601
408 8.0 22.788 5.223
420 8.0 24.059 2.761
432 8.0 23.353 4.628
444 8.0 24.320 3.088
456 8.0 23.191 4.514
468 8.0 23.593 4.795
240 10.0 21.542 -14.758
252 10.0 22.116 -14.673
264 10.0 22.584 -14.588
276 10.0 23.051 -14.588
288 10.0 23.519 -14.482
300 10.0 24.093 -14.375
312 10.0 24.561 -14.375
324 10.0 25.050 -14.290
336 10.0 24.926 -14.570
348 10.0 25.550 -14.997
360 10.0 25.940 -15.155
372 10.0 26.267 -15.542
384 10.0 26.969 -15.341
396 10.0 28.081 -16.506
408 10.0 27.765 -16.302
420 10.0 26.791 -15.792
432 10.0 27.828 -15.863
444 10.0 25.174 -15.665
456 10.0 24.386 -14.435
468 10.0 28.691 -17.447
240 12.0 -19.543 14.248
252 12.0 -19.415 14.248
264 12.0 -19.075 14.354
276 12.0 -18.820 14.354
288 12.0 -18.479 14.439
300 12.0 -18.224 14.439
312 12.0 -17.884 14.524
324 12.0 -17.671 14.524
336 12.0 -17.841 14.751
348 12.0 -18.078 14.335
360 12.0 -18.075 14.482
372 12.0 -17.584 14.388
384 12.0 -16.961 14.017
396 12.0 -17.206 14.313
408 12.0 -17.737 14.017
420 12.0 -17.039 13.895
432 12.0 -17.572 13.841
444 12.0 -16.418 13.720
456 12.0 -15.660 13.581
468 12.0 -15.886 14.100
240 14.0 -21.520 6.592
252 14.0 -21.159 6.677
264 14.0 -20.819 6.869
276 14.0 -20.457 6.975
288 14.0 -20.117 7.166
300 14.0 -19.755 7.251
312 14.0 -19.415 7.443
324 14.0 -19.054 7.655
336 14.0 -19.348 7.051
348 14.0 -19.586 7.177
360 14.0 -19.406 7.167
372 14.0 -19.187 7.045
384 14.0 -18.451 7.404
396 14.0 -18.493 6.816
408 14.0 -18.412 6.675
420 14.0 -17.790 6.814
432 14.0 -17.746 6.738
444 14.0 -17.753 6.472
456 14.0 -17.077 6.553
468 14.0 -16.353 6.073
240 16.0 -15.906 12.695
252 16.0 -15.524 12.695
264 16.0 -15.311 12.695
276 16.0 -15.056 12.695
288 16.0 -14.843 12.802
300 16.0 -14.503 12.802
312 16.0 -14.248 12.802
324 16.0 -14.035 12.802
336 16.0 -13.980 12.925
348 16.0 -14.161 12.637
360 16.0 -13.562 12.759
372 16.0 -13.802 12.653
384 16.0 -13.368 12.893
396 16.0 -12.833 12.721
408 16.0 -13.257 12.568
420 16.0 -12.529 12.445
432 16.0 -13.876 13.255
444 16.0 -13.281 12.594
456 16.0 -12.536 12.686
468 16.0 -12.164 12.337
240 18.0 -23.392 -1.616
252 18.0 -23.392 -1.616
264 18.0 -23.392 -1.616
276 18.0 -23.392 -1.510
288 18.0 -23.392 -1.510
300 18.0 -23.392 -1.510
312 18.0 -23.392 -1.510
324 18.0 -23.392 -1.510
336 18.0 -23.451 -1.432
348 18.0 -23.361 -1.406
360 18.0 -23.379 -1.326
372 18.0 -23.399 -1.435
384 18.0 -23.341 -1.524
396 18.0 -23.367 -1.488
408 18.0 -23.423 -1.492
420 18.0 -23.454 -1.503
432 18.0 -23.431 -1.451
444 18.0 -23.463 -1.376
456 18.0 -23.503 -1.357
468 18.0 -23.540 -1.417
240 20.0 0.510 -20.457
252 20.0 0.851 -20.351
264 20.0 1.212 -20.181
276 20.0 1.552 -19.968
288 20.0 1.914 -19.777
300 20.0 2.148 -19.585
312 20.0 2.488 -19.394
324 20.0 2.850 -19.287
336 20.0 2.469 -19.851
348 20.0 2.503 -19.859
360 20.0 2.444 -19.427
372 20.0 2.010 -19.709
384 20.0 2.481 -20.156
396 20.0 2.582 -20.162
408 20.0 2.965 -20.330
420 20.0 3.074 -19.904
432 20.0 2.977 -20.054
444 20.0 3.241 -20.248
456 20.0 3.296 -20.289
468 20.0 3.319 -19.038
