0 3.0 40.391 7.389
12 3.0 40.391 7.389
24 3.0 40.391 7.389
36 3.0 40.391 7.389
48 3.0 40.391 7.389
60 3.0 40.391 7.389
72 3.0 40.391 7.389
84 3.0 40.391 7.498
96 3.0 40.400 7.488
108 3.0 40.377 7.482
120 3.0 40.314 7.501
132 3.0 40.382 7.432
144 3.0 40.416 7.400
156 3.0 40.484 7.469
168 3.0 40.474 7.483
180 3.0 40.461 7.452
192 3.0 40.583 7.345
204 3.0 40.617 7.345
216 3.0 40.722 7.392
228 3.0 40.750 7.421
0 5.0 40.500 5.526
12 5.0 40.500 5.526
24 5.0 40.500 5.526
36 5.0 40.500 5.526
48 5.0 40.500 5.526
60 5.0 40.500 5.526
72 5.0 40.500 5.526
84 5.0 40.500 5.526
96 5.0 40.686 5.542
108 5.0 40.572 5.492
120 5.0 40.504 5.510
132 5.0 40.560 5.516
144 5.0 40.524 5.503
156 5.0 40.529 5.592
168 5.0 40.560 5.540
180 5.0 40.436 5.620
192 5.0 40.428 5.622
204 5.0 40.464 5.661
216 5.0 40.503 5.657
228 5.0 40.441 5.658
0 7.0 45.028 7.541
12 7.0 45.028 7.541
24 7.0 45.028 7.541
36 7.0 45.028 7.541
48 7.0 45.028 7.541
60 7.0 45.028 7.541
72 7.0 45.028 7.541
84 7.0 45.028 7.541
96 7.0 45.073 7.548
108 7.0 45.048 7.509
120 7.0 44.994 7.535
132 7.0 45.061 7.567
144 7.0 45.077 7.532
156 7.0 45.125 7.577
168 7.0 45.077 7.677
180 7.0 45.074 7.661
192 7.0 45.018 7.591
204 7.0 45.026 7.564
216 7.0 44.983 7.597
228 7.0 44.968 7.526
0 9.0 44.552 6.869
12 9.0 44.552 6.869
24 9.0 44.552 6.869
36 9.0 44.552 6.869
48 9.0 44.552 6.869
60 9.0 44.552 6.869
72 9.0 44.552 6.869
84 9.0 44.552 6.869
96 9.0 44.551 6.913
108 9.0 44.535 6.912
120 9.0 44.582 6.908
132 9.0 44.638 6.825
144 9.0 44.597 6.825
156 9.0 44.627 6.820
168 9.0 44.627 6.837
180 9.0 44.643 6.953
192 9.0 44.628 7.036
204 9.0 44.598 7.013
216 9.0 44.651 7.039
228 9.0 44.636 7.051
0 11.0 47.889 6.414
12 11.0 47.889 6.414
24 11.0 47.889 6.414
36 11.0 47.889 6.414
48 11.0 47.889 6.414
60 11.0 47.889 6.414
72 11.0 47.889 6.414
84 11.0 47.889 6.414
96 11.0 47.905 6.409
108 11.0 47.975 6.430
120 11.0 47.990 6.328
132 11.0 47.916 6.339
144 11.0 47.892 6.424
156 11.0 47.903 6.360
168 11.0 47.959 6.311
180 11.0 47.915 6.281
192 11.0 47.882 6.283
204 11.0 47.875 6.400
216 11.0 47.949 6.377
228 11.0 47.996 6.386
0 13.0 52.483 3.922
12 13.0 52.483 3.922
24 13.0 52.483 3.922
36 13.0 52.483 3.922
48 13.0 52.483 3.922
60 13.0 52.483 3.922
72 13.0 52.483 3.922
84 13.0 52.483 3.922
96 13.0 52.446 3.947
108 13.0 52.464 3.927
120 13.0 52.482 3.991
132 13.0 52.508 4.008
144 13.0 52.619 4.062
156 13.0 52.638 4.102
168 13.0 52.627 4.039
180 13.0 52.648 3.898
192 13.0 52.555 4.003
204 13.0 52.596 4.023
216 13.0 52.608 3.976
228 13.0 52.498 3.985
0 15.0 51.182 6.111
12 15.0 51.182 6.024
24 15.0 51.182 6.024
36 15.0 51.182 5.916
48 15.0 51.312 5.916
60 15.0 51.312 5.829
72 15.0 51.312 5.829
84 15.0 51.312 5.829
96 15.0 51.306 5.896
108 15.0 51.197 5.858
120 15.0 51.307 5.872
132 15.0 51.221 5.884
144 15.0 51.273 5.968
156 15.0 51.164 5.965
168 15.0 51.173 5.972
180 15.0 51.084 5.994
192 15.0 51.080 6.062
204 15.0 51.064 5.977
216 15.0 51.038 6.004
228 15.0 51.055 5.935
0 17.0 50.467 5.396
12 17.0 50.706 5.179
24 17.0 51.052 4.984
36 17.0 51.312 4.897
48 17.0 51.529 4.897
60 17.0 51.659 4.897
72 17.0 51.789 4.897
84 17.0 52.006 4.897
96 17.0 53.066 4.089
108 17.0 52.805 4.531
120 17.0 52.785 4.260
132 17.0 53.053 4.192
144 17.0 52.700 4.356
156 17.0 52.864 3.928
168 17.0 52.990 3.496
180 17.0 53.004 3.790
192 17.0 54.307 2.617
204 17.0 53.831 3.371
216 17.0 54.732 3.070
228 17.0 54.590 3.053
0 19.0 46.632 9.253
12 19.0 46.415 9.751
24 19.0 46.155 10.249
36 19.0 45.938 10.726
48 19.0 45.808 11.225
60 19.0 45.678 11.723
72 19.0 45.570 12.200
84 19.0 45.570 12.698
96 19.0 45.432 12.547
108 19.0 46.096 13.303
120 19.0 45.447 12.813
132 19.0 44.963 13.271
144 19.0 44.896 15.029
156 19.0 45.458 14.233
168 19.0 44.543 15.179
180 19.0 43.784 15.405
192 19.0 43.943 15.505
204 19.0 44.200 15.870
216 19.0 44.285 15.822
228 19.0 44.584 14.279
0 21.0 46.762 12.806
12 21.0 46.762 12.698
24 21.0 46.762 12.698
36 21.0 46.762 12.698
48 21.0 46.762 12.698
60 21.0 46.762 12.611
72 21.0 46.762 12.611
84 21.0 46.762 12.611
96 21.0 46.819 12.595
108 21.0 46.951 12.635
120 21.0 46.914 12.583
132 21.0 46.856 12.760
144 21.0 46.782 12.687
156 21.0 46.873 12.729
168 21.0 46.871 12.662
180 21.0 46.807 12.686
192 21.0 46.786 12.736
204 21.0 46.777 12.769
216 21.0 46.775 12.775
228 21.0 46.771 12.777
0 23.0 47.130 11.615
12 23.0 47.130 11.615
24 23.0 47.130 11.615
36 23.0 47.130 11.615
48 23.0 47.130 11.615
60 23.0 47.130 11.615
72 23.0 47.130 11.615
84 23.0 47.130 11.615
96 23.0 47.140 11.646
108 23.0 47.131 11.655
120 23.0 47.232 11.571
132 23.0 47.228 11.651
144 23.0 47.262 11.718
156 23.0 47.310 11.733
168 23.0 47.319 11.756
180 23.0 47.242 11.687
192 23.0 47.200 11.710
204 23.0 47.112 11.632
216 23.0 47.189 11.655
228 23.0 47.152 11.772
0 25.0 52.006 9.209
12 25.0 52.266 9.318
24 25.0 52.613 9.404
36 25.0 52.959 9.513
48 25.0 52.962 9.515
60 25.0 52.965 9.517
72 25.0 52.968 9.521
84 25.0 52.972 9.523
96 25.0 52.939 9.831
108 25.0 53.060 9.674
120 25.0 53.621 9.305
132 25.0 53.720 9.361
144 25.0 53.759 9.651
156 25.0 54.320 9.248
168 25.0 54.452 8.993
180 25.0 54.594 9.028
192 25.0 54.208 9.645
204 25.0 54.734 9.102
216 25.0 54.421 9.130
228 25.0 55.483 9.123
0 27.0 53.393 -1.950
12 27.0 53.393 -1.950
24 27.0 53.393 -1.950
36 27.0 53.393 -1.820
48 27.0 53.393 -1.820
60 27.0 53.436 -1.734
72 27.0 53.436 -1.734
84 27.0 53.501 -1.647
96 27.0 53.588 -1.696
108 27.0 53.594 -1.666
120 27.0 53.633 -1.647
132 27.0 53.477 -1.528
144 27.0 53.548 -1.284
156 27.0 53.820 -1.254
168 27.0 54.018 -1.087
180 27.0 54.011 -1.196
192 27.0 53.989 -1.220
204 27.0 54.006 -1.110
216 27.0 53.620 -1.346
228 27.0 53.939 -1.237
0 29.0 11.961 -22.124
12 29.0 12.221 -22.319
24 29.0 12.438 -22.471
36 29.0 12.698 -22.601
48 29.0 13.045 -22.774
60 29.0 13.305 -22.904
72 29.0 13.522 -23.056
84 29.0 13.653 -23.099
96 29.0 13.532 -23.339
108 29.0 14.373 -23.518
120 29.0 14.766 -23.716
132 29.0 15.075 -23.896
144 29.0 14.969 -23.847
156 29.0 16.010 -24.713
168 29.0 15.662 -24.356
180 29.0 16.773 -24.999
192 29.0 16.737 -24.797
204 29.0 16.981 -25.083
216 29.0 15.889 -24.351
228 29.0 18.087 -25.590
60 1.0 -13.391 -22.601
72 1.0 -11.355 -21.431
84 1.0 -9.318 -20.261
96 1.0 -7.302 -18.982
108 1.0 -5.287 -17.790
120 1.0 -3.380 -16.230
132 1.0 -1.560 -14.562
144 1.0 0.347 -12.980
156 1.0 -9.956 -20.362
168 1.0 -9.421 -20.649
180 1.0 -8.732 -21.229
192 1.0 -10.509 -19.841
204 1.0 -9.561 -21.394
216 1.0 -8.394 -22.141
228 1.0 -9.878 -21.925
240 1.0 -9.252 -21.790
252 1.0 -8.382 -21.724
264 1.0 -9.835 -22.019
276 1.0 -7.835 -22.651
288 1.0 -8.536 -22.536
240 4.0 40.391 7.693
252 4.0 40.391 7.693
264 4.0 40.391 7.693
276 4.0 40.391 7.693
288 4.0 40.391 7.693
300 4.0 40.391 7.693
312 4.0 40.391 7.693
324 4.0 40.391 7.693
336 4.0 40.396 7.698
348 4.0 40.354 7.732
360 4.0 40.353 7.739
372 4.0 40.363 7.732
384 4.0 40.398 7.742
396 4.0 40.499 7.822
408 4.0 40.502 7.825
420 4.0 40.435 7.747
432 4.0 40.336 7.804
444 4.0 40.381 7.786
456 4.0 40.322 7.905
468 4.0 40.298 7.964
240 6.0 40.500 5.526
252 6.0 40.500 5.526
264 6.0 40.500 5.526
276 6.0 40.500 5.526
288 6.0 40.500 5.526
300 6.0 40.500 5.526
312 6.0 40.500 5.526
324 6.0 40.500 5.526
336 6.0 40.503 5.547
348 6.0 40.537 5.551
360 6.0 40.524 5.597
372 6.0 40.484 5.571
384 6.0 40.493 5.472
396 6.0 40.541 5.461
408 6.0 40.640 5.442
420 6.0 40.548 5.387
432 6.0 40.524 5.464
444 6.0 40.517 5.526
456 6.0 40.514 5.529
468 6.0 40.560 5.538
240 8.0 45.028 7.541
252 8.0 45.028 7.541
264 8.0 45.028 7.541
276 8.0 45.028 7.541
288 8.0 45.028 7.541
300 8.0 45.028 7.541
312 8.0 45.028 7.541
324 8.0 45.028 7.541
336 8.0 44.958 7.590
348 8.0 45.009 7.587
360 8.0 45.013 7.617
372 8.0 45.073 7.592
384 8.0 45.050 7.557
396 8.0 44.996 7.600
408 8.0 44.998 7.702
420 8.0 45.024 7.662
432 8.0 45.054 7.675
444 8.0 44.967 7.791
456 8.0 44.996 7.878
468 8.0 44.901 7.665
240 10.0 44.552 6.869
252 10.0 44.552 6.869
264 10.0 44.552 6.869
276 10.0 44.552 6.869
288 10.0 44.552 6.869
300 10.0 44.552 6.869
312 10.0 44.552 6.869
324 10.0 44.552 6.869
336 10.0 44.526 6.871
348 10.0 44.561 6.915
360 10.0 44.664 6.975
372 10.0 44.620 6.867
384 10.0 44.642 6.890
396 10.0 44.661 6.900
408 10.0 44.618 6.959
420 10.0 44.668 6.919
432 10.0 44.737 7.000
444 10.0 44.702 6.899
456 10.0 44.668 7.044
468 10.0 44.663 6.990
240 12.0 47.889 6.414
252 12.0 47.889 6.414
264 12.0 47.889 6.414
276 12.0 47.889 6.414
288 12.0 47.889 6.414
300 12.0 47.889 6.414
312 12.0 47.889 6.414
324 12.0 47.889 6.414
336 12.0 47.868 6.421
348 12.0 47.883 6.425
360 12.0 47.932 6.466
372 12.0 48.035 6.368
384 12.0 48.007 6.441
396 12.0 47.992 6.412
408 12.0 47.985 6.411
420 12.0 47.913 6.409
432 12.0 47.923 6.493
444 12.0 47.956 6.517
456 12.0 47.912 6.402
468 12.0 47.891 6.391
240 14.0 52.483 3.922
252 14.0 52.483 3.922
264 14.0 52.483 3.922
276 14.0 52.483 3.922
288 14.0 52.483 3.922
300 14.0 52.483 3.922
312 14.0 52.483 3.922
324 14.0 52.483 3.922
336 14.0 52.472 3.895
348 14.0 52.414 3.879
360 14.0 52.446 3.879
372 14.0 52.401 3.862
384 14.0 52.406 3.849
396 14.0 52.501 3.897
408 14.0 52.536 3.823
420 14.0 52.445 3.903
432 14.0 52.447 3.855
444 14.0 52.397 3.891
456 14.0 52.431 3.890
468 14.0 52.466 3.850
240 16.0 51.659 5.526
252 16.0 51.659 5.526
264 16.0 51.659 5.526
276 16.0 51.659 5.526
288 16.0 51.659 5.526
300 16.0 51.659 5.526
312 16.0 51.659 5.526
324 16.0 51.659 5.526
336 16.0 51.750 5.433
348 16.0 51.629 5.411
360 16.0 51.640 5.423
372 16.0 51.701 5.392
384 16.0 51.725 5.417
396 16.0 51.591 5.392
408 16.0 51.559 5.477
420 16.0 51.521 5.427
432 16.0 51.511 5.389
444 16.0 51.521 5.384
456 16.0 51.474 5.392
468 16.0 51.462 5.365
240 18.0 53.089 5.396
252 18.0 53.089 5.396
264 18.0 52.959 5.396
276 18.0 52.851 5.396
288 18.0 52.851 5.287
300 18.0 52.743 5.287
312 18.0 52.613 5.287
324 18.0 52.483 5.287
336 18.0 52.645 5.303
348 18.0 52.461 5.351
360 18.0 52.350 5.326
372 18.0 52.377 5.546
384 18.0 52.336 5.557
396 18.0 52.289 5.621
408 18.0 52.447 5.634
420 18.0 52.591 5.533
432 18.0 52.711 5.754
444 18.0 52.416 5.791
456 18.0 52.524 5.759
468 18.0 52.630 5.811
240 20.0 46.153 18.568
252 20.0 46.132 18.283
264 20.0 46.111 17.998
276 20.0 46.090 17.713
288 20.0 46.068 17.428
300 20.0 46.047 17.142
312 20.0 46.026 16.857
324 20.0 46.004 16.572
336 20.0 46.107 16.343
348 20.0 46.067 15.554
360 20.0 46.197 15.413
372 20.0 46.264 15.024
384 20.0 46.115 15.072
396 20.0 46.132 14.388
408 20.0 46.140 13.885
420 20.0 45.894 13.226
432 20.0 46.101 12.457
444 20.0 45.644 11.337
456 20.0 45.805 11.007
468 20.0 46.133 11.460
240 22.0 46.892 12.308
252 22.0 46.892 12.308
264 22.0 46.892 12.308
276 22.0 46.892 12.200
288 22.0 46.892 12.200
300 22.0 46.892 12.200
312 22.0 46.892 12.200
324 22.0 46.892 12.200
336 22.0 46.856 12.237
348 22.0 46.800 12.249
360 22.0 46.706 12.237
372 22.0 46.713 12.311
384 22.0 46.763 12.256
396 22.0 46.786 12.236
408 22.0 46.773 12.255
420 22.0 46.727 12.295
432 22.0 46.704 12.301
444 22.0 46.752 12.372
456 22.0 46.751 12.282
468 22.0 46.679 12.345
240 24.0 47.130 11.615
252 24.0 47.130 11.615
264 24.0 47.130 11.615
276 24.0 47.130 11.615
288 24.0 47.130 11.615
300 24.0 47.130 11.615
312 24.0 47.130 11.615
324 24.0 47.130 11.615
336 24.0 47.158 11.607
348 24.0 47.157 11.605
360 24.0 47.172 11.524
372 24.0 47.204 11.520
384 24.0 47.188 11.473
396 24.0 47.218 11.422
408 24.0 47.176 11.487
420 24.0 47.225 11.444
432 24.0 47.238 11.439
444 24.0 47.252 11.439
456 24.0 47.169 11.513
468 24.0 47.209 11.557
240 26.0 53.015 9.559
252 26.0 53.018 9.562
264 26.0 53.022 9.565
276 26.0 53.025 9.567
288 26.0 53.028 9.570
300 26.0 53.032 9.573
312 26.0 53.035 9.576
324 26.0 53.038 9.579
336 26.0 53.025 9.503
348 26.0 52.983 9.608
360 26.0 52.968 9.571
372 26.0 52.991 9.613
384 26.0 52.909 9.600
396 26.0 52.934 9.568
408 26.0 52.989 9.507
420 26.0 52.925 9.557
432 26.0 52.968 9.602
444 26.0 52.990 9.557
456 26.0 52.981 9.551
468 26.0 52.918 9.550
240 28.0 53.804 -1.040
252 28.0 53.848 -0.953
264 28.0 53.848 -0.953
276 28.0 53.848 -0.867
288 28.0 53.848 -0.867
300 28.0 53.978 -0.737
312 28.0 53.978 -0.737
324 28.0 53.978 -0.650
336 28.0 54.037 -0.957
348 28.0 54.151 -0.854
360 28.0 54.019 -0.773
372 28.0 54.066 -0.929
384 28.0 54.095 -0.941
396 28.0 54.176 -0.919
408 28.0 54.120 -0.979
420 28.0 54.039 -0.867
432 28.0 54.311 -0.988
444 28.0 54.161 -1.140
456 28.0 54.235 -1.195
468 28.0 54.438 -1.106
240 30.0 13.700 -23.099
252 30.0 13.704 -23.099
264 30.0 13.707 -23.099
276 30.0 13.711 -23.099
288 30.0 13.715 -23.099
300 30.0 13.719 -23.099
312 30.0 13.722 -23.099
324 30.0 13.726 -23.099
336 30.0 13.687 -23.031
348 30.0 13.663 -23.066
360 30.0 13.627 -23.051
372 30.0 13.594 -22.990
384 30.0 13.628 -22.940
396 30.0 13.655 -22.937
408 30.0 13.666 -23.112
420 30.0 13.669 -23.236
432 30.0 13.660 -23.245
444 30.0 13.723 -23.204
456 30.0 13.714 -23.179
468 30.0 13.671 -23.148
276 0.0 -16.967 -22.861
288 0.0 -15.233 -22.861
300 0.0 -13.457 -22.861
312 0.0 -11.680 -22.861
324 0.0 -9.859 -22.753
336 0.0 -7.823 -22.666
348 0.0 -5.829 -22.666
360 0.0 -3.792 -22.558
372 0.0 -12.215 -23.733
384 0.0 -11.036 -24.434
396 0.0 -10.158 -25.210
408 0.0 -12.544 -24.374
420 0.0 -11.449 -24.509
432 0.0 -11.946 -23.820
444 0.0 -11.054 -24.700
456 0.0 -10.327 -24.871
468 0.0 -10.595 -25.245
480 0.0 -11.985 -23.456
492 0.0 -12.651 -22.706
504 0.0 -11.544 -24.048
