0 32.0 13.493 39.901
12 32.0 13.493 39.751
24 32.0 13.493 39.602
36 32.0 13.493 39.528
48 32.0 13.567 39.453
60 32.0 13.567 39.304
72 32.0 13.567 39.230
84 32.0 13.605 39.155
96 32.0 13.629 38.673
108 32.0 13.789 38.273
120 32.0 13.992 38.104
132 32.0 14.003 38.190
144 32.0 13.860 37.539
156 32.0 13.831 37.876
168 32.0 13.816 37.802
180 32.0 13.796 36.991
192 32.0 14.002 35.639
204 32.0 13.895 35.050
216 32.0 13.647 35.493
228 32.0 13.916 35.202
0 36.0 2.497 -8.815
12 36.0 2.497 -8.815
24 36.0 2.497 -8.815
36 36.0 2.497 -8.815
48 36.0 2.497 -8.815
60 36.0 2.497 -8.815
72 36.0 2.497 -8.815
84 36.0 2.497 -8.815
96 36.0 2.392 -8.832
108 36.0 2.480 -8.838
120 36.0 2.429 -8.779
132 36.0 2.384 -8.830
144 36.0 2.398 -8.848
156 36.0 2.386 -8.813
168 36.0 2.322 -8.819
180 36.0 2.336 -8.766
192 36.0 2.407 -8.823
204 36.0 2.443 -8.802
216 36.0 2.509 -8.791
228 36.0 2.496 -8.829
0 89.0 14.294 38.782
12 89.0 14.294 38.596
24 89.0 14.294 38.596
36 89.0 14.294 38.596
48 89.0 14.294 38.521
60 89.0 14.294 38.521
72 89.0 14.294 38.447
84 89.0 14.294 38.447
96 89.0 14.195 38.459
108 89.0 14.226 38.331
120 89.0 14.219 38.309
132 89.0 14.236 38.361
144 89.0 14.060 38.498
156 89.0 14.198 38.291
168 89.0 13.864 38.223
180 89.0 14.068 38.456
192 89.0 14.038 38.374
204 89.0 13.896 38.559
216 89.0 13.852 38.436
228 89.0 13.617 38.221
0 91.0 -4.380 17.854
12 91.0 -3.895 17.388
24 91.0 -3.261 17.239
36 91.0 -2.665 17.239
48 91.0 -2.031 17.239
60 91.0 -1.360 17.239
72 91.0 -0.727 17.090
84 91.0 -0.242 17.090
96 91.0 -0.069 17.009
108 91.0 -0.968 16.892
120 91.0 -0.778 16.845
132 91.0 0.761 16.798
144 91.0 1.083 16.594
156 91.0 1.948 16.422
168 91.0 -0.169 17.279
180 91.0 1.106 16.948
192 91.0 -0.232 17.307
204 91.0 0.775 17.661
216 91.0 0.749 17.694
228 91.0 4.160 17.045
0 93.0 -7.119 48.268
12 93.0 -7.194 47.802
24 93.0 -7.194 47.355
36 93.0 -7.045 46.889
48 93.0 -6.709 46.274
60 93.0 -6.299 45.827
72 93.0 -5.945 45.342
84 93.0 -5.591 44.746
96 93.0 -5.954 44.862
108 93.0 -6.116 44.733
120 93.0 -5.953 44.456
132 93.0 -5.803 44.403
144 93.0 -6.005 44.448
156 93.0 -6.185 43.113
168 93.0 -5.698 42.261
180 93.0 -5.713 41.986
192 93.0 -5.489 41.493
204 93.0 -5.316 40.624
216 93.0 -5.123 41.691
228 93.0 -5.399 41.240
0 95.0 -9.915 43.516
12 95.0 -9.579 44.597
24 95.0 -9.244 45.827
36 95.0 -8.834 46.889
48 95.0 -8.424 48.101
60 95.0 -7.939 49.331
72 95.0 -7.455 50.486
84 95.0 -7.045 51.716
96 95.0 -8.450 48.964
108 95.0 -8.009 49.420
120 95.0 -7.327 48.748
132 95.0 -7.680 49.818
144 95.0 -7.120 51.669
156 95.0 -7.387 50.643
168 95.0 -7.206 48.932
180 95.0 -7.720 49.144
192 95.0 -7.938 50.285
204 95.0 -6.911 50.062
216 95.0 -7.153 50.228
228 95.0 -7.488 49.721
24 97.0 -25.867 19.848
36 97.0 -25.047 19.848
48 97.0 -24.283 19.848
60 97.0 -23.463 19.848
72 97.0 -22.718 19.848
84 97.0 -21.898 19.848
96 97.0 -21.134 19.699
108 97.0 -20.388 19.699
120 97.0 -21.797 19.963
132 97.0 -22.469 19.916
144 97.0 -21.591 19.835
156 97.0 -20.506 19.712
168 97.0 -20.536 19.466
180 97.0 -21.446 19.761
192 97.0 -21.335 19.749
204 97.0 -20.660 19.642
216 97.0 -22.065 19.934
228 97.0 -21.709 19.656
240 97.0 -22.182 20.183
252 97.0 -21.707 19.507
180 99.0 -18.413 -13.400
192 99.0 -18.711 -12.952
204 99.0 -18.897 -12.468
216 99.0 -19.121 -12.020
228 99.0 -19.307 -11.424
240 99.0 -19.382 -10.940
252 99.0 -19.382 -10.343
264 99.0 -19.382 -9.877
276 99.0 -19.935 -11.703
288 99.0 -19.877 -11.262
300 99.0 -20.020 -10.390
312 99.0 -20.629 -10.707
324 99.0 -20.090 -10.905
336 99.0 -20.476 -10.824
348 99.0 -21.261 -10.580
360 99.0 -21.951 -10.241
372 99.0 -22.121 -9.876
384 99.0 -22.695 -9.975
396 99.0 -23.695 -9.403
408 99.0 -25.283 -8.059
228 100.0 -18.338 -13.250
240 100.0 -18.636 -12.952
252 100.0 -18.711 -12.486
264 100.0 -18.785 -11.946
276 100.0 -18.841 -11.499
288 100.0 -18.897 -10.940
300 100.0 -18.972 -10.492
312 100.0 -19.009 -10.045
324 100.0 -18.710 -10.143
336 100.0 -18.820 -10.133
348 100.0 -18.693 -9.977
360 100.0 -19.045 -8.727
372 100.0 -19.029 -8.817
384 100.0 -19.144 -8.745
396 100.0 -18.962 -7.323
408 100.0 -19.178 -7.377
420 100.0 -19.010 -7.445
432 100.0 -18.971 -6.435
444 100.0 -19.130 -4.783
456 100.0 -19.226 -7.011
240 33.0 13.847 37.701
252 33.0 13.865 37.701
264 33.0 13.865 37.552
276 33.0 13.865 37.403
288 33.0 13.903 37.310
300 33.0 13.940 37.217
312 33.0 13.940 37.068
324 33.0 13.940 36.993
336 33.0 14.051 36.944
348 33.0 14.072 36.697
360 33.0 14.121 36.682
372 33.0 14.333 36.062
384 33.0 14.004 35.613
396 33.0 14.245 35.705
408 33.0 14.372 35.882
420 33.0 14.590 35.373
432 33.0 14.422 35.051
444 33.0 14.696 34.844
456 33.0 14.926 34.721
468 33.0 15.116 34.945
240 37.0 2.497 -8.815
252 37.0 2.497 -8.815
264 37.0 2.497 -8.815
276 37.0 2.497 -8.815
288 37.0 2.497 -8.815
300 37.0 2.497 -8.815
312 37.0 2.497 -8.815
324 37.0 2.497 -8.815
336 37.0 2.505 -8.810
348 37.0 2.453 -8.808
360 37.0 2.421 -8.854
372 37.0 2.412 -8.812
384 37.0 2.392 -8.791
396 37.0 2.384 -8.787
408 37.0 2.413 -8.771
420 37.0 2.416 -8.801
432 37.0 2.464 -8.797
444 37.0 2.478 -8.783
456 37.0 2.451 -8.791
468 37.0 2.542 -8.801
240 90.0 14.406 38.000
252 90.0 14.406 37.925
264 90.0 14.406 37.925
276 90.0 14.406 37.925
288 90.0 14.406 37.851
300 90.0 14.406 37.851
312 90.0 14.406 37.776
324 90.0 14.425 37.776
336 90.0 14.380 37.896
348 90.0 14.341 37.940
360 90.0 14.339 37.921
372 90.0 14.382 37.872
384 90.0 14.344 37.916
396 90.0 14.384 37.891
408 90.0 14.363 37.839
420 90.0 14.319 37.843
432 90.0 14.317 37.921
444 90.0 14.393 37.955
456 90.0 14.342 37.894
468 90.0 14.456 37.919
240 92.0 6.591 16.942
252 92.0 6.286 16.954
264 92.0 5.981 16.966
276 92.0 5.676 16.978
288 92.0 5.371 16.990
300 92.0 5.066 17.003
312 92.0 4.762 17.015
324 92.0 4.457 17.027
336 92.0 4.829 17.005
348 92.0 4.369 17.163
360 92.0 3.845 17.423
372 92.0 3.689 17.947
384 92.0 4.246 18.070
396 92.0 3.005 18.341
408 92.0 2.557 18.603
420 92.0 2.124 19.158
432 92.0 0.953 19.854
444 92.0 -0.416 20.646
456 92.0 -0.611 20.675
468 92.0 0.224 19.866
240 94.0 -1.752 48.734
252 94.0 -1.565 49.181
264 94.0 -1.342 49.647
276 94.0 -1.155 50.113
288 94.0 -0.932 50.561
300 94.0 -0.745 51.026
312 94.0 -0.522 51.492
324 94.0 -0.373 51.865
336 94.0 -0.415 52.516
348 94.0 -0.907 52.837
360 94.0 -1.472 52.466
372 94.0 -0.810 53.719
384 94.0 -0.519 53.837
396 94.0 -0.312 54.154
408 94.0 -0.189 55.265
420 94.0 -0.349 54.491
432 94.0 -0.460 55.299
444 94.0 -0.626 55.304
456 94.0 -0.093 55.497
468 94.0 -0.208 52.999
240 96.0 -6.814 52.214
252 96.0 -6.812 52.218
264 96.0 -6.810 52.222
276 96.0 -6.808 52.226
288 96.0 -6.806 52.230
300 96.0 -6.804 52.234
312 96.0 -6.802 52.239
324 96.0 -6.800 52.243
336 96.0 -6.744 52.224
348 96.0 -6.835 52.222
360 96.0 -6.789 52.192
372 96.0 -6.813 52.183
384 96.0 -6.835 52.154
396 96.0 -6.844 52.145
408 96.0 -6.844 52.163
420 96.0 -6.826 52.143
432 96.0 -6.838 52.148
444 96.0 -6.819 52.129
456 96.0 -6.834 52.128
468 96.0 -6.840 52.093
264 98.0 -10.157 19.699
276 98.0 -9.411 19.699
288 98.0 -8.591 19.699
300 98.0 -7.827 19.699
312 98.0 -7.007 19.699
324 98.0 -6.243 19.699
336 98.0 -5.423 19.699
348 98.0 -4.473 19.699
360 98.0 -6.876 19.691
372 98.0 -6.620 19.916
384 98.0 -5.844 19.590
396 98.0 -6.237 19.625
408 98.0 -6.264 19.491
420 98.0 -6.789 19.548
432 98.0 -5.793 19.413
444 98.0 -6.393 19.552
456 98.0 -5.394 19.414
468 98.0 -5.236 19.367
480 98.0 -5.276 18.935
492 98.0 -5.351 19.868
276 7.0 -3.988 -13.921
288 7.0 -4.137 -13.474
300 7.0 -4.193 -13.027
312 7.0 -4.324 -12.393
324 7.0 -4.473 -11.946
336 7.0 -4.547 -11.499
348 7.0 -4.678 -11.014
360 7.0 -4.734 -10.567
372 7.0 -4.824 -11.089
384 7.0 -4.916 -10.927
396 7.0 -4.559 -10.377
408 7.0 -4.516 -9.668
420 7.0 -4.664 -9.472
432 7.0 -4.433 -9.601
444 7.0 -4.787 -9.363
456 7.0 -5.035 -11.727
468 7.0 -5.036 -9.743
480 7.0 -4.770 -9.840
492 7.0 -5.028 -8.513
504 7.0 -4.764 -7.492
276 26.0 -5.088 -14.089
288 26.0 -5.144 -13.623
300 26.0 -5.293 -13.250
312 26.0 -5.367 -12.803
324 26.0 -5.442 -12.319
336 26.0 -5.535 -11.871
348 26.0 -5.628 -11.499
360 26.0 -5.703 -11.014
372 26.0 -5.636 -10.572
384 26.0 -5.624 -10.617
396 26.0 -5.840 -9.994
408 26.0 -5.656 -10.322
420 26.0 -5.199 -9.688
432 26.0 -5.502 -8.670
444 26.0 -5.227 -8.685
456 26.0 -5.099 -8.128
468 26.0 -5.569 -6.590
480 26.0 -5.481 -6.763
492 26.0 -5.692 -6.736
504 26.0 -5.630 -5.799
480 34.0 14.760 35.018
492 34.0 14.909 34.869
504 34.0 14.835 34.869
516 34.0 14.667 35.018
528 34.0 14.499 35.241
540 34.0 14.387 35.465
552 34.0 14.220 35.689
564 34.0 14.015 35.856
576 34.0 13.899 35.593
588 34.0 13.869 35.713
600 34.0 13.589 35.568
612 34.0 13.543 35.793
624 34.0 13.032 36.054
636 34.0 12.982 36.415
648 34.0 12.717 36.346
660 34.0 12.244 36.732
672 34.0 11.754 36.948
684 34.0 12.057 36.849
696 34.0 12.096 37.223
708 34.0 11.307 37.703
480 38.0 2.497 -8.815
492 38.0 2.497 -8.815
504 38.0 2.460 -8.890
516 38.0 2.460 -8.890
528 38.0 2.460 -8.890
540 38.0 2.460 -8.890
552 38.0 2.460 -8.890
564 38.0 2.460 -8.890
576 38.0 2.537 -8.866
588 38.0 2.523 -8.835
600 38.0 2.573 -8.844
612 38.0 2.509 -8.805
624 38.0 2.539 -8.790
636 38.0 2.469 -8.773
648 38.0 2.452 -8.757
660 38.0 2.485 -8.806
672 38.0 2.522 -8.880
684 38.0 2.486 -8.865
696 38.0 2.503 -8.828
708 38.0 2.498 -8.859
504 31.0 -20.370 1.062
516 31.0 -20.668 1.547
528 31.0 -21.003 1.994
540 31.0 -21.264 2.441
552 31.0 -21.618 2.926
564 31.0 -21.898 3.373
576 31.0 -22.233 3.820
588 31.0 -22.569 4.156
600 31.0 -23.127 3.411
612 31.0 -23.522 3.612
624 31.0 -24.305 4.317
636 31.0 -24.626 4.248
648 31.0 -25.217 4.848
660 31.0 -25.790 4.628
672 31.0 -26.179 5.284
684 31.0 -25.435 4.802
696 31.0 -26.374 5.000
708 31.0 -26.394 5.188
720 31.0 -26.740 5.341
732 31.0 -25.596 5.792
504 145.0 14.555 36.621
516 145.0 14.220 36.621
528 145.0 13.884 36.621
540 145.0 13.549 36.621
552 145.0 13.195 36.621
564 145.0 12.840 36.621
576 145.0 12.654 36.770
588 145.0 12.430 36.770
600 145.0 12.223 37.214
612 145.0 12.243 36.997
624 145.0 11.201 36.783
636 145.0 11.221 37.086
648 145.0 11.018 37.181
660 145.0 10.811 37.049
672 145.0 10.523 37.745
684 145.0 9.862 37.872
696 145.0 9.305 38.205
708 145.0 9.485 38.479
720 145.0 7.717 39.668
732 145.0 9.748 38.805
516 8.0 -6.299 -4.119
528 8.0 -6.485 -3.597
540 8.0 -6.709 -3.150
552 8.0 -6.933 -2.665
564 8.0 -7.156 -2.143
576 8.0 -7.343 -1.677
588 8.0 -7.678 -1.286
600 8.0 -7.976 -0.988
612 8.0 -8.229 -0.685
624 8.0 -7.729 -0.734
636 8.0 -7.998 -0.659
648 8.0 -7.972 -0.590
660 8.0 -8.313 -0.460
672 8.0 -8.218 -0.050
684 8.0 -8.506 -0.097
696 8.0 -8.290 0.199
708 8.0 -8.138 -0.448
720 8.0 -8.965 0.315
732 8.0 -8.581 0.131
744 8.0 -8.711 0.670
516 27.0 -7.045 -5.200
528 27.0 -7.305 -4.603
540 27.0 -7.529 -4.119
552 27.0 -7.753 -3.671
564 27.0 -8.051 -3.056
576 27.0 -8.237 -2.590
588 27.0 -8.517 -2.143
600 27.0 -8.796 -1.677
612 27.0 -8.074 -2.375
624 27.0 -9.069 -2.163
636 27.0 -8.867 -1.531
648 27.0 -8.940 -1.360
660 27.0 -8.938 -1.113
672 27.0 -8.956 -0.345
684 27.0 -8.976 -0.145
696 27.0 -8.626 -0.022
708 27.0 -8.953 0.447
720 27.0 -8.791 0.537
732 27.0 -9.026 -0.078
744 27.0 -9.072 0.196
720 35.0 9.970 40.460
732 35.0 9.635 40.609
744 35.0 9.355 40.907
756 35.0 9.001 41.056
768 35.0 8.666 41.205
780 35.0 8.330 41.522
792 35.0 7.920 41.839
804 35.0 7.566 42.137
816 35.0 6.680 42.402
828 35.0 6.521 42.606
840 35.0 6.846 42.241
852 35.0 6.487 42.895
864 35.0 5.725 43.270
876 35.0 4.238 43.607
888 35.0 4.389 43.954
900 35.0 3.906 44.692
912 35.0 3.821 45.134
924 35.0 4.141 44.700
936 35.0 2.531 45.132
948 35.0 2.146 45.403
720 39.0 2.460 -8.964
732 39.0 2.460 -8.964
744 39.0 2.460 -8.964
756 39.0 2.460 -8.964
768 39.0 2.460 -8.964
780 39.0 2.460 -8.964
792 39.0 2.460 -8.964
804 39.0 2.460 -8.964
816 39.0 2.446 -8.946
828 39.0 2.420 -8.956
840 39.0 2.427 -8.935
852 39.0 2.411 -8.965
864 39.0 2.459 -8.951
876 39.0 2.474 -8.950
888 39.0 2.443 -8.905
900 39.0 2.380 -8.913
912 39.0 2.403 -8.898
924 39.0 2.359 -8.908
936 39.0 2.301 -8.953
948 39.0 2.355 -8.936
744 64.0 4.845 14.033
756 64.0 4.510 13.884
768 64.0 4.175 13.716
780 64.0 3.839 13.716
792 64.0 3.504 13.549
804 64.0 3.131 13.400
816 64.0 2.795 13.250
828 64.0 2.535 13.101
840 64.0 3.225 12.689
852 64.0 3.260 13.038
864 64.0 3.209 13.440
876 64.0 2.434 13.182
888 64.0 1.944 12.999
900 64.0 2.936 13.494
912 64.0 2.191 13.548
924 64.0 2.072 13.339
936 64.0 1.447 13.410
948 64.0 2.799 13.777
960 64.0 2.057 13.532
972 64.0 1.747 13.388
744 146.0 8.051 39.230
756 146.0 7.566 39.528
768 146.0 7.156 39.677
780 146.0 6.802 39.826
792 146.0 6.541 40.143
804 146.0 6.336 40.311
816 146.0 6.057 40.460
828 146.0 5.796 40.609
840 146.0 6.065 40.810
852 146.0 6.078 40.974
864 146.0 5.308 41.250
876 146.0 4.874 41.372
888 146.0 4.577 41.684
900 146.0 3.279 42.096
912 146.0 2.707 42.631
924 146.0 2.760 42.689
936 146.0 2.001 42.986
948 146.0 1.854 43.103
960 146.0 0.586 43.141
972 146.0 0.855 44.226
756 9.0 -12.635 3.448
768 9.0 -13.045 3.746
780 9.0 -13.455 4.063
792 9.0 -13.865 4.380
804 9.0 -14.275 4.827
816 9.0 -14.611 5.125
828 9.0 -15.021 5.442
840 9.0 -15.431 5.759
852 9.0 -14.936 6.135
864 9.0 -16.067 6.115
876 9.0 -16.048 6.239
888 9.0 -16.258 5.935
900 9.0 -17.190 6.923
912 9.0 -17.177 6.806
924 9.0 -18.294 7.277
936 9.0 -17.982 7.000
948 9.0 -18.982 7.411
960 9.0 -19.674 7.448
972 9.0 -19.410 7.077
984 9.0 -17.776 7.014
756 28.0 -13.195 2.609
768 28.0 -13.605 2.926
780 28.0 -13.940 3.224
792 28.0 -14.350 3.522
804 28.0 -14.760 3.820
816 28.0 -15.170 4.156
828 28.0 -15.505 4.454
840 28.0 -15.915 4.752
852 28.0 -16.431 4.662
864 28.0 -15.998 4.575
876 28.0 -17.509 5.021
888 28.0 -18.440 5.717
900 28.0 -18.498 5.431
912 28.0 -17.655 5.396
924 28.0 -19.022 6.133
936 28.0 -19.565 5.973
948 28.0 -18.269 5.745
960 28.0 -19.225 6.080
972 28.0 -19.224 6.414
984 28.0 -19.898 6.905
984 65.0 0.820 9.747
996 65.0 0.820 9.262
1008 65.0 0.783 8.890
1020 65.0 0.783 8.424
1032 65.0 0.745 7.976
1044 65.0 0.745 7.510
1056 65.0 0.745 7.119
1068 65.0 0.708 6.597
1080 65.0 0.817 6.389
1092 65.0 0.675 5.987
1104 65.0 0.446 4.904
1116 65.0 0.859 4.968
1128 65.0 0.906 4.359
1140 65.0 1.004 4.380
1152 65.0 0.953 2.867
1164 65.0 1.102 2.024
1176 65.0 0.892 1.455
1188 65.0 0.772 1.788
1200 65.0 0.588 2.748
1212 65.0 0.460 0.023
984 147.0 4.007 41.839
996 147.0 4.007 41.839
1008 147.0 4.268 41.596
1020 147.0 4.752 41.447
1032 147.0 5.069 41.373
1044 147.0 5.069 41.373
1056 147.0 4.995 41.522
1068 147.0 4.920 41.671
1080 147.0 5.269 41.386
1092 147.0 5.522 41.241
1104 147.0 5.527 41.280
1116 147.0 5.803 41.225
1128 147.0 6.085 40.884
1140 147.0 6.081 41.076
1152 147.0 5.915 41.071
1164 147.0 6.593 40.643
1176 147.0 6.808 40.333
1188 147.0 7.636 39.978
1200 147.0 7.687 40.209
1212 147.0 8.561 39.556
996 101.0 2.963 -5.144
1008 101.0 2.590 -5.889
1020 101.0 2.590 -5.889
1032 101.0 2.590 -5.889
1044 101.0 2.516 -5.889
1056 101.0 2.516 -5.889
1068 101.0 2.516 -5.889
1080 101.0 2.460 -5.889
1092 101.0 2.355 -5.901
1104 101.0 1.869 -5.794
1116 101.0 2.484 -6.035
1128 101.0 2.087 -6.412
1140 101.0 1.918 -6.739
1152 101.0 2.031 -6.423
1164 101.0 2.260 -7.029
1176 101.0 2.207 -7.556
1188 101.0 2.534 -8.466
1200 101.0 2.461 -8.619
1212 101.0 2.318 -9.193
1224 101.0 2.523 -10.202
1188 55.0 -5.367 -14.480
1200 55.0 -5.870 -14.331
1212 55.0 -6.225 -14.015
1224 55.0 -6.560 -13.549
1236 55.0 -6.895 -13.250
1248 55.0 -7.250 -12.952
1260 55.0 -7.604 -12.635
1272 55.0 -7.939 -12.170
1284 55.0 -8.508 -12.511
1296 55.0 -9.140 -12.011
1308 55.0 -8.380 -12.063
1320 55.0 -8.481 -12.398
1332 55.0 -9.110 -12.067
1344 55.0 -10.439 -11.471
1356 55.0 -11.449 -10.715
1368 55.0 -11.183 -10.771
1380 55.0 -11.420 -10.902
1392 55.0 -11.487 -10.155
1404 55.0 -13.639 -9.479
1416 55.0 -13.483 -9.700
1200 50.0 -4.883 -14.089
1212 50.0 -5.218 -13.791
1224 50.0 -5.572 -13.493
1236 50.0 -5.908 -13.157
1248 50.0 -6.262 -13.008
1260 50.0 -6.597 -12.710
1272 50.0 -7.007 -12.412
1284 50.0 -7.343 -12.114
1296 50.0 -8.012 -11.692
1308 50.0 -8.669 -11.520
1320 50.0 -8.813 -11.271
1332 50.0 -8.850 -11.209
1344 50.0 -9.655 -10.871
1356 50.0 -9.904 -10.315
1368 50.0 -10.367 -10.273
1380 50.0 -10.796 -9.905
1392 50.0 -10.111 -10.221
1404 50.0 -10.614 -10.283
1416 50.0 -12.095 -9.119
1428 50.0 -12.605 -8.700
1200 53.0 -5.945 -14.015
1212 53.0 -6.280 -13.716
1224 53.0 -6.635 -13.418
1236 53.0 -6.970 -13.083
1248 53.0 -7.324 -12.785
1260 53.0 -7.660 -12.486
1272 53.0 -7.995 -12.039
1284 53.0 -8.275 -11.704
1296 53.0 -8.793 -12.222
1308 53.0 -8.589 -11.924
1320 53.0 -9.457 -11.913
1332 53.0 -9.914 -11.282
1344 53.0 -10.568 -11.053
1356 53.0 -11.313 -10.384
1368 53.0 -12.413 -9.384
1380 53.0 -11.416 -10.220
1392 53.0 -11.677 -9.966
1404 53.0 -12.353 -9.536
1416 53.0 -13.307 -9.619
1428 53.0 -12.610 -9.122
1224 66.0 -0.075 1.249
1236 66.0 -0.298 0.913
1248 66.0 -0.485 0.615
1260 66.0 -0.634 0.317
1272 66.0 -0.969 -0.130
1284 66.0 -1.249 -0.466
1296 66.0 -1.528 -0.764
1308 66.0 -1.789 -1.062
1320 66.0 -1.020 -1.065
1332 66.0 -1.065 -2.006
1344 66.0 -1.223 -2.571
1356 66.0 -1.334 -3.894
1368 66.0 -1.206 -4.518
1380 66.0 -0.343 -3.896
1392 66.0 -0.537 -5.686
1404 66.0 -0.499 -6.334
1416 66.0 -0.194 -5.914
1428 66.0 -0.367 -7.408
1440 66.0 -0.134 -5.916
1452 66.0 0.146 -6.961
1224 148.0 4.510 42.752
1236 148.0 4.510 42.752
1248 148.0 4.510 42.752
1260 148.0 4.510 42.752
1272 148.0 4.510 42.752
1284 148.0 4.510 42.752
1296 148.0 4.510 42.752
1308 148.0 4.510 42.752
1320 148.0 4.499 42.711
1332 148.0 4.534 42.691
1344 148.0 4.529 42.718
1356 148.0 4.529 42.770
1368 148.0 4.533 42.758
1380 148.0 4.524 42.685
1392 148.0 4.536 42.748
1404 148.0 4.544 42.781
1416 148.0 4.554 42.748
1428 148.0 4.551 42.734
1440 148.0 4.498 42.758
1452 148.0 4.527 42.807
1236 102.0 2.180 -5.889
1248 102.0 2.180 -5.889
1260 102.0 2.180 -6.038
1272 102.0 2.106 -6.038
1284 102.0 2.106 -6.038
1296 102.0 2.106 -6.038
1308 102.0 2.031 -6.038
1320 102.0 2.031 -6.038
1332 102.0 1.996 -6.052
1344 102.0 2.033 -5.925
1356 102.0 1.985 -5.969
1368 102.0 1.996 -6.004
1380 102.0 1.992 -5.928
1392 102.0 1.962 -5.998
1404 102.0 2.028 -5.987
1416 102.0 2.055 -5.983
1428 102.0 2.068 -5.937
1440 102.0 2.060 -5.957
1452 102.0 2.070 -6.026
1464 102.0 2.063 -5.984
1428 56.0 -12.393 -7.734
1440 56.0 -12.747 -7.436
1452 56.0 -13.083 -6.970
1464 56.0 -13.344 -6.653
1476 56.0 -13.698 -6.206
1488 56.0 -14.033 -5.889
1500 56.0 -14.313 -5.423
1512 56.0 -14.760 -5.125
1524 56.0 -15.403 -4.945
1536 56.0 -16.165 -4.651
1548 56.0 -15.660 -5.122
1560 56.0 -16.391 -4.503
1572 56.0 -16.958 -4.087
1584 56.0 -17.907 -3.626
1596 56.0 -17.550 -3.623
1608 56.0 -17.685 -3.522
1620 56.0 -17.072 -3.738
1632 56.0 -17.744 -3.140
1644 56.0 -17.475 -2.549
1656 56.0 -16.757 -3.265
1440 51.0 -11.815 -6.895
1452 51.0 -12.076 -6.597
1464 51.0 -12.430 -6.113
1476 51.0 -12.840 -5.815
1488 51.0 -13.250 -5.367
1500 51.0 -13.586 -4.883
1512 51.0 -13.940 -4.510
1524 51.0 -14.201 -4.063
1536 51.0 -14.931 -4.492
1548 51.0 -15.300 -4.267
1560 51.0 -15.669 -4.320
1572 51.0 -15.918 -3.907
1584 51.0 -17.469 -3.363
1596 51.0 -17.550 -3.187
1608 51.0 -18.274 -2.807
1620 51.0 -18.600 -2.746
1632 51.0 -18.021 -2.987
1644 51.0 -19.731 -1.950
1656 51.0 -21.492 -0.937
1668 51.0 -16.409 -3.536
1440 54.0 -12.598 -7.417
1452 54.0 -12.952 -6.970
1464 54.0 -13.288 -6.672
1476 54.0 -13.549 -6.336
1488 54.0 -13.903 -6.038
1500 54.0 -14.182 -5.591
1512 54.0 -14.518 -5.218
1524 54.0 -14.853 -4.808
1536 54.0 -14.827 -5.215
1548 54.0 -15.101 -5.072
1560 54.0 -16.056 -4.569
1572 54.0 -16.151 -4.696
1584 54.0 -16.832 -4.338
1596 54.0 -17.419 -3.722
1608 54.0 -17.760 -3.603
1620 54.0 -18.331 -3.225
1632 54.0 -17.981 -3.473
1644 54.0 -19.070 -2.687
1656 54.0 -19.305 -2.481
1668 54.0 -17.692 -3.282
1464 67.0 -5.367 -4.901
1476 67.0 -5.628 -5.050
1488 67.0 -5.908 -5.349
1500 67.0 -6.113 -5.498
1512 67.0 -6.187 -5.572
1524 67.0 -6.187 -5.572
1536 67.0 -6.262 -5.572
1548 67.0 -6.262 -5.572
1560 67.0 -6.511 -5.648
1572 67.0 -6.962 -6.134
1584 67.0 -6.764 -5.635
1596 67.0 -7.461 -5.577
1608 67.0 -7.886 -6.079
1620 67.0 -7.751 -5.605
1632 67.0 -8.307 -5.666
1644 67.0 -7.855 -6.090
1656 67.0 -7.990 -6.006
1668 67.0 -7.329 -6.075
1680 67.0 -7.798 -5.905
1692 67.0 -7.796 -6.202
1464 149.0 4.510 42.752
1476 149.0 4.510 42.752
1488 149.0 4.510 42.752
1500 149.0 4.510 42.752
1512 149.0 4.473 42.752
1524 149.0 4.473 42.826
1536 149.0 4.473 42.976
1548 149.0 4.435 43.050
1560 149.0 4.305 42.922
1572 149.0 4.376 42.870
1584 149.0 4.345 42.846
1596 149.0 4.415 42.900
1608 149.0 4.365 42.936
1620 149.0 4.235 42.922
1632 149.0 4.074 43.016
1644 149.0 3.835 43.039
1656 149.0 3.829 43.115
1668 149.0 3.390 43.093
1680 149.0 3.086 43.079
1692 149.0 3.127 43.213
1476 103.0 1.770 -6.038
1488 103.0 1.770 -6.038
1500 103.0 1.770 -6.038
1512 103.0 1.733 -6.038
1524 103.0 1.733 -6.038
1536 103.0 1.733 -5.964
1548 103.0 1.733 -5.889
1560 103.0 1.733 -5.889
1572 103.0 1.664 -5.837
1584 103.0 1.745 -5.900
1596 103.0 1.719 -5.863
1608 103.0 1.734 -5.897
1620 103.0 1.740 -5.985
1632 103.0 1.713 -5.987
1644 103.0 1.656 -5.921
1656 103.0 1.710 -5.906
1668 103.0 1.694 -5.991
1680 103.0 1.693 -5.972
1692 103.0 1.749 -6.064
1704 103.0 1.753 -6.024
1500 139.0 3.466 44.280
1512 139.0 3.466 44.280
1524 139.0 3.466 44.280
1536 139.0 3.466 44.280
1548 139.0 3.466 44.280
1560 139.0 3.466 44.280
1572 139.0 3.466 44.280
1584 139.0 3.466 44.280
1596 139.0 3.463 44.346
1608 139.0 3.518 44.299
1620 139.0 3.548 44.267
1632 139.0 3.528 44.300
1644 139.0 3.490 44.251
1656 139.0 3.508 44.227
1668 139.0 3.555 44.191
1680 139.0 3.512 44.162
1692 139.0 3.555 44.131
1704 139.0 3.638 44.152
1716 139.0 3.581 44.219
1728 139.0 3.563 44.266
1668 130.0 -25.811 15.915
1680 130.0 -25.588 14.872
1692 130.0 -25.178 14.257
1704 130.0 -24.842 13.791
1716 130.0 -24.432 13.325
1728 130.0 -24.022 12.729
1740 130.0 -23.612 12.263
1752 130.0 -23.277 11.797
1764 130.0 -23.016 12.490
1776 130.0 -22.732 12.143
1788 130.0 -22.398 10.473
1800 130.0 -22.506 11.908
1812 130.0 -22.858 11.039
1824 130.0 -22.401 12.895
1836 130.0 -20.441 9.415
1848 130.0 -21.113 10.025
1860 130.0 -21.388 10.584
1872 130.0 -20.193 9.650
1884 130.0 -21.208 11.023
1896 130.0 -20.153 9.773
1680 52.0 -18.245 1.994
1692 52.0 -18.655 2.292
1704 52.0 -19.028 2.777
1716 52.0 -19.438 3.075
1728 52.0 -19.773 3.522
1740 52.0 -20.183 3.820
1752 52.0 -20.593 4.305
1764 52.0 -20.929 4.603
1776 52.0 -21.363 4.330
1788 52.0 -22.116 4.399
1800 52.0 -22.277 4.424
1812 52.0 -23.537 5.494
1824 52.0 -23.789 5.472
1836 52.0 -23.465 5.559
1848 52.0 -24.013 6.087
1860 52.0 -24.989 6.363
1872 52.0 -24.437 6.149
1884 52.0 -26.285 7.719
1896 52.0 -24.738 6.617
1908 52.0 -27.907 7.855
1704 68.0 -6.597 -5.516
1716 68.0 -6.597 -5.516
1728 68.0 -6.635 -5.516
1740 68.0 -6.672 -5.516
1752 68.0 -6.709 -5.516
1764 68.0 -6.709 -5.516
1776 68.0 -6.746 -5.516
1788 68.0 -6.765 -5.516
1800 68.0 -6.711 -5.468
1812 68.0 -6.703 -5.472
1824 68.0 -6.739 -5.465
1836 68.0 -6.627 -5.441
1848 68.0 -6.563 -5.422
1860 68.0 -6.569 -5.429
1872 68.0 -6.562 -5.470
1884 68.0 -6.529 -5.507
1896 68.0 -6.527 -5.472
1908 68.0 -6.554 -5.482
1920 68.0 -6.563 -5.424
1932 68.0 -6.556 -5.462
1704 150.0 4.417 44.504
1716 150.0 4.417 44.597
1728 150.0 4.454 44.597
1740 150.0 4.454 44.429
1752 150.0 4.454 44.131
1764 150.0 4.454 43.982
1776 150.0 4.454 43.814
1788 150.0 4.529 43.516
1800 150.0 4.733 43.748
1812 150.0 4.796 43.385
1824 150.0 4.946 43.085
1836 150.0 4.951 43.035
1848 150.0 4.648 42.942
1860 150.0 4.785 42.653
1872 150.0 4.699 42.451
1884 150.0 4.600 42.178
1896 150.0 4.566 41.321
1908 150.0 4.767 41.150
1920 150.0 4.627 40.502
1932 150.0 4.625 40.354
1716 104.0 1.696 -5.293
1728 104.0 1.696 -5.144
1740 104.0 1.696 -5.144
1752 104.0 1.696 -5.050
1764 104.0 1.696 -5.050
1776 104.0 1.696 -4.957
1788 104.0 1.696 -4.883
1800 104.0 1.696 -4.883
1812 104.0 1.765 -4.679
1824 104.0 1.800 -4.668
1836 104.0 1.847 -4.709
1848 104.0 1.844 -4.559
1860 104.0 1.955 -4.632
1872 104.0 1.990 -4.201
1884 104.0 1.594 -4.150
1896 104.0 1.845 -3.767
1908 104.0 1.824 -3.942
1920 104.0 1.950 -3.354
1932 104.0 1.868 -3.188
1944 104.0 1.629 -3.256
1740 140.0 3.466 44.280
1752 140.0 3.466 44.280
1764 140.0 3.466 44.280
1776 140.0 3.466 44.280
1788 140.0 3.466 44.280
1800 140.0 3.466 44.280
1812 140.0 3.466 44.280
1824 140.0 3.466 44.280
1836 140.0 3.376 44.310
1848 140.0 3.466 44.305
1860 140.0 3.418 44.270
1872 140.0 3.447 44.326
1884 140.0 3.370 44.312
1896 140.0 3.344 44.269
1908 140.0 3.315 44.221
1920 140.0 3.272 44.168
1932 140.0 3.233 44.148
1944 140.0 3.238 44.226
1956 140.0 3.262 44.262
1968 140.0 3.250 44.240
1908 131.0 -20.798 3.839
1920 131.0 -20.724 3.075
1932 131.0 -20.593 2.460
1944 131.0 -20.519 1.845
1956 131.0 -20.370 1.230
1968 131.0 -20.370 0.615
1980 131.0 -20.314 -0.149
1992 131.0 -20.314 -0.764
2004 131.0 -20.344 -0.819
2016 131.0 -20.307 -1.306
2028 131.0 -20.075 -2.010
2040 131.0 -20.482 -2.746
2052 131.0 -19.635 -1.467
2064 131.0 -19.980 -3.169
2076 131.0 -19.356 -3.853
2088 131.0 -19.743 -5.291
2100 131.0 -19.983 -5.562
2112 131.0 -20.227 -4.167
2124 131.0 -19.703 -6.440
2136 131.0 -20.908 -2.181
1944 151.0 4.585 42.752
1956 151.0 4.585 42.752
1968 151.0 4.585 42.752
1980 151.0 4.585 42.752
1992 151.0 4.585 42.752
2004 151.0 4.529 42.752
2016 151.0 4.454 43.050
2028 151.0 4.380 43.292
2040 151.0 4.276 43.311
2052 151.0 4.220 43.523
2064 151.0 4.396 43.574
2076 151.0 4.077 43.513
2088 151.0 3.958 43.703
2100 151.0 4.064 43.676
2112 151.0 3.876 44.069
2124 151.0 3.426 44.272
2136 151.0 3.590 44.661
2148 151.0 3.425 44.430
2160 151.0 3.193 44.732
2172 151.0 3.243 44.621
1956 105.0 1.659 -4.212
1968 105.0 1.659 -4.212
1980 105.0 1.659 -4.137
1992 105.0 1.659 -4.137
2004 105.0 1.603 -3.988
2016 105.0 1.603 -3.820
2028 105.0 1.528 -3.522
2040 105.0 1.472 -3.355
2052 105.0 1.429 -3.504
2064 105.0 1.311 -3.283
2076 105.0 1.197 -3.125
2088 105.0 1.075 -2.627
2100 105.0 1.237 -2.502
2112 105.0 1.267 -2.365
2124 105.0 0.841 -2.257
2136 105.0 1.051 -2.459
2148 105.0 0.651 -2.294
2160 105.0 1.075 -2.252
2172 105.0 0.548 -2.123
2184 105.0 0.376 -2.089
1980 141.0 3.466 44.280
1992 141.0 3.466 44.280
2004 141.0 3.429 44.280
2016 141.0 3.429 44.280
2028 141.0 3.429 44.280
2040 141.0 3.429 44.280
2052 141.0 3.429 44.280
2064 141.0 3.429 44.280
2076 141.0 3.397 44.286
2088 141.0 3.331 44.320
2100 141.0 3.378 44.233
2112 141.0 3.381 44.284
2124 141.0 3.375 44.312
2136 141.0 3.397 44.322
2148 141.0 3.362 44.308
2160 141.0 3.345 44.386
2172 141.0 3.345 44.339
2184 141.0 3.367 44.327
2196 141.0 3.392 44.321
2208 141.0 3.408 44.330
2052 21.0 -18.264 -13.250
2064 21.0 -18.394 -12.635
2076 21.0 -18.450 -12.020
2088 21.0 -18.525 -11.405
2100 21.0 -18.599 -10.790
2112 21.0 -18.674 -10.194
2124 21.0 -18.748 -9.560
2136 21.0 -18.804 -8.964
2148 21.0 -18.562 -9.877
2160 21.0 -18.351 -9.393
2172 21.0 -18.352 -8.081
2184 21.0 -18.095 -8.034
2196 21.0 -18.530 -8.225
2208 21.0 -18.144 -6.514
2220 21.0 -18.199 -5.095
2232 21.0 -17.873 -5.811
2244 21.0 -17.916 -5.557
2256 21.0 -17.608 -5.459
2268 21.0 -18.862 -8.288
2280 21.0 -17.954 -7.488
2148 132.0 -19.866 -8.722
2160 132.0 -19.829 -9.411
2172 132.0 -19.792 -10.026
2184 132.0 -19.755 -10.641
2196 132.0 -19.717 -11.256
2208 132.0 -19.699 -11.871
2220 132.0 -19.680 -12.486
2232 132.0 -19.680 -13.101
2244 132.0 -19.960 -12.500
2256 132.0 -19.851 -12.718
2268 132.0 -20.201 -12.795
2280 132.0 -20.214 -13.900
2292 132.0 -19.928 -14.027
2304 132.0 -20.090 -15.168
2316 132.0 -19.892 -15.195
2328 132.0 -20.011 -15.425
2340 132.0 -20.059 -16.777
2352 132.0 -20.424 -17.413
2364 132.0 -20.572 -16.816
2376 132.0 -20.083 -16.943
2160 137.0 2.367 15.021
2172 137.0 1.659 14.723
2184 137.0 0.988 14.723
2196 137.0 0.298 14.723
2208 137.0 -0.391 14.723
2220 137.0 -1.006 14.723
2232 137.0 -1.696 14.723
2244 137.0 -2.367 14.723
2256 137.0 -1.915 14.424
2268 137.0 -0.760 14.117
2280 137.0 -0.154 13.424
2292 137.0 -1.650 14.068
2304 137.0 -1.898 14.602
2316 137.0 -2.802 14.354
2328 137.0 -2.146 14.185
2340 137.0 -2.018 14.073
2352 137.0 -2.326 14.323
2364 137.0 -2.369 13.915
2376 137.0 -2.832 14.453
2388 137.0 -2.517 14.590
2184 152.0 3.858 45.342
2196 152.0 3.858 45.342
2208 152.0 3.783 45.510
2220 152.0 3.783 45.510
2232 152.0 3.783 45.510
2244 152.0 3.783 45.510
2256 152.0 3.727 45.659
2268 152.0 3.727 45.659
2280 152.0 3.824 45.640
2292 152.0 3.773 45.810
2304 152.0 3.852 45.693
2316 152.0 3.848 45.648
2328 152.0 3.827 45.605
2340 152.0 3.871 45.448
2352 152.0 3.917 45.519
2364 152.0 3.918 45.443
2376 152.0 3.860 45.477
2388 152.0 3.807 45.440
2400 152.0 3.813 45.417
2412 152.0 3.789 45.385
2196 106.0 -1.006 -3.746
2208 106.0 -1.211 -4.063
2220 106.0 -1.416 -4.212
2232 106.0 -1.547 -4.361
2244 106.0 -1.770 -4.659
2256 106.0 -1.957 -4.808
2268 106.0 -2.180 -5.125
2280 106.0 -2.236 -5.442
2292 106.0 -1.503 -5.735
2304 106.0 -1.327 -6.357
2316 106.0 -1.323 -6.879
2328 106.0 -1.085 -7.591
2340 106.0 -0.900 -8.018
2352 106.0 -1.235 -8.702
2364 106.0 -1.475 -9.753
2376 106.0 -1.155 -9.270
2388 106.0 -1.167 -9.620
2400 106.0 -1.171 -9.712
2412 106.0 -1.283 -10.791
2424 106.0 -0.916 -10.542
2220 142.0 3.429 44.280
2232 142.0 3.429 44.280
2244 142.0 3.429 44.280
2256 142.0 3.448 44.280
2268 142.0 3.448 44.280
2280 142.0 3.448 44.280
2292 142.0 3.448 44.280
2304 142.0 3.448 44.280
2316 142.0 3.473 44.317
2328 142.0 3.452 44.369
2340 142.0 3.423 44.378
2352 142.0 3.467 44.315
2364 142.0 3.463 44.392
2376 142.0 3.419 44.366
2388 142.0 3.404 44.343
2400 142.0 3.381 44.305
2412 142.0 3.403 44.301
2424 142.0 3.410 44.260
2436 142.0 3.471 44.267
2448 142.0 3.536 44.271
2388 133.0 -19.540 -13.335
2400 133.0 -19.534 -13.316
2412 133.0 -19.529 -13.297
2424 133.0 -19.523 -13.278
2436 133.0 -19.517 -13.259
2448 133.0 -19.511 -13.240
2460 133.0 -19.505 -13.222
2472 133.0 -19.500 -13.203
2484 133.0 -19.552 -13.191
2496 133.0 -19.590 -13.235
2508 133.0 -19.564 -13.242
2520 133.0 -19.547 -13.273
2532 133.0 -19.586 -13.326
2544 133.0 -19.582 -13.342
2556 133.0 -19.534 -13.351
2568 133.0 -19.502 -13.310
2580 133.0 -19.542 -13.287
2592 133.0 -19.525 -13.230
2604 133.0 -19.517 -13.241
2616 133.0 -19.522 -13.281
2400 138.0 -10.940 14.872
2412 138.0 -11.648 14.872
2424 138.0 -12.319 14.872
2436 138.0 -12.952 15.021
2448 138.0 -13.623 15.021
2460 138.0 -14.257 15.021
2472 138.0 -14.928 15.021
2484 138.0 -15.617 15.021
2496 138.0 -13.463 14.731
2508 138.0 -14.227 15.124
2520 138.0 -15.238 14.728
2532 138.0 -15.244 15.094
2544 138.0 -15.464 14.482
2556 138.0 -16.110 14.786
2568 138.0 -15.446 14.758
2580 138.0 -15.209 14.554
2592 138.0 -15.257 14.435
2604 138.0 -15.932 14.713
2616 138.0 -16.241 14.292
2628 138.0 -15.550 14.647
2424 153.0 3.727 45.827
2436 153.0 3.727 45.827
2448 153.0 3.727 45.827
2460 153.0 3.727 45.827
2472 153.0 3.727 45.827
2484 153.0 3.727 45.827
2496 153.0 3.727 45.827
2508 153.0 3.690 45.659
2520 153.0 3.775 45.732
2532 153.0 3.722 45.733
2544 153.0 3.826 45.751
2556 153.0 3.837 45.751
2568 153.0 3.897 45.811
2580 153.0 3.834 45.800
2592 153.0 3.854 45.838
2604 153.0 3.813 45.870
2616 153.0 3.760 45.876
2628 153.0 3.748 45.881
2640 153.0 3.716 45.851
2652 153.0 3.763 45.886
2436 107.0 -3.541 -10.641
2448 107.0 -3.671 -10.958
2460 107.0 -3.820 -11.405
2472 107.0 -3.951 -11.704
2484 107.0 -4.081 -12.188
2496 107.0 -4.230 -12.635
2508 107.0 -4.342 -12.934
2520 107.0 -4.435 -13.325
2532 107.0 -4.677 -12.946
2544 107.0 -3.952 -13.017
2556 107.0 -4.396 -13.274
2568 107.0 -4.242 -13.761
2580 107.0 -4.334 -14.397
2592 107.0 -4.401 -14.921
2604 107.0 -4.328 -14.788
2616 107.0 -4.422 -15.275
2628 107.0 -4.244 -15.370
2640 107.0 -4.291 -17.059
2652 107.0 -4.153 -17.317
2664 107.0 -3.816 -18.047
2460 143.0 3.448 44.280
2472 143.0 3.448 44.280
2484 143.0 3.448 44.280
2496 143.0 3.448 44.280
2508 143.0 3.448 44.206
2520 143.0 3.448 44.206
2532 143.0 3.448 44.206
2544 143.0 3.448 44.206
2556 143.0 3.456 44.223
2568 143.0 3.432 44.237
2580 143.0 3.405 44.252
2592 143.0 3.414 44.269
2604 143.0 3.382 44.318
2616 143.0 3.406 44.319
2628 143.0 3.375 44.290
2640 143.0 3.445 44.318
2652 143.0 3.419 44.315
2664 143.0 3.310 44.273
2676 143.0 3.427 44.288
2688 143.0 3.385 44.334
2496 155.0 -7.715 -5.423
2508 155.0 -7.715 -5.423
2520 155.0 -7.715 -5.423
2532 155.0 -7.715 -5.423
2544 155.0 -7.715 -5.423
2556 155.0 -7.715 -5.423
2568 155.0 -7.715 -5.423
2580 155.0 -7.715 -5.423
2592 155.0 -7.708 -5.467
2604 155.0 -7.692 -5.484
2616 155.0 -7.654 -5.482
2628 155.0 -7.623 -5.492
2640 155.0 -7.604 -5.570
2652 155.0 -7.638 -5.422
2664 155.0 -7.683 -5.428
2676 155.0 -7.660 -5.388
2688 155.0 -7.692 -5.379
2700 155.0 -7.695 -5.334
2712 155.0 -7.671 -5.354
2724 155.0 -7.773 -5.374
2628 134.0 -19.424 -12.956
2640 134.0 -19.418 -12.937
2652 134.0 -19.412 -12.918
2664 134.0 -19.407 -12.899
2676 134.0 -19.401 -12.880
2688 134.0 -19.395 -12.861
2700 134.0 -19.389 -12.842
2712 134.0 -19.383 -12.823
2724 134.0 -19.346 -12.852
2736 134.0 -19.320 -12.871
2748 134.0 -19.357 -12.880
2760 134.0 -19.369 -12.971
2772 134.0 -19.394 -12.923
2784 134.0 -19.415 -12.969
2796 134.0 -19.402 -12.998
2808 134.0 -19.377 -12.985
2820 134.0 -19.371 -12.980
2832 134.0 -19.339 -13.022
2844 134.0 -19.356 -12.995
2856 134.0 -19.355 -12.988
2664 154.0 3.653 45.659
2676 154.0 3.653 45.659
2688 154.0 3.615 45.659
2700 154.0 3.615 45.659
2712 154.0 3.615 45.659
2724 154.0 3.615 45.659
2736 154.0 3.615 45.659
2748 154.0 3.615 45.659
2760 154.0 3.586 45.626
2772 154.0 3.608 45.621
2784 154.0 3.608 45.635
2796 154.0 3.632 45.724
2808 154.0 3.592 45.734
2820 154.0 3.623 45.723
2832 154.0 3.646 45.721
2844 154.0 3.588 45.718
2856 154.0 3.595 45.678
2868 154.0 3.607 45.670
2880 154.0 3.567 45.680
2892 154.0 3.511 45.693
2676 108.0 -4.845 -13.400
2688 108.0 -4.845 -13.101
2700 108.0 -4.845 -12.952
2712 108.0 -4.845 -12.635
2724 108.0 -4.920 -12.468
2736 108.0 -4.920 -12.020
2748 108.0 -4.995 -11.573
2760 108.0 -4.995 -11.089
2772 108.0 -5.155 -11.274
2784 108.0 -4.756 -10.937
2796 108.0 -5.007 -10.748
2808 108.0 -4.899 -9.801
2820 108.0 -4.851 -9.428
2832 108.0 -4.953 -9.874
2844 108.0 -4.875 -10.269
2856 108.0 -4.840 -9.987
2868 108.0 -4.962 -7.815
2880 108.0 -5.318 -7.803
2892 108.0 -5.096 -6.995
2904 108.0 -5.175 -5.961
2700 144.0 3.485 44.131
2712 144.0 3.485 44.131
2724 144.0 3.485 44.131
2736 144.0 3.485 44.131
2748 144.0 3.485 44.131
2760 144.0 3.485 44.131
2772 144.0 3.485 44.038
2784 144.0 3.485 44.038
2796 144.0 3.512 44.130
2808 144.0 3.527 44.158
2820 144.0 3.577 44.081
2832 144.0 3.559 44.110
2844 144.0 3.565 44.138
2856 144.0 3.536 44.175
2868 144.0 3.488 44.161
2880 144.0 3.515 44.276
2892 144.0 3.523 44.249
2904 144.0 3.496 44.324
2916 144.0 3.492 44.397
2928 144.0 3.490 44.387
2736 156.0 -7.715 -5.423
2748 156.0 -7.715 -5.423
2760 156.0 -7.715 -5.423
2772 156.0 -7.715 -5.423
2784 156.0 -7.715 -5.423
2796 156.0 -7.715 -5.423
2808 156.0 -7.715 -5.423
2820 156.0 -7.715 -5.423
2832 156.0 -7.654 -5.411
2844 156.0 -7.689 -5.393
2856 156.0 -7.692 -5.388
2868 156.0 -7.683 -5.365
2880 156.0 -7.703 -5.428
2892 156.0 -7.685 -5.388
2904 156.0 -7.698 -5.418
2916 156.0 -7.744 -5.417
2928 156.0 -7.760 -5.405
2940 156.0 -7.760 -5.419
2952 156.0 -7.761 -5.455
2964 156.0 -7.753 -5.484
2844 58.0 1.062 15.245
2856 58.0 0.578 15.245
2868 58.0 0.093 15.245
2880 58.0 -0.391 15.095
2892 58.0 -0.876 15.095
2904 58.0 -1.286 14.946
2916 58.0 -1.770 14.946
2928 58.0 -2.236 14.946
2940 58.0 -1.968 15.282
2952 58.0 -2.499 15.079
2964 58.0 -2.457 15.038
2976 58.0 -2.389 14.705
2988 58.0 -2.711 14.883
3000 58.0 -3.915 15.270
3012 58.0 -3.237 15.404
3024 58.0 -4.448 15.173
3036 58.0 -3.355 14.857
3048 58.0 -4.131 15.741
3060 58.0 -3.941 14.944
3072 58.0 -4.960 16.182
2844 136.0 -18.357 -13.623
2856 136.0 -18.357 -13.027
2868 136.0 -18.394 -12.393
2880 136.0 -18.469 -11.797
2892 136.0 -18.506 -11.163
2904 136.0 -18.543 -10.567
2916 136.0 -18.580 -9.970
2928 136.0 -18.599 -9.411
2940 136.0 -18.256 -9.411
2952 136.0 -18.287 -8.582
2964 136.0 -18.349 -7.892
2976 136.0 -18.817 -6.461
2988 136.0 -18.560 -5.549
3000 136.0 -18.692 -6.918
3012 136.0 -19.148 -8.749
3024 136.0 -19.124 -7.064
3036 136.0 -18.890 -3.591
3048 136.0 -18.818 -5.807
3060 136.0 -18.991 -5.688
3072 136.0 -18.778 -3.950
2868 135.0 -19.587 -11.014
2880 135.0 -19.661 -10.492
2892 135.0 -19.699 -9.877
2904 135.0 -19.792 -9.337
2916 135.0 -19.866 -8.815
2928 135.0 -19.941 -8.256
2940 135.0 -20.053 -7.734
2952 135.0 -20.090 -7.194
2964 135.0 -19.947 -7.220
2976 135.0 -19.835 -6.934
2988 135.0 -19.982 -6.952
3000 135.0 -19.861 -6.099
3012 135.0 -19.724 -5.234
3024 135.0 -19.348 -5.272
3036 135.0 -19.505 -5.138
3048 135.0 -19.685 -5.171
3060 135.0 -19.478 -5.498
3072 135.0 -19.668 -4.214
3084 135.0 -19.056 -2.343
3096 135.0 -19.214 -2.480
2916 109.0 -5.982 -5.647
2928 109.0 -6.094 -5.274
2940 109.0 -6.187 -4.901
2952 109.0 -6.243 -4.454
2964 109.0 -6.430 -4.119
2976 109.0 -6.765 -3.671
2988 109.0 -7.100 -3.224
3000 109.0 -7.380 -2.740
3012 109.0 -7.191 -2.406
3024 109.0 -7.395 -2.481
3036 109.0 -7.267 -2.479
3048 109.0 -7.391 -2.750
3060 109.0 -7.300 -2.721
3072 109.0 -7.042 -2.706
3084 109.0 -7.230 -2.575
3096 109.0 -7.417 -1.819
3108 109.0 -7.766 -2.001
3120 109.0 -7.329 -2.041
3132 109.0 -7.385 -2.432
3144 109.0 -7.486 -2.166
3084 59.0 -10.101 14.630
3096 59.0 -10.641 14.630
3108 59.0 -11.182 14.630
3120 59.0 -11.741 14.630
3132 59.0 -12.300 14.630
3144 59.0 -12.840 14.630
3156 59.0 -13.381 14.630
3168 59.0 -13.940 14.630
3180 59.0 -13.068 14.632
3192 59.0 -13.483 14.525
3204 59.0 -13.707 14.622
3216 59.0 -13.781 14.300
3228 59.0 -13.070 14.808
3240 59.0 -14.483 14.707
3252 59.0 -13.808 13.914
3264 59.0 -13.384 14.435
3276 59.0 -14.249 14.046
3288 59.0 -13.787 14.212
3300 59.0 -14.929 14.087
3312 59.0 -13.600 14.161
3084 119.0 3.522 13.474
3096 119.0 3.112 13.027
3108 119.0 2.628 12.580
3120 119.0 2.218 12.095
3132 119.0 1.733 11.797
3144 119.0 1.267 11.350
3156 119.0 0.988 10.716
3168 119.0 0.783 10.269
3180 119.0 1.238 10.619
3192 119.0 0.740 11.114
3204 119.0 0.252 10.468
3216 119.0 0.759 9.646
3228 119.0 0.967 9.731
3240 119.0 0.715 9.302
3252 119.0 -0.158 9.323
3264 119.0 0.229 9.417
3276 119.0 0.032 10.148
3288 119.0 0.599 9.788
3300 119.0 0.015 9.681
3312 119.0 -0.683 9.543
3156 110.0 -11.871 1.472
3168 110.0 -12.225 1.770
3180 110.0 -12.635 2.069
3192 110.0 -13.045 2.218
3204 110.0 -13.455 2.535
3216 110.0 -13.865 2.702
3228 110.0 -14.275 3.000
3240 110.0 -14.685 3.299
3252 110.0 -14.563 2.929
3264 110.0 -15.728 3.711
3276 110.0 -15.670 3.680
3288 110.0 -16.324 3.889
3300 110.0 -18.017 4.791
3312 110.0 -17.536 4.416
3324 110.0 -17.960 5.161
3336 110.0 -19.577 6.144
3348 110.0 -19.111 5.593
3360 110.0 -20.298 6.541
3372 110.0 -19.721 6.221
3384 110.0 -18.905 5.431
3168 123.0 -3.839 -14.480
3180 123.0 -3.727 -14.015
3192 123.0 -3.653 -13.716
3204 123.0 -3.578 -13.400
3216 123.0 -3.429 -12.934
3228 123.0 -3.373 -12.635
3240 123.0 -3.243 -12.337
3252 123.0 -3.168 -12.020
3264 123.0 -3.364 -11.965
3276 123.0 -3.420 -12.269
3288 123.0 -3.309 -10.846
3300 123.0 -3.225 -10.661
3312 123.0 -3.173 -11.097
3324 123.0 -3.227 -9.757
3336 123.0 -3.304 -10.649
3348 123.0 -2.870 -10.438
3360 123.0 -2.760 -10.104
3372 123.0 -1.816 -8.770
3384 123.0 -1.627 -9.724
3396 123.0 -2.230 -8.626
3264 126.0 -16.586 -14.257
3276 126.0 -17.145 -13.921
3288 126.0 -17.369 -13.325
3300 126.0 -17.630 -12.878
3312 126.0 -17.854 -12.244
3324 126.0 -18.040 -11.648
3336 126.0 -18.264 -11.014
3348 126.0 -18.394 -10.567
3360 126.0 -18.146 -11.385
3372 126.0 -19.030 -11.122
3384 126.0 -19.637 -10.795
3396 126.0 -19.280 -11.135
3408 126.0 -19.440 -10.966
3420 126.0 -19.461 -10.858
3432 126.0 -20.710 -9.307
3444 126.0 -20.804 -9.032
3456 126.0 -20.587 -9.436
3468 126.0 -21.355 -8.362
3480 126.0 -21.226 -8.774
3492 126.0 -22.205 -8.784
3324 60.0 -21.208 14.630
3336 60.0 -21.767 14.630
3348 60.0 -22.308 14.630
3360 60.0 -22.848 14.630
3372 60.0 -23.538 14.630
3384 60.0 -24.227 14.630
3396 60.0 -24.898 14.779
3408 60.0 -25.662 14.779
3420 60.0 -25.702 14.925
3432 60.0 -25.862 15.133
3444 60.0 -26.311 14.747
3456 60.0 -26.281 15.761
3468 60.0 -26.989 15.679
3480 60.0 -27.155 16.111
3492 60.0 -26.608 16.209
3504 60.0 -26.869 16.143
3516 60.0 -26.629 15.767
3528 60.0 -28.407 16.986
3540 60.0 -28.804 16.564
3552 60.0 -28.282 16.047
3324 120.0 -1.975 3.522
3336 120.0 -2.236 3.075
3348 120.0 -2.590 2.777
3360 120.0 -2.926 2.292
3372 120.0 -3.280 1.845
3384 120.0 -3.820 1.547
3396 120.0 -4.305 1.155
3408 120.0 -4.845 0.764
3420 120.0 -3.881 1.416
3432 120.0 -3.583 1.371
3444 120.0 -4.353 0.403
3456 120.0 -4.203 0.613
3468 120.0 -4.458 -0.423
3480 120.0 -4.203 -0.072
3492 120.0 -3.675 -0.573
3504 120.0 -3.916 -1.807
3516 120.0 -4.293 -3.219
3528 120.0 -3.696 -1.025
3540 120.0 -3.449 -1.945
3552 120.0 -3.354 -3.150
3396 111.0 -20.388 5.908
3408 111.0 -20.798 6.057
3420 111.0 -21.134 6.355
3432 111.0 -21.544 6.653
3444 111.0 -21.898 6.989
3456 111.0 -22.308 7.138
3468 111.0 -22.718 7.436
3480 111.0 -23.128 7.734
3492 111.0 -24.048 7.998
3504 111.0 -23.465 8.124
3516 111.0 -23.660 8.236
3528 111.0 -25.190 8.872
3540 111.0 -26.431 8.974
3552 111.0 -27.618 9.745
3564 111.0 -26.850 9.407
3576 111.0 -26.380 9.340
3588 111.0 -29.024 10.503
3600 111.0 -29.780 11.722
3612 111.0 -28.375 10.119
3624 111.0 -26.330 9.811
3408 124.0 -1.528 -4.361
3420 124.0 -1.379 -3.746
3432 124.0 -1.305 -3.131
3444 124.0 -1.174 -2.516
3456 124.0 -1.044 -1.901
3468 124.0 -0.969 -1.137
3480 124.0 -0.839 -0.522
3492 124.0 -0.764 0.242
3504 124.0 -0.786 -1.078
3516 124.0 -0.945 0.188
3528 124.0 -1.060 0.789
3540 124.0 -0.436 0.901
3552 124.0 -0.804 0.840
3564 124.0 -0.770 1.817
3576 124.0 -0.099 2.084
3588 124.0 0.226 3.502
3600 124.0 -0.364 2.067
3612 124.0 -0.177 4.943
3624 124.0 -0.917 2.872
3636 124.0 -0.526 2.350
3504 78.0 3.560 45.212
3516 78.0 3.560 45.212
3528 78.0 3.560 45.212
3540 78.0 3.560 45.212
3552 78.0 3.560 45.212
3564 78.0 3.560 45.212
3576 78.0 3.560 45.212
3588 78.0 3.560 45.212
3600 78.0 3.556 45.164
3612 78.0 3.537 45.176
3624 78.0 3.551 45.168
3636 78.0 3.472 45.152
3648 78.0 3.531 45.192
3660 78.0 3.533 45.205
3672 78.0 3.560 45.195
3684 78.0 3.560 45.181
3696 78.0 3.561 45.239
3708 78.0 3.547 45.176
3720 78.0 3.528 45.231
3732 78.0 3.528 45.222
3504 117.0 -7.548 -5.125
3516 117.0 -7.548 -5.125
3528 117.0 -7.548 -5.125
3540 117.0 -7.548 -5.125
3552 117.0 -7.548 -5.125
3564 117.0 -7.548 -5.125
3576 117.0 -7.548 -5.125
3588 117.0 -7.548 -5.125
3600 117.0 -7.517 -5.080
3612 117.0 -7.489 -5.080
3624 117.0 -7.476 -5.073
3636 117.0 -7.461 -5.050
3648 117.0 -7.440 -5.095
3660 117.0 -7.358 -5.100
3672 117.0 -7.415 -5.118
3684 117.0 -7.422 -5.117
3696 117.0 -7.429 -5.152
3708 117.0 -7.395 -5.170
3720 117.0 -7.373 -5.218
3732 117.0 -7.330 -5.224
3504 127.0 -20.519 -3.224
3516 127.0 -20.649 -2.665
3528 127.0 -20.761 -2.069
3540 127.0 -20.891 -1.603
3552 127.0 -21.040 -0.988
3564 127.0 -21.171 -0.447
3576 127.0 -21.283 0.168
3588 127.0 -21.413 0.690
3600 127.0 -21.088 0.417
3612 127.0 -21.312 0.360
3624 127.0 -21.282 0.631
3636 127.0 -21.014 2.105
3648 127.0 -21.211 2.606
3660 127.0 -21.129 2.043
3672 127.0 -21.250 1.684
3684 127.0 -21.228 2.525
3696 127.0 -21.233 3.458
3708 127.0 -21.280 2.245
3720 127.0 -21.498 3.739
3732 127.0 -21.793 4.406
3564 61.0 -25.878 14.492
3576 61.0 -25.862 14.469
3588 61.0 -25.846 14.445
3600 61.0 -25.830 14.422
3612 61.0 -25.815 14.399
3624 61.0 -25.799 14.376
3636 61.0 -25.783 14.353
3648 61.0 -25.768 14.330
3660 61.0 -25.727 14.327
3672 61.0 -25.753 14.337
3684 61.0 -25.817 14.359
3696 61.0 -25.833 14.333
3708 61.0 -25.838 14.487
3720 61.0 -25.766 14.471
3732 61.0 -25.786 14.465
3744 61.0 -25.782 14.462
3756 61.0 -25.762 14.481
3768 61.0 -25.855 14.498
3780 61.0 -25.856 14.477
3792 61.0 -25.939 14.489
3564 121.0 -11.200 -3.373
3576 121.0 -11.629 -3.671
3588 121.0 -12.114 -3.970
3600 121.0 -12.561 -4.286
3612 121.0 -12.840 -4.752
3624 121.0 -13.120 -5.349
3636 121.0 -13.381 -5.982
3648 121.0 -13.716 -6.430
3660 121.0 -12.531 -5.923
3672 121.0 -13.114 -6.146
3684 121.0 -13.462 -6.221
3696 121.0 -13.265 -6.139
3708 121.0 -13.350 -5.744
3720 121.0 -13.652 -5.649
3732 121.0 -14.284 -6.242
3744 121.0 -13.991 -7.264
3756 121.0 -13.905 -6.397
3768 121.0 -13.310 -7.028
3780 121.0 -13.770 -6.478
3792 121.0 -14.185 -6.726
3600 10.0 -17.593 -12.785
3612 10.0 -17.742 -12.188
3624 10.0 -17.947 -11.704
3636 10.0 -18.077 -11.256
3648 10.0 -18.226 -10.641
3660 10.0 -18.357 -10.175
3672 10.0 -18.562 -9.728
3684 10.0 -18.711 -9.113
3696 10.0 -18.544 -9.609
3708 10.0 -18.774 -9.866
3720 10.0 -18.659 -9.189
3732 10.0 -18.621 -8.950
3744 10.0 -18.514 -8.497
3756 10.0 -18.479 -7.972
3768 10.0 -18.707 -8.294
3780 10.0 -18.664 -6.380
3792 10.0 -19.069 -6.146
3804 10.0 -18.777 -5.916
3816 10.0 -18.329 -6.327
3828 10.0 -18.635 -6.508
3636 112.0 -25.426 9.832
3648 112.0 -25.427 9.858
3660 112.0 -25.428 9.884
3672 112.0 -25.429 9.910
3684 112.0 -25.430 9.937
3696 112.0 -25.431 9.963
3708 112.0 -25.432 9.989
3720 112.0 -25.433 10.015
3732 112.0 -25.450 10.053
3744 112.0 -25.505 9.996
3756 112.0 -25.478 10.071
3768 112.0 -25.446 10.026
3780 112.0 -25.523 9.912
3792 112.0 -25.439 9.923
3804 112.0 -25.425 9.880
3816 112.0 -25.440 9.854
3828 112.0 -25.424 9.838
3840 112.0 -25.428 9.889
3852 112.0 -25.438 9.896
3864 112.0 -25.460 9.928
3648 125.0 0.988 7.045
3660 125.0 1.118 7.827
3672 125.0 1.323 8.424
3684 125.0 1.528 9.057
3696 125.0 1.733 9.654
3708 125.0 1.938 10.101
3720 125.0 2.069 10.735
3732 125.0 2.292 11.331
3744 125.0 2.115 12.411
3756 125.0 2.145 12.576
3768 125.0 2.367 12.986
3780 125.0 2.817 13.003
3792 125.0 2.200 13.017
3804 125.0 1.857 12.849
3816 125.0 1.855 13.205
3828 125.0 2.260 12.530
3840 125.0 2.996 15.420
3852 125.0 2.876 15.311
3864 125.0 3.249 15.427
3876 125.0 1.670 13.985
3744 79.0 3.560 45.212
3756 79.0 3.560 45.212
3768 79.0 3.560 45.212
3780 79.0 3.560 45.212
3792 79.0 3.560 45.212
3804 79.0 3.560 45.212
3816 79.0 3.560 45.212
3828 79.0 3.560 45.212
3840 79.0 3.512 45.154
3852 79.0 3.443 45.121
3864 79.0 3.556 45.062
3876 79.0 3.492 45.161
3888 79.0 3.417 45.197
3900 79.0 3.473 45.213
3912 79.0 3.472 45.219
3924 79.0 3.506 45.167
3936 79.0 3.491 45.205
3948 79.0 3.446 45.164
3960 79.0 3.514 45.171
3972 79.0 3.564 45.185
3744 118.0 -7.548 -5.125
3756 118.0 -7.548 -5.125
3768 118.0 -7.548 -5.125
3780 118.0 -7.548 -5.125
3792 118.0 -7.548 -5.125
3804 118.0 -7.548 -5.125
3816 118.0 -7.548 -5.125
3828 118.0 -7.548 -5.125
3840 118.0 -7.582 -5.102
3852 118.0 -7.523 -5.079
3864 118.0 -7.537 -5.123
3876 118.0 -7.519 -5.136
3888 118.0 -7.530 -5.164
3900 118.0 -7.473 -5.156
3912 118.0 -7.488 -5.092
3924 118.0 -7.489 -5.114
3936 118.0 -7.478 -5.144
3948 118.0 -7.471 -5.167
3960 118.0 -7.499 -5.097
3972 118.0 -7.535 -5.109
3804 62.0 -22.028 9.970
3816 62.0 -21.823 9.505
3828 62.0 -21.544 9.039
3840 62.0 -21.134 8.591
3852 62.0 -20.798 7.976
3864 62.0 -20.388 7.361
3876 62.0 -19.978 6.746
3888 62.0 -19.643 6.280
3900 62.0 -19.579 6.531
3912 62.0 -19.109 5.512
3924 62.0 -18.279 5.287
3936 62.0 -17.339 5.094
3948 62.0 -18.413 6.385
3960 62.0 -18.313 6.894
3972 62.0 -17.406 4.798
3984 62.0 -17.197 5.456
3996 62.0 -17.062 5.542
4008 62.0 -15.571 4.016
4020 62.0 -19.603 7.638
4032 62.0 -17.507 5.367
3804 122.0 -16.885 -13.623
3816 122.0 -17.034 -13.940
3828 122.0 -17.034 -13.940
3840 122.0 -17.034 -13.940
3852 122.0 -17.034 -13.940
3864 122.0 -17.034 -13.940
3876 122.0 -17.034 -13.940
3888 122.0 -17.034 -13.940
3900 122.0 -16.914 -14.163
3912 122.0 -17.079 -14.298
3924 122.0 -17.241 -14.471
3936 122.0 -16.901 -14.726
3948 122.0 -16.910 -14.940
3960 122.0 -17.025 -15.249
3972 122.0 -16.897 -15.825
3984 122.0 -17.066 -16.233
3996 122.0 -16.833 -16.607
4008 122.0 -16.885 -17.259
4020 122.0 -16.709 -17.454
4032 122.0 -16.803 -17.974
3840 11.0 -20.351 -2.050
3852 11.0 -20.481 -1.454
3864 11.0 -20.686 -0.988
3876 11.0 -20.910 -0.522
3888 11.0 -21.096 0.075
3900 11.0 -21.245 0.540
3912 11.0 -21.450 1.006
3924 11.0 -21.655 1.603
3936 11.0 -21.150 1.965
3948 11.0 -21.471 2.045
3960 11.0 -21.625 3.066
3972 11.0 -21.464 3.270
3984 11.0 -21.528 4.255
3996 11.0 -21.170 4.006
4008 11.0 -21.417 5.159
4020 11.0 -21.235 4.553
4032 11.0 -21.654 8.289
4044 11.0 -20.951 6.109
4056 11.0 -22.200 6.481
4068 11.0 -21.188 5.591
3876 12.0 -15.897 34.869
3888 12.0 -15.412 35.018
3900 12.0 -14.853 35.316
3912 12.0 -14.313 35.465
3924 12.0 -13.772 35.782
3936 12.0 -13.139 35.931
3948 12.0 -12.598 36.248
3960 12.0 -12.114 36.695
3972 12.0 -12.650 35.736
3984 12.0 -12.871 35.553
3996 12.0 -13.353 35.741
4008 12.0 -13.453 35.418
4020 12.0 -12.904 35.194
4032 12.0 -12.856 35.335
4044 12.0 -13.682 35.631
4056 12.0 -13.648 35.527
4068 12.0 -13.524 35.466
4080 12.0 -13.238 35.214
4092 12.0 -12.186 34.810
4104 12.0 -11.482 34.798
3876 113.0 -25.445 10.355
3888 113.0 -25.445 10.381
3900 113.0 -25.447 10.407
3912 113.0 -25.447 10.433
3924 113.0 -25.448 10.459
3936 113.0 -25.449 10.485
3948 113.0 -25.450 10.511
3960 113.0 -25.451 10.537
3972 113.0 -25.391 10.485
3984 113.0 -25.434 10.493
3996 113.0 -25.445 10.455
4008 113.0 -25.436 10.463
4020 113.0 -25.483 10.407
4032 113.0 -25.467 10.448
4044 113.0 -25.426 10.406
4056 113.0 -25.435 10.479
4068 113.0 -25.494 10.473
4080 113.0 -25.490 10.518
4092 113.0 -25.476 10.561
4104 113.0 -25.471 10.676
3984 80.0 3.560 45.212
3996 80.0 3.560 45.212
4008 80.0 3.522 45.137
4020 80.0 3.522 45.137
4032 80.0 3.522 45.137
4044 80.0 3.522 45.137
4056 80.0 3.522 45.137
4068 80.0 3.522 45.212
4080 80.0 3.496 45.184
4092 80.0 3.516 45.155
4104 80.0 3.433 45.181
4116 80.0 3.471 45.235
4128 80.0 3.498 45.225
4140 80.0 3.523 45.206
4152 80.0 3.590 45.164
4164 80.0 3.632 45.185
4176 80.0 3.584 45.248
4188 80.0 3.517 45.179
4200 80.0 3.536 45.215
4212 80.0 3.480 45.240
3996 14.0 3.429 43.963
4008 14.0 3.429 43.963
4020 14.0 3.429 43.963
4032 14.0 3.429 43.963
4044 14.0 3.429 43.963
4056 14.0 3.429 43.963
4068 14.0 3.429 43.963
4080 14.0 3.429 43.963
4092 14.0 3.453 43.994
4104 14.0 3.396 43.955
4116 14.0 3.351 43.985
4128 14.0 3.339 43.979
4140 14.0 3.221 43.956
4152 14.0 3.339 43.937
4164 14.0 3.314 43.976
4176 14.0 3.385 43.940
4188 14.0 3.390 44.014
4200 14.0 3.377 44.052
4212 14.0 3.418 44.085
4224 14.0 3.424 44.037
4044 63.0 -17.816 -0.540
4056 63.0 -17.779 -1.137
4068 63.0 -17.686 -1.603
4080 63.0 -17.611 -2.218
4092 63.0 -17.574 -2.740
4104 63.0 -17.500 -3.224
4116 63.0 -17.425 -3.820
4128 63.0 -17.388 -4.361
4140 63.0 -17.220 -4.914
4152 63.0 -17.065 -5.773
4164 63.0 -17.267 -5.622
4176 63.0 -16.936 -5.059
4188 63.0 -16.801 -6.393
4200 63.0 -17.303 -7.101
4212 63.0 -16.665 -8.827
4224 63.0 -16.867 -9.130
4236 63.0 -16.493 -8.064
4248 63.0 -17.060 -9.156
4260 63.0 -16.882 -9.578
4272 63.0 -17.436 -9.518
4116 13.0 -5.535 41.839
4128 13.0 -5.181 42.286
4140 13.0 -4.845 42.901
4152 13.0 -4.566 43.367
4164 13.0 -4.230 43.982
4176 13.0 -3.876 44.429
4188 13.0 -3.541 45.044
4200 13.0 -3.205 45.510
4212 13.0 -4.041 45.955
4224 13.0 -3.769 46.154
4236 13.0 -3.657 46.200
4248 13.0 -3.009 46.481
4260 13.0 -3.237 46.120
4272 13.0 -3.182 47.944
4284 13.0 -3.147 47.605
4296 13.0 -2.925 47.038
4308 13.0 -2.682 47.877
4320 13.0 -3.112 47.623
4332 13.0 -2.842 47.444
4344 13.0 -2.802 48.188
4116 114.0 -23.743 8.442
4128 114.0 -23.407 7.958
4140 114.0 -23.128 7.660
4152 114.0 -22.848 7.361
4164 114.0 -22.587 6.895
4176 114.0 -22.289 6.579
4188 114.0 -22.103 6.131
4200 114.0 -22.028 5.684
4212 114.0 -20.975 5.647
4224 114.0 -20.874 5.876
4236 114.0 -20.773 5.995
4248 114.0 -20.355 5.397
4260 114.0 -18.608 5.140
4272 114.0 -19.036 4.733
4284 114.0 -19.583 5.278
4296 114.0 -18.671 4.387
4308 114.0 -19.215 4.729
4320 114.0 -18.369 4.150
4332 114.0 -18.547 4.845
4344 114.0 -18.621 4.515
4224 81.0 3.522 45.286
4236 81.0 3.522 45.286
4248 81.0 3.522 45.286
4260 81.0 3.485 45.361
4272 81.0 3.485 45.361
4284 81.0 3.485 45.361
4296 81.0 3.485 45.361
4308 81.0 3.485 45.361
4320 81.0 3.495 45.375
4332 81.0 3.483 45.403
4344 81.0 3.518 45.393
4356 81.0 3.527 45.396
4368 81.0 3.480 45.429
4380 81.0 3.480 45.423
4392 81.0 3.573 45.332
4404 81.0 3.624 45.419
4416 81.0 3.562 45.354
4428 81.0 3.606 45.338
4440 81.0 3.584 45.256
4452 81.0 3.592 45.288
4236 15.0 3.429 43.963
4248 15.0 3.429 43.963
4260 15.0 3.429 43.963
4272 15.0 3.429 43.963
4284 15.0 3.429 43.963
4296 15.0 3.429 43.963
4308 15.0 3.429 43.963
4320 15.0 3.429 43.963
4332 15.0 3.402 43.960
4344 15.0 3.346 44.051
4356 15.0 3.325 44.075
4368 15.0 3.346 44.063
4380 15.0 3.309 44.098
4392 15.0 3.362 44.056
4404 15.0 3.372 44.010
4416 15.0 3.452 44.017
4428 15.0 3.394 44.041
4440 15.0 3.423 44.017
4452 15.0 3.506 43.950
4464 15.0 3.496 43.991
4356 115.0 -20.947 -0.149
4368 115.0 -20.873 -0.466
4380 115.0 -20.798 -0.913
4392 115.0 -20.649 -1.360
4404 115.0 -20.575 -1.845
4416 115.0 -20.519 -2.292
4428 115.0 -20.463 -2.740
4440 115.0 -20.388 -3.224
4452 115.0 -20.483 -3.476
4464 115.0 -20.672 -3.323
4476 115.0 -20.644 -4.703
4488 115.0 -20.646 -4.750
4500 115.0 -20.423 -4.604
4512 115.0 -20.659 -6.062
4524 115.0 -20.523 -6.679
4536 115.0 -20.436 -6.288
4548 115.0 -20.125 -7.923
4560 115.0 -20.527 -8.133
4572 115.0 -20.914 -7.876
4584 115.0 -21.100 -9.001
4464 82.0 3.485 45.510
4476 82.0 3.485 45.510
4488 82.0 3.485 45.510
4500 82.0 3.485 45.585
4512 82.0 3.448 45.510
4524 82.0 3.448 45.510
4536 82.0 3.448 45.436
4548 82.0 3.448 45.436
4560 82.0 3.498 45.421
4572 82.0 3.473 45.511
4584 82.0 3.457 45.522
4596 82.0 3.471 45.521
4608 82.0 3.469 45.543
4620 82.0 3.506 45.522
4632 82.0 3.440 45.522
4644 82.0 3.471 45.518
4656 82.0 3.470 45.504
4668 82.0 3.481 45.497
4680 82.0 3.472 45.496
4692 82.0 3.422 45.505
4596 116.0 -19.661 -9.579
4608 116.0 -19.624 -10.026
4620 116.0 -19.568 -10.492
4632 116.0 -19.494 -10.958
4644 116.0 -19.494 -11.405
4656 116.0 -19.419 -11.778
4668 116.0 -19.382 -12.188
4680 116.0 -19.345 -12.635
4692 116.0 -19.216 -13.266
4704 116.0 -19.380 -13.474
4716 116.0 -19.601 -13.843
4728 116.0 -18.972 -14.661
4740 116.0 -19.053 -14.915
4752 116.0 -19.098 -14.983
4764 116.0 -19.046 -15.623
4776 116.0 -19.351 -16.227
4788 116.0 -19.225 -16.343
4800 116.0 -19.242 -16.958
4812 116.0 -19.173 -16.599
4824 116.0 -18.700 -17.295
4704 83.0 3.448 45.137
4716 83.0 3.448 45.063
4728 83.0 3.448 45.063
4740 83.0 3.448 45.063
4752 83.0 3.485 45.063
4764 83.0 3.485 45.063
4776 83.0 3.485 45.063
4788 83.0 3.485 44.970
4800 83.0 3.374 45.005
4812 83.0 3.298 44.979
4824 83.0 3.311 44.966
4836 83.0 3.241 45.079
4848 83.0 3.252 45.049
4860 83.0 3.138 45.091
4872 83.0 3.177 45.071
4884 83.0 3.301 45.006
4896 83.0 3.276 45.167
4908 83.0 3.077 45.121
4920 83.0 3.198 45.041
4932 83.0 3.305 45.009
4836 74.0 4.883 14.220
4848 74.0 4.249 13.250
4860 74.0 3.690 12.654
4872 74.0 3.131 12.170
4884 74.0 2.609 11.573
4896 74.0 2.385 11.126
4908 74.0 2.385 10.790
4920 74.0 2.255 10.343
4932 74.0 3.237 10.970
4944 74.0 3.596 10.610
4956 74.0 3.322 9.567
4968 74.0 3.750 9.688
4980 74.0 3.443 8.525
4992 74.0 3.474 9.846
5004 74.0 3.934 8.408
5016 74.0 4.416 7.508
5028 74.0 3.814 9.237
5040 74.0 4.582 4.673
5052 74.0 4.098 5.594
5064 74.0 3.684 4.916
4848 29.0 4.547 16.232
4860 29.0 4.286 15.487
4872 29.0 3.988 14.853
4884 29.0 3.727 14.257
4896 29.0 3.466 13.474
4908 29.0 3.168 12.878
4920 29.0 2.907 12.263
4932 29.0 2.758 11.648
4944 29.0 3.527 11.858
4956 29.0 3.575 11.383
4968 29.0 3.252 10.903
4980 29.0 3.513 10.612
4992 29.0 3.327 10.587
5004 29.0 3.882 9.530
5016 29.0 4.148 9.663
5028 29.0 3.962 8.600
5040 29.0 4.127 7.262
5052 29.0 3.972 6.618
5064 29.0 3.700 8.143
5076 29.0 3.610 8.953
4944 84.0 3.485 44.671
4956 84.0 3.485 44.671
4968 84.0 3.485 44.597
4980 84.0 3.485 44.597
4992 84.0 3.485 44.597
5004 84.0 3.485 44.597
5016 84.0 3.485 44.597
5028 84.0 3.485 44.597
5040 84.0 3.474 44.612
5052 84.0 3.533 44.671
5064 84.0 3.450 44.633
5076 84.0 3.507 44.690
5088 84.0 3.535 44.640
5100 84.0 3.520 44.640
5112 84.0 3.507 44.622
5124 84.0 3.448 44.683
5136 84.0 3.452 44.689
5148 84.0 3.466 44.661
5160 84.0 3.508 44.674
5172 84.0 3.483 44.680
5004 24.0 3.615 43.665
5016 24.0 3.615 43.665
5028 24.0 3.615 43.665
5040 24.0 3.615 43.665
5052 24.0 3.615 43.665
5064 24.0 3.615 43.665
5076 24.0 3.615 43.665
5088 24.0 3.615 43.665
5100 24.0 3.636 43.612
5112 24.0 3.651 43.652
5124 24.0 3.597 43.660
5136 24.0 3.563 43.651
5148 24.0 3.585 43.668
5160 24.0 3.547 43.650
5172 24.0 3.592 43.626
5184 24.0 3.581 43.657
5196 24.0 3.581 43.742
5208 24.0 3.559 43.751
5220 24.0 3.601 43.776
5232 24.0 3.619 43.717
5076 75.0 0.149 3.224
5088 75.0 0.019 2.684
5100 75.0 -0.112 2.162
5112 75.0 -0.317 1.603
5124 75.0 -0.447 1.081
5136 75.0 -0.596 0.540
5148 75.0 -0.764 0.000
5160 75.0 -0.895 -0.522
5172 75.0 -0.461 -0.920
5184 75.0 -0.234 -1.225
5196 75.0 -0.471 -2.167
5208 75.0 -0.361 -1.726
5220 75.0 -0.874 -2.296
5232 75.0 -0.433 -4.002
5244 75.0 -0.543 -3.293
5256 75.0 -0.836 -3.948
5268 75.0 -0.835 -4.855
5280 75.0 -0.001 -5.838
5292 75.0 -0.512 -6.075
5304 75.0 -0.590 -7.359
5088 30.0 0.373 4.603
5100 30.0 0.149 4.137
5112 30.0 -0.112 3.597
5124 30.0 -0.391 3.150
5136 30.0 -0.671 2.609
5148 30.0 -0.895 2.143
5160 30.0 -1.174 1.621
5172 30.0 -1.454 1.155
5184 30.0 -0.829 1.746
5196 30.0 -0.583 1.229
5208 30.0 -0.597 0.715
5220 30.0 -0.253 0.518
5232 30.0 -0.520 0.124
5244 30.0 -0.092 -0.946
5256 30.0 0.204 -0.767
5268 30.0 -0.099 -1.653
5280 30.0 -0.131 -2.306
5292 30.0 0.095 -2.112
5304 30.0 -0.114 -1.264
5316 30.0 0.003 -2.944
5088 72.0 -18.860 -12.337
5100 72.0 -19.158 -12.020
5112 72.0 -19.233 -11.405
5124 72.0 -19.345 -10.958
5136 72.0 -19.419 -10.343
5148 72.0 -19.494 -9.877
5160 72.0 -19.643 -9.262
5172 72.0 -19.699 -8.796
5184 72.0 -19.503 -8.950
5196 72.0 -19.412 -8.481
5208 72.0 -19.434 -8.337
5220 72.0 -19.322 -7.814
5232 72.0 -19.543 -7.842
5244 72.0 -19.182 -7.745
5256 72.0 -19.355 -7.454
5268 72.0 -19.219 -7.141
5280 72.0 -19.290 -6.801
5292 72.0 -19.510 -6.340
5304 72.0 -19.310 -5.901
5316 72.0 -19.233 -5.295
5184 85.0 3.410 44.970
5196 85.0 3.410 44.970
5208 85.0 3.410 45.063
5220 85.0 3.410 45.063
5232 85.0 3.410 45.063
5244 85.0 3.410 45.137
5256 85.0 3.373 45.137
5268 85.0 3.373 45.212
5280 85.0 3.321 45.201
5292 85.0 3.411 45.134
5304 85.0 3.396 45.037
5316 85.0 3.346 45.084
5328 85.0 3.344 45.064
5340 85.0 3.303 45.124
5352 85.0 3.298 45.028
5364 85.0 3.342 45.046
5376 85.0 3.338 45.073
5388 85.0 3.395 45.031
5400 85.0 3.402 45.070
5412 85.0 3.406 45.093
5208 18.0 1.025 52.014
5220 18.0 0.857 51.250
5232 18.0 0.783 50.784
5244 18.0 0.708 50.337
5256 18.0 0.634 49.722
5268 18.0 0.559 49.256
5280 18.0 0.503 48.809
5292 18.0 0.447 48.343
5304 18.0 0.612 48.458
5316 18.0 0.691 47.555
5328 18.0 0.904 46.814
5340 18.0 0.583 45.481
5352 18.0 1.123 45.854
5364 18.0 0.981 45.176
5376 18.0 0.682 44.095
5388 18.0 1.117 43.272
5400 18.0 0.727 42.857
5412 18.0 0.652 41.721
5424 18.0 0.720 45.457
5436 18.0 0.454 45.642
5244 25.0 3.615 43.665
5256 25.0 3.615 43.665
5268 25.0 3.615 43.665
5280 25.0 3.615 43.665
5292 25.0 3.615 43.665
5304 25.0 3.615 43.665
5316 25.0 3.615 43.665
5328 25.0 3.615 43.665
5340 25.0 3.691 43.711
5352 25.0 3.702 43.736
5364 25.0 3.573 43.753
5376 25.0 3.583 43.646
5388 25.0 3.549 43.687
5400 25.0 3.509 43.720
5412 25.0 3.615 43.710
5424 25.0 3.659 43.655
5436 25.0 3.599 43.631
5448 25.0 3.588 43.626
5460 25.0 3.571 43.659
5472 25.0 3.575 43.675
5244 69.0 4.622 13.493
5256 69.0 4.063 13.176
5268 69.0 3.522 12.878
5280 69.0 2.982 12.729
5292 69.0 2.497 12.412
5304 69.0 1.938 12.114
5316 69.0 1.398 11.797
5328 69.0 0.857 11.648
5340 69.0 0.321 11.968
5352 69.0 0.679 11.660
5364 69.0 0.262 12.235
5376 69.0 -0.251 12.760
5388 69.0 -0.189 12.332
5400 69.0 -0.157 12.569
5412 69.0 0.388 12.471
5424 69.0 -0.171 11.862
5436 69.0 -0.095 12.866
5448 69.0 -0.708 12.697
5460 69.0 0.227 12.726
5472 69.0 -0.825 13.352
5316 76.0 -1.864 -4.044
5328 76.0 -1.864 -4.361
5340 76.0 -1.994 -4.827
5352 76.0 -2.199 -5.125
5364 76.0 -2.348 -5.572
5376 76.0 -2.479 -5.908
5388 76.0 -2.684 -6.355
5400 76.0 -2.833 -6.802
5412 76.0 -2.960 -6.298
5424 76.0 -2.934 -7.571
5436 76.0 -2.870 -8.150
5448 76.0 -2.920 -8.604
5460 76.0 -2.487 -8.973
5472 76.0 -2.380 -8.930
5484 76.0 -2.653 -9.879
5496 76.0 -2.729 -10.337
5508 76.0 -1.930 -12.056
5520 76.0 -2.256 -12.132
5532 76.0 -2.369 -11.876
5544 76.0 -2.188 -11.281
5424 86.0 3.299 45.510
5436 86.0 3.299 45.585
5448 86.0 3.299 45.585
5460 86.0 3.299 45.585
5472 86.0 3.299 45.659
5484 86.0 3.299 45.659
5496 86.0 3.299 45.659
5508 86.0 3.336 45.659
5520 86.0 3.368 45.660
5532 86.0 3.313 45.674
5544 86.0 3.309 45.704
5556 86.0 3.203 45.618
5568 86.0 3.226 45.572
5580 86.0 3.311 45.582
5592 86.0 3.313 45.518
5604 86.0 3.352 45.594
5616 86.0 3.355 45.586
5628 86.0 3.323 45.627
5640 86.0 3.268 45.562
5652 86.0 3.157 45.560
5484 70.0 -5.740 7.212
5496 70.0 -6.150 6.746
5508 70.0 -6.560 6.206
5520 70.0 -6.840 5.740
5532 70.0 -7.175 5.293
5544 70.0 -7.455 4.752
5556 70.0 -7.790 4.286
5568 70.0 -8.107 3.914
5580 70.0 -7.703 4.155
5592 70.0 -8.124 4.444
5604 70.0 -7.944 4.574
5616 70.0 -8.471 2.037
5628 70.0 -8.588 2.715
5640 70.0 -8.768 3.782
5652 70.0 -7.671 3.111
5664 70.0 -7.370 1.557
5676 70.0 -7.290 1.251
5688 70.0 -7.434 1.496
5700 70.0 -7.401 1.604
5712 70.0 -7.264 3.043
5556 77.0 -3.522 -9.877
5568 77.0 -3.522 -9.877
5580 77.0 -3.485 -9.877
5592 77.0 -3.522 -10.026
5604 77.0 -3.522 -10.026
5616 77.0 -3.522 -10.101
5628 77.0 -3.541 -10.101
5640 77.0 -3.541 -10.175
5652 77.0 -3.507 -10.083
5664 77.0 -3.505 -9.949
5676 77.0 -3.487 -9.986
5688 77.0 -3.471 -10.000
5700 77.0 -3.448 -10.075
5712 77.0 -3.452 -9.967
5724 77.0 -3.396 -9.986
5736 77.0 -3.355 -10.031
5748 77.0 -3.416 -9.938
5760 77.0 -3.490 -10.054
5772 77.0 -3.507 -9.987
5784 77.0 -3.545 -9.947
5604 73.0 4.510 12.952
5616 73.0 3.970 12.952
5628 73.0 3.410 12.952
5640 73.0 2.870 12.803
5652 73.0 2.330 12.803
5664 73.0 1.770 12.635
5676 73.0 1.230 12.635
5688 73.0 0.671 12.635
5700 73.0 1.455 12.225
5712 73.0 1.816 12.456
5724 73.0 1.432 12.539
5736 73.0 2.120 12.254
5748 73.0 1.738 12.354
5760 73.0 0.786 12.706
5772 73.0 1.189 12.147
5784 73.0 0.378 12.924
5796 73.0 -1.280 12.944
5808 73.0 -1.376 12.720
5820 73.0 -0.417 13.277
5832 73.0 -1.948 12.824
5664 87.0 3.373 45.436
5676 87.0 3.373 45.436
5688 87.0 3.410 45.436
5700 87.0 3.410 45.436
5712 87.0 3.410 45.436
5724 87.0 3.410 45.361
5736 87.0 3.410 45.361
5748 87.0 3.410 45.361
5760 87.0 3.391 45.372
5772 87.0 3.509 45.283
5784 87.0 3.351 45.339
5796 87.0 3.392 45.404
5808 87.0 3.347 45.348
5820 87.0 3.347 45.334
5832 87.0 3.380 45.419
5844 87.0 3.336 45.361
5856 87.0 3.351 45.411
5868 87.0 3.339 45.430
5880 87.0 3.331 45.414
5892 87.0 3.368 45.447
5724 71.0 -12.151 -2.218
5736 71.0 -12.430 -2.833
5748 71.0 -12.710 -3.280
5760 71.0 -12.971 -3.895
5772 71.0 -13.250 -4.361
5784 71.0 -13.530 -4.827
5796 71.0 -13.791 -5.442
5808 71.0 -14.070 -5.889
5820 71.0 -13.294 -5.531
5832 71.0 -13.762 -5.784
5844 71.0 -13.177 -6.033
5856 71.0 -12.745 -6.492
5868 71.0 -12.633 -7.393
5880 71.0 -12.888 -8.537
5892 71.0 -12.518 -9.901
5904 71.0 -12.467 -9.769
5916 71.0 -12.887 -10.356
5928 71.0 -12.768 -10.067
5940 71.0 -12.049 -10.133
5952 71.0 -12.230 -9.297
6336 42.0 1.770 15.245
6348 42.0 1.062 15.245
6360 42.0 0.429 15.245
6372 42.0 -0.112 15.245
6384 42.0 -0.727 15.245
6396 42.0 -1.286 15.394
6408 42.0 -1.901 15.394
6420 42.0 -2.441 15.394
6432 42.0 -1.608 14.878
6444 42.0 -1.849 14.989
6456 42.0 -2.137 15.069
6468 42.0 -2.535 14.992
6480 42.0 -1.739 14.464
6492 42.0 -2.640 14.377
6504 42.0 -1.740 14.355
6516 42.0 -3.067 14.160
6528 42.0 -3.588 15.067
6540 42.0 -3.292 14.171
6552 42.0 -3.391 14.786
6564 42.0 -3.915 14.591
6504 40.0 3.765 44.206
6516 40.0 3.765 44.206
6528 40.0 3.765 44.206
6540 40.0 3.765 44.206
6552 40.0 3.765 44.206
6564 40.0 3.765 44.206
6576 40.0 3.765 44.206
6588 40.0 3.765 44.206
6600 40.0 3.732 44.224
6612 40.0 3.734 44.258
6624 40.0 3.801 44.305
6636 40.0 3.779 44.287
6648 40.0 3.754 44.318
6660 40.0 3.803 44.286
6672 40.0 3.756 44.258
6684 40.0 3.733 44.271
6696 40.0 3.702 44.275
6708 40.0 3.720 44.257
6720 40.0 3.761 44.219
6732 40.0 3.749 44.200
6504 44.0 -20.407 19.326
6516 44.0 -19.810 19.326
6528 44.0 -19.177 19.326
6540 44.0 -18.506 19.326
6552 44.0 -17.872 19.326
6564 44.0 -17.257 19.326
6576 44.0 -16.568 19.326
6588 44.0 -15.971 19.326
6600 44.0 -16.944 19.159
6612 44.0 -16.849 19.163
6624 44.0 -17.141 19.137
6636 44.0 -17.283 18.992
6648 44.0 -16.998 18.990
6660 44.0 -16.772 19.135
6672 44.0 -15.987 18.773
6684 44.0 -16.109 19.263
6696 44.0 -15.673 19.382
6708 44.0 -15.328 18.797
6720 44.0 -14.969 19.130
6732 44.0 -16.221 19.471
6504 46.0 -7.492 -5.367
6516 46.0 -7.492 -5.367
6528 46.0 -7.492 -5.367
6540 46.0 -7.492 -5.367
6552 46.0 -7.492 -5.367
6564 46.0 -7.492 -5.367
6576 46.0 -7.492 -5.367
6588 46.0 -7.492 -5.367
6600 46.0 -7.550 -5.395
6612 46.0 -7.631 -5.387
6624 46.0 -7.556 -5.373
6636 46.0 -7.565 -5.432
6648 46.0 -7.556 -5.431
6660 46.0 -7.581 -5.458
6672 46.0 -7.556 -5.428
6684 46.0 -7.538 -5.433
6696 46.0 -7.532 -5.445
6708 46.0 -7.441 -5.374
6720 46.0 -7.404 -5.362
6732 46.0 -7.402 -5.355
6576 43.0 -10.604 16.251
6588 43.0 -11.014 16.251
6600 43.0 -11.499 16.251
6612 43.0 -11.983 16.251
6624 43.0 -12.468 16.251
6636 43.0 -13.008 16.251
6648 43.0 -13.549 16.251
6660 43.0 -14.108 16.400
6672 43.0 -14.887 16.723
6684 43.0 -13.342 16.485
6696 43.0 -14.580 16.742
6708 43.0 -14.404 16.809
6720 43.0 -14.507 16.723
6732 43.0 -15.354 17.019
6744 43.0 -16.579 17.865
6756 43.0 -15.574 17.686
6768 43.0 -16.226 18.110
6780 43.0 -16.847 17.627
6792 43.0 -16.355 17.447
6804 43.0 -16.778 17.955
6744 41.0 3.765 44.206
6756 41.0 3.765 44.206
6768 41.0 3.765 44.206
6780 41.0 3.765 44.206
6792 41.0 3.765 44.206
6804 41.0 3.765 44.206
6816 41.0 3.765 44.206
6828 41.0 3.765 44.206
6840 41.0 3.778 44.252
6852 41.0 3.797 44.277
6864 41.0 3.757 44.273
6876 41.0 3.756 44.231
6888 41.0 3.795 44.233
6900 41.0 3.800 44.215
6912 41.0 3.769 44.221
6924 41.0 3.776 44.189
6936 41.0 3.759 44.239
6948 41.0 3.658 44.193
6960 41.0 3.722 44.168
6972 41.0 3.760 44.153
6744 45.0 -7.734 19.475
6756 45.0 -7.100 19.475
6768 45.0 -6.430 19.475
6780 45.0 -5.796 19.475
6792 45.0 -5.200 19.475
6804 45.0 -4.566 19.475
6816 45.0 -3.951 19.475
6828 45.0 -3.261 19.475
6840 45.0 -4.588 19.439
6852 45.0 -4.864 19.704
6864 45.0 -4.161 19.329
6876 45.0 -4.518 19.143
6888 45.0 -4.476 19.346
6900 45.0 -3.270 19.226
6912 45.0 -3.938 19.403
6924 45.0 -2.940 19.163
6936 45.0 -2.186 18.743
6948 45.0 -3.136 19.412
6960 45.0 -2.606 18.866
6972 45.0 -3.024 19.032
6744 47.0 -7.492 -5.367
6756 47.0 -7.492 -5.367
6768 47.0 -7.492 -5.367
6780 47.0 -7.492 -5.367
6792 47.0 -7.492 -5.367
6804 47.0 -7.492 -5.367
6816 47.0 -7.492 -5.367
6828 47.0 -7.492 -5.367
6840 47.0 -7.527 -5.336
6852 47.0 -7.494 -5.273
6864 47.0 -7.528 -5.277
6876 47.0 -7.563 -5.329
6888 47.0 -7.531 -5.294
6900 47.0 -7.497 -5.299
6912 47.0 -7.511 -5.319
6924 47.0 -7.514 -5.302
6936 47.0 -7.478 -5.311
6948 47.0 -7.466 -5.291
6960 47.0 -7.493 -5.313
6972 47.0 -7.461 -5.289
6840 2.0 5.032 14.406
6852 2.0 4.417 14.406
6864 2.0 3.802 14.555
6876 2.0 3.168 14.555
6888 2.0 2.572 14.704
6900 2.0 1.938 14.704
6912 2.0 1.323 14.704
6924 2.0 0.708 14.872
6936 2.0 1.663 15.060
6948 2.0 2.083 15.153
6960 2.0 1.350 14.806
6972 2.0 0.627 15.069
6984 2.0 -0.052 14.959
6996 2.0 -1.140 15.416
7008 2.0 -0.048 14.970
7020 2.0 -1.440 15.943
7032 2.0 -1.639 15.677
7044 2.0 -2.479 16.766
7056 2.0 -1.569 15.733
7068 2.0 -1.285 16.104
6888 0.0 3.578 19.158
6900 0.0 3.243 18.543
6912 0.0 2.833 17.928
6924 0.0 2.497 17.313
6936 0.0 2.143 16.698
6948 0.0 1.733 16.102
6960 0.0 1.398 15.468
6972 0.0 0.988 14.872
6984 0.0 1.727 15.694
6996 0.0 1.846 14.458
7008 0.0 2.134 14.332
7020 0.0 2.494 13.859
7032 0.0 2.431 13.175
7044 0.0 2.612 12.685
7056 0.0 2.587 12.606
7068 0.0 2.598 12.138
7080 0.0 3.119 12.195
7092 0.0 2.858 11.021
7104 0.0 3.255 8.590
7116 0.0 2.476 12.253
6996 159.0 -17.369 -14.704
7008 159.0 -17.295 -14.406
7020 159.0 -17.090 -13.623
7032 159.0 -16.940 -13.027
7044 159.0 -16.885 -12.412
7056 159.0 -16.885 -11.797
7068 159.0 -16.885 -11.182
7080 159.0 -16.940 -10.567
7092 159.0 -16.782 -10.772
7104 159.0 -16.614 -9.714
7116 159.0 -16.569 -8.806
7128 159.0 -16.427 -7.223
7140 159.0 -16.731 -9.356
7152 159.0 -17.019 -8.050
7164 159.0 -16.400 -7.140
7176 159.0 -16.325 -6.916
7188 159.0 -16.675 -5.885
7200 159.0 -16.503 -4.983
7212 159.0 -16.581 -7.388
7224 159.0 -16.270 -4.690
7080 3.0 -6.001 14.164
7092 3.0 -6.635 14.164
7104 3.0 -7.231 14.164
7116 3.0 -7.939 14.015
7128 3.0 -8.535 14.015
7140 3.0 -9.132 14.015
7152 3.0 -9.859 14.015
7164 3.0 -10.343 14.015
7176 3.0 -9.014 13.556
7188 3.0 -9.328 13.321
7200 3.0 -10.477 13.684
7212 3.0 -11.050 13.775
7224 3.0 -9.652 13.573
7236 3.0 -9.509 13.465
7248 3.0 -12.210 13.545
7260 3.0 -11.593 13.107
7272 3.0 -10.786 14.342
7284 3.0 -10.563 14.437
7296 3.0 -12.843 14.328
7308 3.0 -12.437 13.522
7128 1.0 -4.324 7.734
7140 1.0 -4.808 7.287
7152 1.0 -5.293 6.821
7164 1.0 -5.665 6.280
7176 1.0 -6.001 5.665
7188 1.0 -6.430 5.069
7200 1.0 -6.802 4.454
7212 1.0 -7.138 3.914
7224 1.0 -6.721 5.642
7236 1.0 -6.117 4.474
7248 1.0 -6.316 5.099
7260 1.0 -5.793 3.962
7272 1.0 -5.710 3.485
7284 1.0 -5.384 2.169
7296 1.0 -6.054 2.019
7308 1.0 -5.465 0.382
7320 1.0 -4.962 2.059
7332 1.0 -5.520 -0.920
7344 1.0 -4.975 0.675
7356 1.0 -5.519 1.917
7236 160.0 -16.885 -2.590
7248 160.0 -16.885 -1.994
7260 160.0 -16.829 -1.379
7272 160.0 -16.829 -0.764
7284 160.0 -16.754 -0.149
7296 160.0 -16.754 0.466
7308 160.0 -16.680 1.081
7320 160.0 -16.680 1.696
7332 160.0 -16.603 2.269
7344 160.0 -16.910 1.918
7356 160.0 -16.828 2.857
7368 160.0 -16.654 4.147
7380 160.0 -16.694 4.737
7392 160.0 -16.602 4.169
7404 160.0 -16.791 5.423
7416 160.0 -16.546 5.839
7428 160.0 -16.706 7.103
7440 160.0 -16.924 7.430
7452 160.0 -16.001 10.290
7464 160.0 -17.050 4.831
7308 157.0 4.696 13.791
7320 157.0 4.137 13.642
7332 157.0 3.653 13.493
7344 157.0 3.112 13.325
7356 157.0 2.628 13.176
7368 157.0 2.087 13.027
7380 157.0 1.603 12.878
7392 157.0 1.118 12.729
7404 157.0 1.952 13.075
7416 157.0 2.166 13.737
7428 157.0 1.713 14.189
7440 157.0 1.115 13.809
7452 157.0 0.868 13.727
7464 157.0 1.497 13.543
7476 157.0 1.535 13.569
7488 157.0 1.283 13.255
7500 157.0 1.578 13.616
7512 157.0 -0.634 13.931
7524 157.0 0.104 13.860
7536 157.0 -0.079 13.443
7476 161.0 -15.990 9.970
7488 161.0 -15.990 10.418
7500 161.0 -15.990 11.033
7512 161.0 -16.102 11.797
7524 161.0 -16.176 12.561
7536 161.0 -16.232 13.418
7548 161.0 -16.307 14.164
7560 161.0 -16.381 15.021
7572 161.0 -15.926 14.624
7584 161.0 -16.160 13.559
7596 161.0 -16.110 15.139
7608 161.0 -16.057 14.067
7620 161.0 -16.344 14.878
7632 161.0 -16.438 17.150
7644 161.0 -16.090 16.479
7656 161.0 -15.775 18.037
7668 161.0 -16.104 18.695
7680 161.0 -16.166 18.101
7692 161.0 -16.000 18.483
7704 161.0 -16.282 19.793
7548 158.0 -5.945 11.797
7560 158.0 -6.560 11.815
7572 158.0 -7.212 11.965
7584 158.0 -7.827 12.039
7596 158.0 -8.442 12.020
7608 158.0 -9.076 12.020
7620 158.0 -9.616 12.020
7632 158.0 -10.231 12.020
7644 158.0 -9.985 12.259
7656 158.0 -10.160 11.617
7668 158.0 -10.268 12.073
7680 158.0 -11.884 12.410
7692 158.0 -12.529 12.103
7704 158.0 -12.309 13.222
7716 158.0 -11.265 12.301
7728 158.0 -13.030 12.977
7740 158.0 -11.988 12.447
7752 158.0 -12.533 13.238
7764 158.0 -11.793 13.157
7776 158.0 -11.943 12.670
8496 16.0 -1.826 21.618
8508 16.0 -1.565 21.618
8520 16.0 -1.155 21.618
8532 16.0 -0.727 21.618
8544 16.0 -0.261 21.767
8556 16.0 0.149 21.767
8568 16.0 0.634 21.767
8580 16.0 1.044 21.767
8592 16.0 0.563 21.774
8604 16.0 1.612 21.652
8616 16.0 0.952 21.759
8628 16.0 1.800 21.899
8640 16.0 0.763 22.413
8652 16.0 1.299 21.833
8664 16.0 1.532 21.494
8676 16.0 1.387 21.946
8688 16.0 2.261 21.753
8700 16.0 1.172 21.892
8712 16.0 1.140 21.724
8724 16.0 1.604 21.877
8496 48.0 3.578 44.056
8508 48.0 3.578 44.056
8520 48.0 3.578 44.056
8532 48.0 3.578 44.056
8544 48.0 3.578 44.056
8556 48.0 3.578 44.056
8568 48.0 3.578 44.056
8580 48.0 3.578 44.056
8592 48.0 3.611 44.122
8604 48.0 3.626 44.124
8616 48.0 3.680 44.143
8628 48.0 3.629 44.125
8640 48.0 3.675 44.111
8652 48.0 3.645 44.086
8664 48.0 3.586 44.020
8676 48.0 3.572 44.097
8688 48.0 3.570 44.002
8700 48.0 3.554 44.031
8712 48.0 3.541 43.982
8724 48.0 3.478 44.003
8508 128.0 -7.138 -5.516
8520 128.0 -7.138 -5.516
8532 128.0 -7.138 -5.516
8544 128.0 -7.138 -5.516
8556 128.0 -7.138 -5.516
8568 128.0 -7.138 -5.516
8580 128.0 -7.138 -5.516
8592 128.0 -7.138 -5.516
8604 128.0 -7.182 -5.564
8616 128.0 -7.164 -5.598
8628 128.0 -7.116 -5.572
8640 128.0 -7.116 -5.590
8652 128.0 -7.134 -5.599
8664 128.0 -7.165 -5.594
8676 128.0 -7.206 -5.635
8688 128.0 -7.185 -5.596
8700 128.0 -7.167 -5.550
8712 128.0 -7.184 -5.491
8724 128.0 -7.189 -5.496
8736 128.0 -7.244 -5.509
8580 88.0 -25.625 14.015
8592 88.0 -25.215 13.120
8604 88.0 -24.880 12.188
8616 88.0 -24.470 11.256
8628 88.0 -24.115 10.660
8640 88.0 -23.780 9.877
8652 88.0 -23.370 9.281
8664 88.0 -23.016 8.647
8676 88.0 -22.712 8.231
8688 88.0 -22.440 9.438
8700 88.0 -21.711 6.984
8712 88.0 -20.963 7.182
8724 88.0 -20.642 8.536
8736 88.0 -23.005 11.386
8748 88.0 -22.570 9.175
8760 88.0 -20.171 7.022
8772 88.0 -21.005 8.805
8784 88.0 -21.322 6.920
8796 88.0 -20.462 7.837
8808 88.0 -22.548 7.327
8736 17.0 8.125 19.307
8748 17.0 8.591 19.009
8760 17.0 9.076 18.711
8772 17.0 9.560 18.543
8784 17.0 9.896 18.543
8796 17.0 9.896 18.543
8808 17.0 9.896 18.543
8820 17.0 9.896 18.543
8832 17.0 9.991 17.921
8844 17.0 10.874 17.839
8856 17.0 11.458 17.738
8868 17.0 11.951 17.089
8880 17.0 11.521 17.340
8892 17.0 12.569 17.010
8904 17.0 12.437 16.921
8916 17.0 12.544 16.721
8928 17.0 13.794 15.960
8940 17.0 13.303 16.016
8952 17.0 14.555 15.830
8964 17.0 14.677 15.321
8736 49.0 3.578 44.056
8748 49.0 3.578 44.056
8760 49.0 3.578 44.056
8772 49.0 3.578 44.056
8784 49.0 3.578 44.056
8796 49.0 3.578 44.056
8808 49.0 3.578 44.056
8820 49.0 3.578 44.056
8832 49.0 3.631 44.029
8844 49.0 3.623 44.081
8856 49.0 3.602 44.097
8868 49.0 3.579 44.117
8880 49.0 3.574 44.125
8892 49.0 3.578 44.155
8904 49.0 3.628 44.132
8916 49.0 3.554 44.178
8928 49.0 3.554 44.173
8940 49.0 3.591 44.161
8952 49.0 3.664 44.186
8964 49.0 3.651 44.080
8748 129.0 -7.138 -5.516
8760 129.0 -7.138 -5.516
8772 129.0 -7.138 -5.516
8784 129.0 -7.138 -5.516
8796 129.0 -7.138 -5.516
8808 129.0 -7.138 -5.516
8820 129.0 -7.138 -5.516
8832 129.0 -7.138 -5.516
8844 129.0 -7.142 -5.525
8856 129.0 -7.178 -5.496
8868 129.0 -7.150 -5.462
8880 129.0 -7.133 -5.527
8892 129.0 -7.136 -5.511
8904 129.0 -7.153 -5.521
8916 129.0 -7.165 -5.508
8928 129.0 -7.145 -5.544
8940 129.0 -7.174 -5.463
8952 129.0 -7.179 -5.445
8964 129.0 -7.150 -5.466
8976 129.0 -7.196 -5.440
8760 57.0 14.052 20.835
8772 57.0 14.462 21.693
8784 57.0 14.909 22.680
8796 57.0 15.245 22.997
8808 57.0 15.580 22.848
8820 57.0 15.878 22.680
8832 57.0 16.139 22.513
8844 57.0 16.475 22.364
8856 57.0 15.953 22.920
8868 57.0 16.132 22.810
8880 57.0 16.369 22.761
8892 57.0 16.234 23.021
8904 57.0 16.342 23.493
8916 57.0 16.287 23.915
8928 57.0 15.933 23.418
8940 57.0 16.518 23.434
8952 57.0 16.544 23.794
8964 57.0 16.144 23.503
8976 57.0 16.856 23.255
8988 57.0 16.348 23.702
