0 1.0 16.085 13.733
12 1.0 15.567 13.889
24 1.0 15.082 14.027
36 1.0 14.563 14.166
48 1.0 14.079 14.304
60 1.0 13.595 14.442
72 1.0 13.111 14.581
84 1.0 12.782 14.719
96 1.0 12.297 15.368
108 1.0 12.467 14.983
120 1.0 12.256 15.449
132 1.0 11.730 15.905
144 1.0 11.291 15.999
156 1.0 11.162 16.189
168 1.0 10.427 16.992
180 1.0 9.503 16.856
192 1.0 9.176 17.328
204 1.0 7.066 17.773
216 1.0 10.416 16.833
228 1.0 8.073 19.217
0 5.0 -18.455 11.364
12 5.0 -17.953 11.364
24 5.0 -17.435 11.364
36 5.0 -16.916 11.364
48 5.0 -16.397 11.364
60 5.0 -15.878 11.364
72 5.0 -15.359 11.364
84 5.0 -14.979 11.364
96 5.0 -15.203 11.328
108 5.0 -15.710 11.648
120 5.0 -16.693 10.967
132 5.0 -16.253 11.475
144 5.0 -16.305 11.475
156 5.0 -15.383 11.129
168 5.0 -15.201 11.284
180 5.0 -16.011 11.332
192 5.0 -16.148 11.605
204 5.0 -15.228 11.234
216 5.0 -14.379 11.217
228 5.0 -14.838 11.268
0 7.0 -19.977 -5.275
12 7.0 -19.839 -5.552
24 7.0 -19.718 -5.690
36 7.0 -19.597 -5.967
48 7.0 -19.458 -6.106
60 7.0 -19.130 -6.106
72 7.0 -18.732 -6.106
84 7.0 -18.490 -6.244
96 7.0 -18.245 -6.668
108 7.0 -17.696 -6.701
120 7.0 -17.839 -6.847
132 7.0 -17.826 -6.651
144 7.0 -17.400 -6.566
156 7.0 -16.871 -6.987
168 7.0 -16.134 -7.475
180 7.0 -16.316 -7.524
192 7.0 -15.816 -7.302
204 7.0 -15.597 -7.432
216 7.0 -15.926 -7.345
228 7.0 -14.648 -7.814
0 10.0 16.501 -0.017
12 10.0 16.501 -0.017
24 10.0 16.501 -0.017
36 10.0 16.501 -0.017
48 10.0 16.501 -0.017
60 10.0 16.501 -0.017
72 10.0 16.501 -0.017
84 10.0 16.501 -0.017
96 10.0 16.504 -0.027
108 10.0 16.459 0.003
120 10.0 16.481 0.018
132 10.0 16.399 -0.020
144 10.0 16.439 0.011
156 10.0 16.435 -0.004
168 10.0 16.432 -0.027
180 10.0 16.404 -0.017
192 10.0 16.440 0.035
204 10.0 16.505 0.031
216 10.0 16.464 0.007
228 10.0 16.501 0.072
0 12.0 6.002 10.533
12 12.0 6.382 10.257
24 12.0 6.832 10.118
36 12.0 7.299 9.963
48 12.0 7.766 9.824
60 12.0 8.147 9.547
72 12.0 8.596 9.409
84 12.0 9.046 9.271
96 12.0 8.660 9.225
108 12.0 8.876 8.823
120 12.0 10.030 8.557
132 12.0 9.939 8.606
144 12.0 9.821 8.420
156 12.0 10.734 7.989
168 12.0 12.111 7.189
180 12.0 11.235 7.696
192 12.0 12.098 7.437
204 12.0 11.253 7.551
216 12.0 10.698 7.542
228 12.0 12.365 6.715
108 3.0 -21.638 44.157
120 3.0 -21.361 43.742
132 3.0 -20.980 43.586
144 3.0 -20.600 43.448
156 3.0 -20.202 43.310
168 3.0 -19.804 43.171
180 3.0 -19.424 43.033
192 3.0 -19.043 43.033
204 3.0 -18.613 42.655
216 3.0 -18.346 42.532
228 3.0 -18.128 42.510
240 3.0 -17.486 41.990
252 3.0 -17.189 42.091
264 3.0 -17.408 41.515
276 3.0 -15.315 40.649
288 3.0 -17.491 41.895
300 3.0 -16.940 41.387
312 3.0 -14.978 40.751
324 3.0 -16.661 41.133
336 3.0 -15.080 39.969
240 2.0 6.555 15.982
252 2.0 6.036 15.982
264 2.0 5.517 16.120
276 2.0 5.050 16.258
288 2.0 4.532 16.258
300 2.0 4.220 16.397
312 2.0 3.892 16.674
324 2.0 3.632 16.812
336 2.0 3.742 17.339
348 2.0 3.210 17.522
360 2.0 2.903 17.493
372 2.0 2.959 17.397
384 2.0 2.871 17.346
396 2.0 2.496 17.343
408 2.0 0.850 18.577
420 2.0 0.511 18.937
432 2.0 -0.044 18.720
444 2.0 -0.091 19.205
456 2.0 -1.414 20.024
468 2.0 1.467 19.046
240 6.0 -10.343 11.848
252 6.0 -10.049 11.848
264 6.0 -9.686 11.848
276 6.0 -9.409 11.848
288 6.0 -9.046 11.848
300 6.0 -8.683 11.917
312 6.0 -7.956 11.917
324 6.0 -7.645 11.917
336 6.0 -7.579 11.877
348 6.0 -8.181 12.020
360 6.0 -7.736 11.751
372 6.0 -7.687 11.833
384 6.0 -6.910 11.829
396 6.0 -6.977 11.756
408 6.0 -6.653 11.578
420 6.0 -7.243 11.693
432 6.0 -7.099 12.044
444 6.0 -7.209 11.449
456 6.0 -6.550 11.234
468 6.0 -6.411 11.710
240 8.0 -18.282 -6.659
252 8.0 -18.282 -6.659
264 8.0 -18.282 -6.659
276 8.0 -18.282 -6.659
288 8.0 -18.282 -6.659
300 8.0 -18.282 -6.659
312 8.0 -18.282 -6.659
324 8.0 -18.282 -6.659
336 8.0 -18.231 -6.610
348 8.0 -18.207 -6.695
360 8.0 -18.230 -6.709
372 8.0 -18.222 -6.655
384 8.0 -18.221 -6.634
396 8.0 -18.233 -6.629
408 8.0 -18.290 -6.667
420 8.0 -18.300 -6.655
432 8.0 -18.338 -6.647
444 8.0 -18.336 -6.690
456 8.0 -18.258 -6.625
468 8.0 -18.228 -6.615
240 11.0 16.501 -0.017
252 11.0 16.501 -0.017
264 11.0 16.501 -0.017
276 11.0 16.501 -0.017
288 11.0 16.501 -0.017
300 11.0 16.501 -0.017
312 11.0 16.501 -0.017
324 11.0 16.501 -0.017
336 11.0 16.530 0.020
348 11.0 16.569 -0.009
360 11.0 16.571 -0.035
372 11.0 16.598 -0.050
384 11.0 16.596 -0.024
396 11.0 16.549 -0.001
408 11.0 16.589 -0.007
420 11.0 16.566 0.019
432 11.0 16.460 0.011
444 11.0 16.432 -0.008
456 11.0 16.426 -0.041
468 11.0 16.462 -0.050
324 9.0 20.167 41.494
336 9.0 19.787 41.494
348 9.0 19.337 41.494
360 9.0 18.939 41.494
372 9.0 18.542 41.078
384 9.0 18.161 40.802
396 9.0 17.902 40.231
408 9.0 17.573 39.747
420 9.0 17.164 40.352
432 9.0 15.575 41.467
444 9.0 16.391 40.103
456 9.0 16.287 40.586
468 9.0 15.270 40.822
480 9.0 15.168 40.656
492 9.0 15.430 40.149
504 9.0 14.557 40.650
516 9.0 13.631 40.715
528 9.0 14.401 40.116
540 9.0 16.138 40.953
552 9.0 16.024 40.745
348 4.0 -14.131 41.217
360 4.0 -13.941 40.940
372 4.0 -13.750 40.663
384 4.0 -13.543 40.387
396 4.0 -13.543 39.816
408 4.0 -13.543 39.401
420 4.0 -13.543 38.968
432 4.0 -13.491 38.553
444 4.0 -13.595 38.000
456 4.0 -13.255 36.986
468 4.0 -13.248 37.331
480 4.0 -13.253 36.617
492 4.0 -13.382 36.323
504 4.0 -13.250 35.274
516 4.0 -13.157 35.254
528 4.0 -13.198 34.393
540 4.0 -12.941 34.778
552 4.0 -12.701 32.917
564 4.0 -13.244 32.668
576 4.0 -13.201 32.203
