0 14.0 21.467 -17.871
12 14.0 20.844 -17.956
24 14.0 20.221 -18.040
36 14.0 19.711 -18.040
48 14.0 19.088 -18.125
60 14.0 18.465 -18.125
72 14.0 17.927 -18.125
84 14.0 17.332 -18.125
96 14.0 17.713 -18.777
108 14.0 17.366 -18.511
120 14.0 17.604 -18.038
132 14.0 16.895 -18.121
144 14.0 16.991 -18.635
156 14.0 17.907 -17.788
168 14.0 17.497 -18.971
180 14.0 15.768 -18.470
192 14.0 16.301 -18.059
204 14.0 16.015 -16.743
216 14.0 15.708 -17.669
228 14.0 16.274 -18.119
240 15.0 10.167 -17.078
252 15.0 9.629 -16.993
264 15.0 9.119 -16.794
276 15.0 8.496 -16.709
288 15.0 7.987 -16.539
300 15.0 7.590 -16.370
312 15.0 7.080 -16.200
324 15.0 6.542 -16.001
336 15.0 6.811 -16.282
348 15.0 6.387 -15.620
360 15.0 6.878 -15.775
372 15.0 6.720 -15.528
384 15.0 5.899 -15.000
396 15.0 5.474 -14.977
408 15.0 5.078 -14.772
420 15.0 3.430 -14.005
432 15.0 3.010 -13.830
444 15.0 4.552 -14.808
456 15.0 2.969 -14.065
468 15.0 1.293 -13.437
348 18.0 9.006 -18.295
360 18.0 9.459 -18.040
372 18.0 10.082 -17.786
384 18.0 10.705 -17.417
396 18.0 11.300 -17.163
408 18.0 11.923 -16.794
420 18.0 12.461 -16.709
432 18.0 13.084 -16.709
444 18.0 11.571 -17.387
456 18.0 10.317 -17.223
468 18.0 10.918 -16.938
480 18.0 10.493 -16.831
492 18.0 10.530 -16.317
504 18.0 11.077 -16.430
516 18.0 11.197 -16.487
528 18.0 11.298 -16.752
540 18.0 11.081 -16.659
552 18.0 11.140 -16.515
564 18.0 11.567 -16.911
576 18.0 11.516 -16.803
588 19.0 20.986 -16.313
600 19.0 21.722 -16.313
612 19.0 22.544 -16.313
624 19.0 23.252 -16.313
636 19.0 23.875 -16.426
648 19.0 24.611 -16.483
660 19.0 25.347 -16.681
672 19.0 25.970 -16.766
684 19.0 24.107 -16.637
696 19.0 24.087 -16.713
708 19.0 24.740 -16.836
720 19.0 25.259 -16.821
732 19.0 25.488 -16.458
744 19.0 26.389 -16.868
756 19.0 26.054 -16.012
768 19.0 25.900 -16.844
780 19.0 25.992 -16.546
792 19.0 25.792 -16.064
804 19.0 26.220 -16.312
816 19.0 26.146 -16.990
1188 0.0 32.569 -18.550
1200 0.0 31.889 -18.550
1212 0.0 31.266 -18.550
1224 0.0 30.643 -18.437
1236 0.0 30.134 -18.437
1248 0.0 29.510 -18.352
1260 0.0 28.887 -18.352
1272 0.0 28.264 -18.267
1284 0.0 27.933 -18.186
1296 0.0 28.214 -17.968
1308 0.0 27.852 -18.157
1320 0.0 28.348 -17.741
1332 0.0 27.869 -17.822
1344 0.0 27.750 -17.056
1356 0.0 27.641 -17.249
1368 0.0 26.944 -17.144
1380 0.0 26.328 -16.583
1392 0.0 27.048 -16.575
1404 0.0 26.382 -16.613
1416 0.0 25.118 -16.274
1188 1.0 32.569 -17.474
1200 1.0 31.889 -17.474
1212 1.0 31.266 -17.361
1224 1.0 30.757 -17.361
1236 1.0 30.134 -17.304
1248 1.0 29.510 -17.304
1260 1.0 28.887 -17.304
1272 1.0 28.264 -17.304
1284 1.0 28.825 -17.966
1296 1.0 28.020 -17.487
1308 1.0 29.314 -17.960
1320 1.0 30.047 -17.599
1332 1.0 29.633 -17.398
1344 1.0 29.454 -17.454
1356 1.0 28.216 -17.234
1368 1.0 28.752 -17.571
1380 1.0 27.803 -17.701
1392 1.0 27.363 -17.305
1404 1.0 27.638 -17.144
1416 1.0 27.080 -16.325
1188 2.0 32.569 -16.058
1200 2.0 31.889 -16.058
1212 2.0 31.181 -16.058
1224 2.0 30.558 -15.973
1236 2.0 29.850 -15.973
1248 2.0 29.227 -15.860
1260 2.0 28.717 -15.860
1272 2.0 28.094 -15.860
1284 2.0 28.497 -16.294
1296 2.0 27.993 -16.428
1308 2.0 27.460 -16.278
1320 2.0 28.846 -16.720
1332 2.0 28.389 -16.413
1344 2.0 27.850 -16.345
1356 2.0 27.010 -16.267
1368 2.0 27.286 -15.738
1380 2.0 26.008 -15.591
1392 2.0 25.903 -16.186
1404 2.0 24.671 -15.906
1416 2.0 24.811 -15.779
1188 34.0 32.711 -16.823
1200 34.0 31.946 -16.823
1212 34.0 31.323 -16.709
1224 34.0 30.813 -16.709
1236 34.0 30.190 -16.624
1248 34.0 29.567 -16.624
1260 34.0 28.944 -16.539
1272 34.0 28.434 -16.539
1284 34.0 29.852 -16.809
1296 34.0 29.680 -17.066
1308 34.0 29.229 -16.846
1320 34.0 29.086 -16.846
1332 34.0 29.075 -16.852
1344 34.0 28.898 -16.639
1356 34.0 29.481 -16.798
1368 34.0 28.205 -16.598
1380 34.0 28.846 -16.707
1392 34.0 27.165 -16.165
1404 34.0 27.843 -16.125
1416 34.0 27.873 -16.479
1188 36.0 32.343 -18.975
1200 36.0 31.606 -18.862
1212 36.0 31.011 -18.749
1224 36.0 30.445 -18.607
1236 36.0 29.879 -18.494
1248 36.0 29.256 -18.352
1260 36.0 28.604 -18.437
1272 36.0 28.066 -18.409
1284 36.0 29.197 -18.661
1296 36.0 28.846 -17.968
1308 36.0 28.305 -17.690
1320 36.0 27.799 -17.341
1332 36.0 27.475 -17.529
1344 36.0 27.555 -17.418
1356 36.0 25.573 -16.286
1368 36.0 26.245 -16.785
1380 36.0 27.505 -17.852
1392 36.0 26.657 -16.194
1404 36.0 25.405 -16.345
1416 36.0 26.592 -16.515
1428 35.0 20.674 -16.370
1440 35.0 20.051 -16.285
1452 35.0 19.315 -16.285
1464 35.0 18.805 -16.285
1476 35.0 18.295 -16.370
1488 35.0 17.786 -16.370
1500 35.0 17.276 -16.370
1512 35.0 16.738 -16.285
1524 35.0 17.307 -15.968
1536 35.0 16.650 -16.078
1548 35.0 18.638 -16.821
1560 35.0 16.595 -15.776
1572 35.0 16.642 -15.673
1584 35.0 16.182 -15.284
1596 35.0 15.209 -14.771
1608 35.0 15.764 -14.790
1620 35.0 15.127 -14.400
1632 35.0 15.951 -14.793
1644 35.0 15.102 -13.867
1656 35.0 12.698 -12.638
1428 37.0 20.419 -18.324
1440 37.0 19.881 -18.324
1452 37.0 19.372 -18.324
1464 37.0 18.862 -18.324
1476 37.0 18.239 -18.210
1488 37.0 17.729 -18.210
1500 37.0 17.219 -18.125
1512 37.0 16.624 -18.012
1524 37.0 17.949 -18.116
1536 37.0 16.136 -17.992
1548 37.0 15.965 -18.461
1560 37.0 15.807 -17.980
1572 37.0 15.373 -18.478
1584 37.0 15.165 -18.627
1596 37.0 15.213 -18.963
1608 37.0 15.312 -18.490
1620 37.0 14.010 -18.108
1632 37.0 14.972 -18.440
1644 37.0 13.801 -18.058
1656 37.0 14.031 -18.455
1596 28.0 33.022 -18.040
1608 28.0 32.371 -18.012
1620 28.0 31.974 -17.871
1632 28.0 31.521 -17.757
1644 28.0 31.238 -17.644
1656 28.0 30.842 -17.474
1668 28.0 30.388 -17.332
1680 28.0 29.992 -17.247
1692 28.0 29.608 -17.026
1704 28.0 29.308 -17.445
1716 28.0 28.719 -16.571
1728 28.0 28.516 -16.870
1740 28.0 28.022 -16.574
1752 28.0 28.978 -16.536
1764 28.0 27.536 -16.256
1776 28.0 28.220 -16.430
1788 28.0 27.744 -16.264
1800 28.0 27.951 -16.735
1812 28.0 27.164 -16.387
1824 28.0 26.377 -15.803
1596 47.0 32.711 -18.947
1608 47.0 32.314 -18.975
1620 47.0 31.804 -18.749
1632 47.0 31.408 -18.465
1644 47.0 30.898 -18.324
1656 47.0 30.502 -18.125
1668 47.0 30.105 -18.040
1680 47.0 29.709 -17.956
1692 47.0 29.178 -17.693
1704 47.0 28.732 -17.507
1716 47.0 28.172 -17.238
1728 47.0 27.339 -17.362
1740 47.0 27.223 -16.863
1752 47.0 26.717 -16.268
1764 47.0 25.630 -16.131
1776 47.0 24.835 -15.578
1788 47.0 26.602 -16.702
1800 47.0 25.609 -15.813
1812 47.0 25.048 -15.543
1824 47.0 27.286 -16.481
1632 20.0 7.024 -16.228
1644 20.0 7.194 -16.228
1656 20.0 7.420 -16.143
1668 20.0 7.647 -16.143
1680 20.0 7.930 -16.058
1692 20.0 8.156 -16.058
1704 20.0 8.326 -15.973
1716 20.0 8.553 -15.973
1728 20.0 8.589 -15.913
1740 20.0 8.444 -16.248
1752 20.0 8.495 -16.366
1764 20.0 8.781 -16.073
1776 20.0 8.912 -15.885
1788 20.0 8.731 -16.149
1800 20.0 8.741 -15.909
1812 20.0 8.739 -16.466
1824 20.0 9.104 -16.455
1836 20.0 9.717 -16.600
1848 20.0 9.882 -16.767
1860 20.0 10.174 -16.776
1680 25.0 6.797 -17.786
1692 25.0 6.995 -17.786
1704 25.0 7.392 -17.672
1716 25.0 7.675 -17.672
1728 25.0 8.015 -17.616
1740 25.0 8.355 -17.616
1752 25.0 8.666 -17.502
1764 25.0 8.978 -17.502
1776 25.0 9.024 -17.606
1788 25.0 8.971 -17.541
1800 25.0 9.058 -17.335
1812 25.0 9.632 -17.285
1824 25.0 9.908 -17.336
1836 25.0 9.946 -17.374
1848 25.0 10.236 -17.675
1860 25.0 9.755 -17.435
1872 25.0 10.630 -18.013
1884 25.0 9.972 -17.384
1896 25.0 10.516 -18.061
1908 25.0 10.640 -17.700
1680 38.0 6.231 -16.681
1692 38.0 6.429 -16.681
1704 38.0 6.769 -16.681
1716 38.0 7.052 -16.681
1728 38.0 7.392 -16.681
1740 38.0 7.675 -16.681
1752 38.0 8.015 -16.681
1764 38.0 8.298 -16.681
1776 38.0 8.202 -16.832
1788 38.0 8.643 -16.704
1800 38.0 8.773 -16.847
1812 38.0 9.186 -16.580
1824 38.0 8.397 -16.433
1836 38.0 8.708 -16.276
1848 38.0 8.597 -16.596
1860 38.0 9.137 -16.727
1872 38.0 9.912 -16.966
1884 38.0 9.601 -16.748
1896 38.0 9.751 -16.679
1908 38.0 9.803 -16.787
1836 29.0 24.243 -16.539
1848 29.0 23.818 -16.455
1860 29.0 23.535 -16.370
1872 29.0 23.025 -16.539
1884 29.0 22.487 -16.738
1896 29.0 21.949 -16.908
1908 29.0 21.552 -16.964
1920 29.0 21.156 -17.078
1932 29.0 20.629 -16.875
1944 29.0 19.574 -17.218
1956 29.0 18.983 -17.830
1968 29.0 18.429 -17.243
1980 29.0 20.717 -18.171
1992 29.0 20.470 -17.920
2004 29.0 20.485 -17.160
2016 29.0 21.066 -17.061
2028 29.0 20.540 -17.000
2040 29.0 19.361 -17.052
2052 29.0 19.691 -17.380
2064 29.0 19.328 -16.778
1836 48.0 24.158 -17.502
1848 48.0 23.648 -17.672
1860 48.0 22.912 -17.672
1872 48.0 22.402 -17.616
1884 48.0 21.949 -17.616
1896 48.0 21.552 -17.672
1908 48.0 21.156 -17.786
1920 48.0 20.703 -17.871
1932 48.0 20.505 -17.566
1944 48.0 20.146 -17.537
1956 48.0 19.808 -17.196
1968 48.0 20.032 -16.942
1980 48.0 19.453 -17.090
1992 48.0 19.028 -17.054
2004 48.0 18.974 -17.156
2016 48.0 19.227 -17.285
2028 48.0 17.766 -17.398
2040 48.0 17.277 -16.668
2052 48.0 18.340 -17.320
2064 48.0 17.866 -16.964
1872 21.0 13.169 -15.520
1884 21.0 13.481 -15.520
1896 21.0 13.792 -15.520
1908 21.0 14.104 -15.520
1920 21.0 14.500 -15.520
1932 21.0 14.840 -15.520
1944 21.0 15.123 -15.463
1956 21.0 15.548 -15.463
1968 21.0 15.164 -15.832
1980 21.0 15.925 -15.816
1992 21.0 15.320 -15.863
2004 21.0 15.616 -15.727
2016 21.0 15.528 -15.608
2028 21.0 15.457 -15.668
2040 21.0 16.141 -15.765
2052 21.0 15.932 -15.465
2064 21.0 15.510 -16.111
2076 21.0 16.302 -15.828
2088 21.0 16.296 -16.035
2100 21.0 16.644 -15.772
1920 26.0 13.452 -17.247
1932 26.0 13.792 -17.163
1944 26.0 14.189 -17.049
1956 26.0 14.529 -16.993
1968 26.0 14.812 -16.993
1980 26.0 15.152 -16.879
1992 26.0 15.435 -16.823
2004 26.0 15.860 -16.823
2016 26.0 15.586 -17.118
2028 26.0 15.813 -16.948
2040 26.0 15.742 -17.230
2052 26.0 16.898 -17.556
2064 26.0 16.008 -17.233
2076 26.0 17.037 -17.846
2088 26.0 17.415 -17.501
2100 26.0 17.605 -17.738
2112 26.0 18.459 -17.962
2124 26.0 17.397 -17.600
2136 26.0 18.546 -18.067
2148 26.0 17.880 -17.325
1920 39.0 12.320 -16.285
1932 39.0 12.773 -16.200
1944 39.0 13.056 -16.200
1956 39.0 13.452 -16.200
1968 39.0 13.906 -16.200
1980 39.0 14.189 -16.200
1992 39.0 14.642 -16.200
2004 39.0 15.038 -16.228
2016 39.0 14.358 -16.258
2028 39.0 14.439 -16.087
2040 39.0 15.055 -16.428
2052 39.0 15.315 -16.091
2064 39.0 15.135 -16.434
2076 39.0 15.368 -16.595
2088 39.0 15.509 -16.466
2100 39.0 15.654 -16.267
2112 39.0 14.961 -16.272
2124 39.0 16.574 -17.070
2136 39.0 16.077 -16.679
2148 39.0 16.914 -16.805
2076 30.0 17.417 -16.879
2088 30.0 17.616 -16.936
2100 30.0 18.040 -16.936
2112 30.0 18.352 -17.021
2124 30.0 18.749 -17.021
2136 30.0 19.173 -17.106
2148 30.0 19.598 -17.106
2160 30.0 19.995 -17.106
2172 30.0 19.276 -17.176
2184 30.0 20.246 -17.690
2196 30.0 20.287 -17.635
2208 30.0 20.619 -17.602
2220 30.0 20.744 -17.380
2232 30.0 21.445 -17.710
2244 30.0 21.346 -17.274
2256 30.0 21.642 -17.714
2268 30.0 20.681 -17.127
2280 30.0 20.234 -17.120
2292 30.0 21.102 -17.163
2304 30.0 21.941 -17.014
2076 49.0 15.916 -17.474
2088 49.0 15.293 -17.389
2100 49.0 14.670 -17.219
2112 49.0 14.047 -17.106
2124 49.0 13.424 -17.106
2136 49.0 12.914 -17.106
2148 49.0 12.405 -17.106
2160 49.0 11.866 -17.219
2172 49.0 12.472 -17.706
2184 49.0 12.564 -18.267
2196 49.0 11.863 -17.657
2208 49.0 10.759 -17.282
2220 49.0 11.596 -17.464
2232 49.0 11.102 -17.329
2244 49.0 10.234 -16.794
2256 49.0 10.878 -16.471
2268 49.0 10.898 -16.531
2280 49.0 9.024 -16.350
2292 49.0 10.017 -17.068
2304 49.0 9.249 -16.595
2100 23.0 33.277 -18.494
2112 23.0 32.824 -18.833
2124 23.0 32.626 -18.833
2136 23.0 32.116 -18.749
2148 23.0 31.493 -18.550
2160 23.0 30.757 -18.380
2172 23.0 30.134 -18.210
2184 23.0 29.539 -18.040
2196 23.0 30.358 -17.775
2208 23.0 29.767 -17.679
2220 23.0 29.451 -17.657
2232 23.0 28.525 -16.711
2244 23.0 27.555 -16.452
2256 23.0 28.596 -17.308
2268 23.0 27.946 -17.056
2280 23.0 26.999 -16.343
2292 23.0 26.651 -17.007
2304 23.0 26.742 -16.858
2316 23.0 25.441 -16.322
2328 23.0 25.972 -15.817
2112 22.0 20.504 -15.831
2124 22.0 20.844 -15.831
2136 22.0 21.127 -15.831
2148 22.0 21.467 -15.831
2160 22.0 21.751 -15.945
2172 22.0 22.090 -16.001
2184 22.0 22.487 -16.115
2196 22.0 22.798 -16.171
2208 22.0 22.867 -16.399
2220 22.0 22.344 -16.353
2232 22.0 23.099 -16.523
2244 22.0 23.075 -16.546
2256 22.0 22.975 -16.317
2268 22.0 23.767 -16.587
2280 22.0 23.939 -16.357
2292 22.0 24.698 -16.832
2304 22.0 24.984 -16.765
2316 22.0 25.665 -17.588
2328 22.0 26.191 -17.885
2340 22.0 25.446 -17.609
2160 27.0 21.467 -17.247
2172 27.0 21.864 -17.247
2184 27.0 22.260 -17.247
2196 27.0 22.600 -17.247
2208 27.0 22.997 -17.247
2220 27.0 23.421 -17.361
2232 27.0 23.733 -17.361
2244 27.0 24.016 -17.417
2256 27.0 24.206 -17.785
2268 27.0 23.930 -17.648
2280 27.0 23.853 -17.688
2292 27.0 23.279 -17.524
2304 27.0 23.499 -17.853
2316 27.0 24.467 -17.878
2328 27.0 24.118 -17.695
2340 27.0 24.873 -17.643
2352 27.0 25.518 -17.788
2364 27.0 24.833 -17.697
2376 27.0 25.201 -18.023
2388 27.0 25.266 -17.871
2160 40.0 20.136 -16.200
2172 40.0 20.589 -16.256
2184 40.0 20.986 -16.370
2196 40.0 21.297 -16.370
2208 40.0 21.722 -16.455
2220 40.0 22.119 -16.539
2232 40.0 22.430 -16.653
2244 40.0 22.855 -16.653
2256 40.0 22.201 -17.058
2268 40.0 22.020 -16.896
2280 40.0 23.014 -16.853
2292 40.0 22.982 -16.882
2304 40.0 23.969 -17.425
2316 40.0 23.592 -17.657
2328 40.0 24.455 -17.868
2340 40.0 24.707 -17.794
2352 40.0 25.445 -18.180
2364 40.0 25.603 -18.001
2376 40.0 27.205 -19.466
2388 40.0 26.406 -19.464
2316 31.0 25.376 -17.021
2328 31.0 25.800 -17.191
2340 31.0 26.197 -17.304
2352 31.0 26.622 -17.474
2364 31.0 27.047 -17.644
2376 31.0 27.443 -17.814
2388 31.0 27.981 -17.814
2400 31.0 28.604 -17.729
2412 31.0 27.658 -17.904
2424 31.0 28.221 -18.327
2436 31.0 27.838 -18.105
2448 31.0 28.223 -18.162
2460 31.0 29.192 -18.337
2472 31.0 29.227 -18.578
2484 31.0 29.274 -18.361
2496 31.0 29.859 -18.700
2508 31.0 29.750 -18.878
2520 31.0 31.305 -19.062
2532 31.0 30.612 -19.541
2544 31.0 30.617 -19.229
2340 24.0 22.487 -17.956
2352 24.0 21.977 -17.871
2364 24.0 21.354 -17.871
2376 24.0 20.731 -17.871
2388 24.0 19.995 -17.871
2400 24.0 19.372 -17.871
2412 24.0 18.749 -17.871
2424 24.0 18.125 -17.871
2436 24.0 18.162 -17.247
2448 24.0 18.375 -17.226
2460 24.0 17.258 -16.807
2472 24.0 16.891 -16.628
2484 24.0 17.341 -16.411
2496 24.0 16.625 -16.587
2508 24.0 16.646 -16.754
2520 24.0 16.091 -16.289
2532 24.0 15.205 -15.528
2544 24.0 16.281 -16.675
2556 24.0 16.760 -16.485
2568 24.0 14.969 -15.114
2568 11.0 5.919 -21.212
2580 11.0 6.457 -20.788
2592 11.0 7.080 -20.419
2604 11.0 7.703 -20.080
2616 11.0 8.298 -19.711
2628 11.0 8.836 -19.372
2640 11.0 9.233 -19.032
2652 11.0 9.629 -18.664
2664 11.0 9.482 -19.716
2676 11.0 8.685 -19.608
2688 11.0 8.480 -20.075
2700 11.0 8.236 -19.882
2712 11.0 8.943 -20.076
2724 11.0 8.904 -19.679
2736 11.0 8.903 -19.942
2748 11.0 8.799 -20.019
2760 11.0 8.472 -19.861
2772 11.0 9.093 -20.121
2784 11.0 10.180 -20.301
2796 11.0 10.162 -19.908
2808 12.0 17.389 -17.502
2820 12.0 18.125 -17.502
2832 12.0 18.749 -17.616
2844 12.0 19.372 -17.616
2856 12.0 20.108 -17.616
2868 12.0 20.731 -17.672
2880 12.0 21.354 -17.672
2892 12.0 21.977 -17.786
2904 12.0 21.605 -17.476
2916 12.0 21.440 -17.546
2928 12.0 20.544 -17.081
2940 12.0 21.609 -17.171
2952 12.0 21.133 -17.258
2964 12.0 21.830 -17.621
2976 12.0 21.907 -18.170
2988 12.0 22.571 -17.959
3000 12.0 22.239 -17.758
3012 12.0 23.073 -17.271
3024 12.0 22.663 -17.835
3036 12.0 21.553 -17.235
2868 13.0 -9.544 -15.010
2880 13.0 -10.281 -14.812
2892 13.0 -10.790 -14.642
2904 13.0 -11.413 -14.472
2916 13.0 -11.923 -14.302
2928 13.0 -12.461 -14.302
2940 13.0 -12.886 -14.302
2952 13.0 -13.396 -14.302
2964 13.0 -12.757 -13.701
2976 13.0 -13.799 -13.444
2988 13.0 -14.423 -13.160
3000 13.0 -15.364 -12.967
3012 13.0 -15.340 -12.984
3024 13.0 -14.731 -12.762
3036 13.0 -15.884 -12.319
3048 13.0 -15.690 -12.998
3060 13.0 -16.486 -12.073
3072 13.0 -15.083 -13.219
3084 13.0 -15.139 -13.269
3096 13.0 -17.595 -11.928
4296 41.0 31.918 10.479
4308 41.0 31.918 9.856
4320 41.0 31.918 9.233
4332 41.0 31.918 8.610
4344 41.0 31.918 7.987
4356 41.0 31.918 7.363
4368 41.0 31.918 6.740
4380 41.0 31.804 5.891
4392 41.0 31.927 5.645
4404 41.0 31.824 5.812
4416 41.0 31.919 4.730
4428 41.0 31.844 4.251
4440 41.0 31.941 4.579
4452 41.0 32.147 2.426
4464 41.0 32.258 2.247
4476 41.0 32.149 2.961
4488 41.0 31.842 3.362
4500 41.0 31.698 -0.183
4512 41.0 32.160 2.112
4524 41.0 31.945 2.170
4344 6.0 33.362 -11.923
4356 6.0 33.362 -11.555
4368 6.0 33.362 -11.187
4380 6.0 33.362 -10.847
4392 6.0 33.419 -10.507
4404 6.0 33.419 -10.224
4416 6.0 33.419 -9.941
4428 6.0 33.305 -9.488
4440 6.0 33.238 -9.362
4452 6.0 33.023 -8.437
4464 6.0 33.100 -7.746
4476 6.0 33.602 -7.276
4488 6.0 33.427 -7.976
4500 6.0 33.364 -7.226
4512 6.0 33.249 -7.135
4524 6.0 33.529 -6.732
4536 6.0 33.273 -7.016
4548 6.0 33.547 -7.004
4560 6.0 33.623 -5.970
4572 6.0 33.452 -5.991
4536 42.0 32.258 -2.804
4548 42.0 32.258 -3.427
4560 42.0 32.059 -4.333
4572 42.0 32.484 -4.673
4584 42.0 32.258 -5.126
4596 42.0 31.748 -5.749
4608 42.0 31.635 -6.401
4620 42.0 31.748 -6.797
4632 42.0 31.848 -6.934
4644 42.0 31.657 -7.152
4656 42.0 31.771 -7.861
4668 42.0 31.996 -8.264
4680 42.0 31.653 -8.903
4692 42.0 31.897 -9.830
4704 42.0 31.597 -9.758
4716 42.0 31.361 -10.609
4728 42.0 31.773 -11.687
4740 42.0 31.755 -11.644
4752 42.0 31.429 -13.418
4764 42.0 31.893 -9.992
4584 7.0 32.682 -7.052
4596 7.0 32.682 -7.052
4608 7.0 32.796 -7.137
4620 7.0 32.796 -7.250
4632 7.0 32.881 -7.307
4644 7.0 32.881 -7.647
4656 7.0 32.881 -7.930
4668 7.0 32.881 -8.100
4680 7.0 33.195 -8.278
4692 7.0 33.061 -7.930
4704 7.0 33.109 -8.208
4716 7.0 33.120 -8.650
4728 7.0 33.476 -8.815
4740 7.0 33.158 -9.113
4752 7.0 33.463 -9.847
4764 7.0 33.371 -10.030
4776 7.0 33.060 -10.549
4788 7.0 33.365 -11.211
4800 7.0 33.182 -11.785
4812 7.0 33.180 -12.056
4596 16.0 32.824 -18.494
4608 16.0 32.201 -18.324
4620 16.0 31.804 -18.210
4632 16.0 31.380 -18.125
4644 16.0 30.983 -17.956
4656 16.0 30.360 -17.956
4668 16.0 29.935 -17.871
4680 16.0 29.822 -17.871
4692 16.0 29.653 -17.569
4704 16.0 29.619 -17.368
4716 16.0 29.126 -17.116
4728 16.0 29.058 -17.060
4740 16.0 27.777 -16.449
4752 16.0 27.351 -16.404
4764 16.0 26.971 -16.284
4776 16.0 26.132 -15.805
4788 16.0 27.632 -16.463
4800 16.0 25.185 -15.575
4812 16.0 25.367 -15.666
4824 16.0 24.336 -14.533
4776 43.0 31.861 -11.753
4788 43.0 31.804 -12.036
4800 43.0 31.804 -12.291
4812 43.0 31.918 -12.575
4824 43.0 31.974 -12.886
4836 43.0 31.635 -13.226
4848 43.0 31.635 -13.934
4860 43.0 31.635 -14.302
4872 43.0 31.662 -14.400
4884 43.0 31.520 -15.652
4896 43.0 31.676 -16.270
4908 43.0 31.775 -16.389
4920 43.0 31.521 -17.248
4932 43.0 31.660 -17.187
4944 43.0 31.382 -17.902
4956 43.0 31.914 -17.630
4968 43.0 31.722 -19.372
4980 43.0 31.840 -18.618
4992 43.0 31.374 -17.659
5004 43.0 31.804 -19.706
4824 8.0 32.796 -12.631
4836 8.0 32.796 -12.971
4848 8.0 32.796 -13.764
4860 8.0 32.796 -13.934
4872 8.0 32.796 -14.104
4884 8.0 32.682 -14.274
4896 8.0 32.682 -14.840
4908 8.0 32.428 -15.350
4920 8.0 32.524 -15.228
4932 8.0 32.587 -15.697
4944 8.0 32.653 -16.725
4956 8.0 32.616 -17.468
4968 8.0 32.653 -16.915
4980 8.0 32.640 -17.743
4992 8.0 32.668 -18.686
5004 8.0 32.408 -19.266
5016 8.0 32.303 -19.503
5028 8.0 32.450 -19.105
5040 8.0 32.763 -20.371
5052 8.0 32.759 -19.686
4836 17.0 22.912 -17.417
4848 17.0 22.600 -17.531
4860 17.0 22.289 -17.531
4872 17.0 21.354 -17.531
4884 17.0 20.618 -17.531
4896 17.0 20.306 -17.531
4908 17.0 19.683 -17.417
4920 17.0 19.060 -17.417
4932 17.0 19.264 -17.324
4944 17.0 18.537 -17.390
4956 17.0 18.419 -18.038
4968 17.0 19.815 -17.551
4980 17.0 18.213 -17.386
4992 17.0 18.588 -17.180
5004 17.0 18.567 -17.183
5016 17.0 17.725 -17.259
5028 17.0 16.749 -16.959
5040 17.0 16.849 -18.071
5052 17.0 16.224 -16.805
5064 17.0 16.189 -16.399
4944 4.0 32.937 -17.644
4956 4.0 32.428 -17.814
4968 4.0 32.031 -17.814
4980 4.0 31.918 -17.814
4992 4.0 31.295 -17.814
5004 4.0 30.672 -17.842
5016 4.0 30.190 -17.729
5028 4.0 29.680 -17.644
5040 4.0 30.016 -18.038
5052 4.0 28.986 -17.742
5064 4.0 29.309 -18.383
5076 4.0 30.858 -18.366
5088 4.0 28.684 -17.990
5100 4.0 28.013 -17.140
5112 4.0 29.016 -18.262
5124 4.0 29.281 -18.102
5136 4.0 29.766 -17.790
5148 4.0 27.659 -17.364
5160 4.0 28.463 -18.042
5172 4.0 28.632 -18.394
4944 32.0 32.739 -18.437
4956 32.0 32.229 -18.437
4968 32.0 31.493 -18.607
4980 32.0 30.870 -18.352
4992 32.0 30.558 -18.267
5004 32.0 30.303 -18.324
5016 32.0 29.935 -18.324
5028 32.0 29.624 -18.352
5040 32.0 29.995 -18.268
5052 32.0 29.581 -18.597
5064 32.0 29.599 -18.147
5076 32.0 30.048 -17.862
5088 32.0 30.550 -18.183
5100 32.0 29.934 -17.928
5112 32.0 29.307 -18.056
5124 32.0 28.389 -17.959
5136 32.0 28.926 -18.094
5148 32.0 28.098 -18.141
5160 32.0 27.127 -17.912
5172 32.0 27.997 -19.012
5016 44.0 31.181 -16.511
5028 44.0 31.238 -16.483
5040 44.0 31.351 -16.455
5052 44.0 31.351 -16.455
5064 44.0 31.408 -16.455
5076 44.0 31.408 -16.426
5088 44.0 31.181 -16.455
5100 44.0 30.785 -16.539
5112 44.0 31.009 -16.707
5124 44.0 30.801 -16.600
5136 44.0 30.798 -16.569
5148 44.0 30.753 -16.508
5160 44.0 30.632 -16.458
5172 44.0 30.801 -16.322
5184 44.0 30.857 -16.499
5196 44.0 30.509 -16.375
5208 44.0 30.384 -16.330
5220 44.0 30.758 -16.199
5232 44.0 30.810 -16.100
5244 44.0 30.984 -16.117
5064 9.0 31.550 -17.332
5076 9.0 31.436 -17.389
5088 9.0 31.351 -17.502
5100 9.0 31.238 -17.559
5112 9.0 31.125 -17.701
5124 9.0 30.615 -17.729
5136 9.0 30.162 -17.814
5148 9.0 29.680 -17.899
5160 9.0 30.014 -17.613
5172 9.0 29.555 -17.856
5184 9.0 29.973 -17.492
5196 9.0 29.537 -17.545
5208 9.0 29.808 -17.695
5220 9.0 28.493 -17.575
5232 9.0 28.327 -17.483
5244 9.0 28.464 -17.207
5256 9.0 28.116 -17.179
5268 9.0 27.738 -17.497
5280 9.0 26.685 -17.458
5292 9.0 27.597 -17.339
5184 5.0 23.421 -16.539
5196 5.0 22.940 -16.539
5208 5.0 22.487 -16.539
5220 5.0 22.062 -16.511
5232 5.0 21.382 -16.455
5244 5.0 20.929 -16.455
5256 5.0 20.731 -16.539
5268 5.0 20.193 -16.455
5280 5.0 20.596 -16.377
5292 5.0 20.536 -16.176
5304 5.0 20.934 -16.647
5316 5.0 20.197 -16.241
5328 5.0 19.681 -16.744
5340 5.0 19.863 -16.612
5352 5.0 18.592 -16.303
5364 5.0 19.540 -16.527
5376 5.0 19.318 -16.672
5388 5.0 18.378 -16.753
5400 5.0 18.629 -16.445
5412 5.0 18.181 -16.504
5184 33.0 23.053 -17.644
5196 33.0 22.628 -17.559
5208 33.0 22.119 -17.474
5220 33.0 21.779 -17.446
5232 33.0 21.326 -17.219
5244 33.0 20.816 -17.219
5256 33.0 20.306 -17.219
5268 33.0 19.796 -17.219
5280 33.0 19.786 -16.930
5292 33.0 21.331 -17.270
5304 33.0 20.303 -17.058
5316 33.0 19.183 -16.931
5328 33.0 18.693 -16.528
5340 33.0 19.809 -16.779
5352 33.0 18.278 -16.037
5364 33.0 18.747 -16.350
5376 33.0 17.413 -16.107
5388 33.0 17.234 -15.770
5400 33.0 16.541 -15.494
5412 33.0 16.181 -15.585
5232 55.0 7.194 -19.428
5244 55.0 7.732 -19.145
5256 55.0 8.156 -18.975
5268 55.0 8.553 -18.692
5280 55.0 8.949 -18.437
5292 55.0 9.516 -18.182
5304 55.0 10.026 -18.012
5316 55.0 10.649 -17.899
5328 55.0 9.091 -18.162
5340 55.0 9.184 -18.414
5352 55.0 8.832 -18.906
5364 55.0 9.237 -18.957
5376 55.0 9.335 -18.718
5388 55.0 9.771 -18.610
5400 55.0 10.187 -18.828
5412 55.0 10.028 -18.900
5424 55.0 9.797 -19.236
5436 55.0 9.699 -18.610
5448 55.0 9.923 -18.371
5460 55.0 9.574 -18.813
5256 45.0 25.404 -17.247
5268 45.0 24.866 -17.163
5280 45.0 24.328 -17.163
5292 45.0 23.818 -17.163
5304 45.0 23.421 -17.049
5316 45.0 22.912 -17.049
5328 45.0 22.487 -16.993
5340 45.0 22.062 -16.879
5352 45.0 22.076 -16.792
5364 45.0 21.291 -16.873
5376 45.0 21.244 -16.734
5388 45.0 20.413 -16.368
5400 45.0 19.238 -15.566
5412 45.0 19.661 -16.125
5424 45.0 21.493 -16.288
5436 45.0 19.863 -15.819
5448 45.0 19.769 -15.308
5460 45.0 19.733 -15.473
5472 45.0 19.515 -15.669
5484 45.0 17.315 -14.260
5304 10.0 23.535 -18.069
5316 10.0 22.912 -18.069
5328 10.0 22.289 -18.069
5340 10.0 21.949 -18.125
5352 10.0 21.552 -18.125
5364 10.0 21.156 -18.125
5376 10.0 20.816 -18.125
5388 10.0 20.306 -18.069
5400 10.0 20.709 -18.070
5412 10.0 20.426 -17.591
5424 10.0 18.890 -17.779
5436 10.0 19.203 -17.726
5448 10.0 19.282 -17.611
5460 10.0 19.066 -17.257
5472 10.0 18.085 -17.284
5484 10.0 18.628 -18.107
5496 10.0 17.704 -17.743
5508 10.0 16.374 -17.417
5520 10.0 17.477 -17.941
5532 10.0 19.942 -18.175
5472 56.0 17.163 -18.069
5484 56.0 17.672 -18.069
5496 56.0 18.069 -18.069
5508 56.0 18.550 -18.069
5520 56.0 19.088 -18.040
5532 56.0 19.485 -17.956
5544 56.0 19.995 -17.927
5556 56.0 20.476 -17.871
5568 56.0 19.595 -17.635
5580 56.0 19.585 -17.352
5592 56.0 19.326 -17.560
5604 56.0 19.685 -17.887
5616 56.0 19.348 -17.086
5628 56.0 19.621 -17.416
5640 56.0 20.117 -17.454
5652 56.0 20.051 -17.410
5664 56.0 19.746 -17.416
5676 56.0 19.589 -17.414
5688 56.0 19.749 -17.256
5700 56.0 19.798 -17.518
5496 46.0 15.237 -16.455
5508 46.0 14.812 -16.539
5520 46.0 14.444 -16.624
5532 46.0 13.934 -16.624
5544 46.0 13.424 -16.624
5556 46.0 12.914 -16.624
5568 46.0 12.405 -16.624
5580 46.0 11.951 -16.624
5592 46.0 12.563 -16.633
5604 46.0 12.227 -16.505
5616 46.0 12.049 -16.877
5628 46.0 11.336 -16.405
5640 46.0 10.508 -16.532
5652 46.0 10.197 -16.511
5664 46.0 9.873 -16.411
5676 46.0 9.774 -16.211
5688 46.0 9.971 -17.183
5700 46.0 9.107 -16.522
5712 46.0 9.326 -15.863
5724 46.0 8.682 -15.915
5712 57.0 26.622 -16.709
5724 57.0 27.245 -16.709
5736 57.0 27.755 -16.709
5748 57.0 28.293 -16.709
5760 57.0 28.916 -16.709
5772 57.0 29.312 -16.709
5784 57.0 29.737 -16.709
5796 57.0 30.134 -16.709
5808 57.0 30.178 -16.835
5820 57.0 29.496 -16.809
5832 57.0 29.506 -16.854
5844 57.0 29.901 -17.164
5856 57.0 29.651 -17.260
5868 57.0 30.737 -17.049
5880 57.0 30.775 -17.187
5892 57.0 30.492 -16.835
5904 57.0 30.096 -16.518
5916 57.0 29.887 -16.737
5928 57.0 29.676 -16.464
5940 57.0 29.810 -16.234
5760 50.0 24.724 1.982
5772 50.0 24.866 1.784
5784 50.0 25.064 1.784
5796 50.0 25.631 1.982
5808 50.0 26.254 1.982
5820 50.0 26.820 1.982
5832 50.0 27.358 1.982
5844 50.0 27.981 1.982
5856 50.0 26.837 1.858
5868 50.0 26.997 1.617
5880 50.0 27.433 1.583
5892 50.0 28.541 1.226
5904 50.0 28.860 1.561
5916 50.0 29.415 1.443
5928 50.0 28.756 1.559
5940 50.0 27.977 1.180
5952 50.0 28.062 1.395
5964 50.0 27.903 1.535
5976 50.0 28.770 1.287
5988 50.0 28.741 1.704
6156 51.0 32.428 -19.287
6168 51.0 31.918 -19.117
6180 51.0 31.493 -18.833
6192 51.0 30.955 -18.664
6204 51.0 30.558 -18.380
6216 51.0 30.162 -18.324
6228 51.0 29.624 -18.324
6240 51.0 29.114 -18.324
6252 51.0 28.637 -17.765
6264 51.0 28.556 -17.528
6276 51.0 28.238 -17.485
6288 51.0 27.563 -17.037
6300 51.0 27.063 -16.862
6312 51.0 26.750 -16.844
6324 51.0 27.095 -16.481
6336 51.0 25.516 -15.912
6348 51.0 24.100 -15.035
6360 51.0 25.320 -15.349
6372 51.0 26.036 -15.757
6384 51.0 25.455 -15.761
6156 53.0 32.994 -18.720
6168 53.0 32.456 -18.437
6180 53.0 31.946 -18.182
6192 53.0 31.436 -17.927
6204 53.0 30.813 -17.927
6216 53.0 30.303 -17.814
6228 53.0 29.680 -17.814
6240 53.0 29.284 -17.814
6252 53.0 29.271 -17.696
6264 53.0 29.685 -17.386
6276 53.0 29.326 -17.171
6288 53.0 28.247 -16.738
6300 53.0 28.118 -17.054
6312 53.0 26.064 -15.806
6324 53.0 27.085 -16.515
6336 53.0 26.323 -15.771
6348 53.0 26.562 -15.689
6360 53.0 26.233 -15.764
6372 53.0 25.114 -15.758
6384 53.0 26.605 -15.661
6396 54.0 22.657 -17.729
6408 54.0 22.119 -17.644
6420 54.0 21.609 -17.474
6432 54.0 21.071 -17.474
6444 54.0 20.561 -17.474
6456 54.0 20.051 -17.389
6468 54.0 19.541 -17.389
6480 54.0 19.032 -17.304
6492 54.0 20.659 -17.400
6504 54.0 20.389 -17.142
6516 54.0 19.378 -16.868
6528 54.0 18.807 -16.600
6540 54.0 19.384 -16.956
6552 54.0 18.884 -16.916
6564 54.0 18.311 -16.503
6576 54.0 16.881 -15.940
6588 54.0 18.198 -16.963
6600 54.0 17.938 -16.312
6612 54.0 16.895 -15.907
6624 54.0 15.346 -15.178
8028 52.0 25.631 -8.949
8040 52.0 26.140 -9.063
8052 52.0 26.678 -9.233
8064 52.0 27.103 -9.403
8076 52.0 27.613 -9.572
8088 52.0 28.123 -9.742
8100 52.0 28.633 -9.856
8112 52.0 29.142 -10.026
8124 52.0 29.092 -10.019
8136 52.0 29.467 -10.026
8148 52.0 29.056 -9.951
8160 52.0 30.069 -10.414
8172 52.0 30.643 -10.706
8184 52.0 30.283 -10.852
8196 52.0 29.248 -10.152
8208 52.0 30.183 -10.621
8220 52.0 31.333 -10.772
8232 52.0 31.428 -10.967
8244 52.0 32.097 -11.087
8256 52.0 30.172 -11.147
8040 58.0 33.362 -15.180
8052 58.0 33.136 -14.274
8064 58.0 33.051 -13.254
8076 58.0 33.051 -12.744
8088 58.0 33.051 -12.575
8100 58.0 33.051 -12.405
8112 58.0 32.937 -12.121
8124 58.0 32.937 -11.612
8136 58.0 33.182 -10.922
8148 58.0 33.226 -10.809
8160 58.0 32.817 -9.885
8172 58.0 32.716 -9.406
8184 58.0 32.956 -9.025
8196 58.0 32.869 -8.217
8208 58.0 32.854 -6.859
8220 58.0 33.090 -7.856
8232 58.0 33.163 -5.492
8244 58.0 33.286 -6.190
8256 58.0 33.341 -5.217
8268 58.0 33.030 -6.518
8280 59.0 32.003 -4.531
8292 59.0 32.003 -4.022
8304 59.0 32.003 -3.455
8316 59.0 32.003 -2.860
8328 59.0 32.116 -2.266
8340 59.0 32.116 -1.643
8352 59.0 32.116 -1.076
8364 59.0 32.116 -0.566
8376 59.0 32.338 0.486
8388 59.0 32.254 1.067
8400 59.0 31.950 0.740
8412 59.0 32.262 1.391
8424 59.0 32.546 2.677
8436 59.0 32.825 4.386
8448 59.0 32.394 4.020
8460 59.0 32.218 4.351
8472 59.0 31.614 1.854
8484 59.0 32.130 4.236
8496 59.0 31.645 0.267
8508 59.0 32.613 3.446
9252 60.0 5.296 -21.581
9264 60.0 4.843 -21.467
9276 60.0 5.353 -21.043
9288 60.0 5.862 -20.618
9300 60.0 6.372 -20.250
9312 60.0 6.995 -19.825
9324 60.0 7.420 -19.428
9336 60.0 7.845 -19.032
9348 60.0 6.730 -19.554
9360 60.0 6.678 -19.804
9372 60.0 7.031 -19.992
9384 60.0 6.861 -19.520
9396 60.0 6.735 -18.705
9408 60.0 6.595 -18.594
9420 60.0 7.223 -18.329
9432 60.0 6.757 -17.748
9444 60.0 7.477 -16.754
9456 60.0 7.549 -17.173
9468 60.0 7.342 -17.523
9480 60.0 7.209 -16.494
9492 61.0 16.341 -16.709
9504 61.0 17.049 -16.766
9516 61.0 17.757 -16.766
9528 61.0 18.437 -16.794
9540 61.0 19.230 -16.851
9552 61.0 19.881 -16.823
9564 61.0 20.674 -16.851
9576 61.0 21.411 -16.908
9588 61.0 20.842 -17.139
9600 61.0 20.884 -16.918
9612 61.0 20.707 -17.099
9624 61.0 20.881 -17.131
9636 61.0 21.257 -17.473
9648 61.0 21.181 -17.424
9660 61.0 20.702 -16.855
9672 61.0 21.990 -17.297
9684 61.0 20.943 -16.570
9696 61.0 22.460 -17.285
9708 61.0 21.406 -16.914
9720 61.0 23.176 -17.332
