0 6.0 -15.695 34.138
12 6.0 -15.695 34.138
24 6.0 -15.695 34.138
36 6.0 -15.695 34.138
48 6.0 -15.695 34.138
60 6.0 -15.695 34.138
72 6.0 -15.695 34.138
84 6.0 -15.695 34.138
96 6.0 -15.700 34.160
108 6.0 -15.749 34.157
120 6.0 -15.809 34.153
132 6.0 -15.730 34.178
144 6.0 -15.733 34.184
156 6.0 -15.771 34.189
168 6.0 -15.809 34.226
180 6.0 -15.856 34.223
192 6.0 -15.815 34.203
204 6.0 -15.771 34.291
216 6.0 -15.763 34.255
228 6.0 -15.742 34.267
0 15.0 -8.722 41.385
12 15.0 -8.665 41.312
24 15.0 -8.607 41.312
36 15.0 -8.549 41.312
48 15.0 -8.491 41.312
60 15.0 -8.433 41.312
72 15.0 -8.375 41.312
84 15.0 -8.317 41.312
96 15.0 -8.402 41.450
108 15.0 -8.231 41.491
120 15.0 -8.355 41.632
132 15.0 -8.231 41.484
144 15.0 -8.179 41.438
156 15.0 -8.063 41.609
168 15.0 -8.045 41.911
180 15.0 -7.912 41.887
192 15.0 -7.677 41.698
204 15.0 -7.942 41.753
216 15.0 -8.056 41.763
228 15.0 -8.077 41.849
0 22.0 -6.061 28.786
12 22.0 -5.829 27.802
24 22.0 -5.598 26.847
36 22.0 -5.381 25.864
48 22.0 -5.164 24.894
60 22.0 -4.875 23.925
72 22.0 -4.643 22.942
84 22.0 -4.643 21.972
96 22.0 -4.933 22.744
108 22.0 -5.722 24.278
120 22.0 -5.113 24.271
132 22.0 -4.708 21.948
144 22.0 -5.041 21.969
156 22.0 -5.028 19.328
168 22.0 -4.904 18.799
180 22.0 -4.904 20.740
192 22.0 -4.887 23.410
204 22.0 -5.006 22.161
216 22.0 -5.289 21.289
228 22.0 -5.126 18.571
0 24.0 6.929 9.807
12 24.0 7.218 9.561
24 24.0 7.565 9.431
36 24.0 7.912 9.316
48 24.0 8.260 9.200
60 24.0 8.607 9.070
72 24.0 8.925 8.954
84 24.0 9.272 8.824
96 24.0 9.003 8.610
108 24.0 9.780 8.473
120 24.0 9.455 8.202
132 24.0 10.201 7.889
144 24.0 10.923 8.156
156 24.0 11.408 7.223
168 24.0 12.713 6.839
180 24.0 12.686 6.328
192 24.0 12.110 6.501
204 24.0 12.513 5.844
216 24.0 12.310 5.859
228 24.0 13.277 5.643
0 50.0 -5.584 17.532
12 50.0 -5.627 18.023
24 50.0 -5.685 18.631
36 50.0 -5.743 19.239
48 50.0 -5.800 19.730
60 50.0 -5.858 20.338
72 50.0 -5.916 20.945
84 50.0 -5.974 21.423
96 50.0 -5.779 21.094
108 50.0 -5.768 21.579
120 50.0 -5.862 22.309
132 50.0 -5.948 23.334
144 50.0 -5.950 23.494
156 50.0 -5.444 24.828
168 50.0 -5.076 26.366
180 50.0 -5.079 25.603
192 50.0 -5.386 25.546
204 50.0 -4.935 27.433
216 50.0 -6.169 24.270
228 50.0 -5.672 26.951
36 64.0 -8.288 40.083
48 64.0 -8.578 39.186
60 64.0 -8.578 38.578
72 64.0 -8.636 38.087
84 64.0 -8.636 37.609
96 64.0 -8.694 37.117
108 64.0 -8.694 36.582
120 64.0 -8.737 36.033
132 64.0 -8.514 35.178
144 64.0 -8.372 35.237
156 64.0 -8.488 34.357
168 64.0 -8.546 33.611
180 64.0 -8.399 32.567
192 64.0 -8.806 31.599
204 64.0 -8.818 31.557
216 64.0 -9.336 32.219
228 64.0 -9.043 31.355
240 64.0 -8.739 31.185
252 64.0 -9.260 37.251
264 64.0 -9.014 34.217
240 7.0 -15.695 34.138
252 7.0 -15.695 34.138
264 7.0 -15.695 34.138
276 7.0 -15.695 34.138
288 7.0 -15.695 34.138
300 7.0 -15.695 34.138
312 7.0 -15.695 34.138
324 7.0 -15.695 34.138
336 7.0 -15.728 34.109
348 7.0 -15.789 34.070
360 7.0 -15.749 34.124
372 7.0 -15.688 34.143
384 7.0 -15.752 34.137
396 7.0 -15.752 34.115
408 7.0 -15.752 34.145
420 7.0 -15.725 34.188
432 7.0 -15.744 34.182
444 7.0 -15.767 34.224
456 7.0 -15.716 34.212
468 7.0 -15.715 34.202
240 16.0 -7.233 37.175
252 16.0 -7.117 36.568
264 16.0 -7.016 35.960
276 16.0 -6.958 35.353
288 16.0 -6.842 34.745
300 16.0 -6.726 34.138
312 16.0 -6.611 33.530
324 16.0 -6.495 32.923
336 16.0 -6.409 33.352
348 16.0 -6.410 32.906
360 16.0 -6.438 32.975
372 16.0 -6.576 32.770
384 16.0 -6.758 31.227
396 16.0 -6.484 31.794
408 16.0 -6.707 30.535
420 16.0 -6.770 30.560
432 16.0 -6.495 29.731
444 16.0 -6.774 30.246
456 16.0 -6.779 30.034
468 16.0 -6.840 28.561
240 23.0 -15.347 11.630
252 23.0 -16.881 11.514
264 23.0 -18.298 11.138
276 23.0 -19.456 10.776
288 23.0 -19.213 11.064
300 23.0 -18.485 11.620
312 23.0 -17.757 12.177
324 23.0 -17.029 12.733
336 23.0 -18.603 12.127
348 23.0 -19.844 12.502
360 23.0 -18.554 12.421
372 23.0 -19.241 12.799
384 23.0 -18.853 13.050
396 23.0 -19.265 13.405
408 23.0 -21.686 14.284
420 23.0 -21.709 14.706
432 23.0 -21.680 14.280
444 23.0 -21.971 14.689
456 23.0 -20.787 13.884
468 23.0 -22.280 14.710
240 51.0 -7.290 29.089
252 51.0 -7.392 29.639
264 51.0 -7.507 30.246
276 51.0 -7.623 30.854
288 51.0 -7.739 31.389
300 51.0 -7.855 31.997
312 51.0 -7.970 32.561
324 51.0 -8.086 33.168
336 51.0 -7.820 32.641
348 51.0 -7.787 33.515
360 51.0 -7.596 32.734
372 51.0 -7.455 32.261
384 51.0 -7.491 33.184
396 51.0 -7.567 34.146
408 51.0 -7.479 34.461
420 51.0 -7.487 34.248
432 51.0 -8.116 35.209
444 51.0 -7.649 35.312
456 51.0 -7.044 35.436
468 51.0 -7.570 36.280
276 65.0 -9.142 29.263
288 65.0 -9.142 28.786
300 65.0 -9.084 28.308
312 65.0 -9.026 27.816
324 65.0 -8.910 27.209
336 65.0 -8.795 26.717
348 65.0 -8.737 26.109
360 65.0 -8.636 25.618
372 65.0 -8.895 25.914
384 65.0 -8.632 25.221
396 65.0 -8.753 25.254
408 65.0 -8.950 24.549
420 65.0 -8.836 23.775
432 65.0 -8.686 23.759
444 65.0 -8.653 22.406
456 65.0 -8.734 22.712
468 65.0 -8.920 22.320
480 65.0 -8.561 21.202
492 65.0 -8.953 21.934
504 65.0 -8.217 22.272
312 55.0 5.439 35.237
324 55.0 5.410 35.541
336 55.0 5.352 35.902
348 55.0 5.294 36.264
360 55.0 5.236 36.568
372 55.0 5.179 36.944
384 55.0 4.672 37.175
396 55.0 4.209 37.551
408 55.0 4.531 37.076
420 55.0 4.387 37.615
432 55.0 4.226 37.855
444 55.0 4.522 38.117
456 55.0 4.116 37.734
468 55.0 4.101 38.349
480 55.0 4.615 38.374
492 55.0 4.463 38.326
504 55.0 4.324 39.167
516 55.0 4.375 39.234
528 55.0 4.296 39.943
540 55.0 4.044 39.077
336 60.0 3.081 40.951
348 60.0 3.081 40.343
360 60.0 3.023 39.866
372 60.0 2.965 39.258
384 60.0 2.965 38.766
396 60.0 2.907 38.159
408 60.0 2.907 37.667
420 60.0 2.907 37.060
432 60.0 2.826 37.451
444 60.0 2.914 37.454
456 60.0 2.794 35.937
468 60.0 2.702 34.981
480 60.0 2.964 34.971
492 60.0 2.773 34.656
504 60.0 2.817 32.562
516 60.0 3.149 33.863
528 60.0 2.669 33.657
540 60.0 3.048 33.542
552 60.0 2.793 33.951
564 60.0 3.819 28.168
396 0.0 3.703 25.560
408 0.0 3.746 25.068
420 0.0 3.804 24.591
432 0.0 3.862 24.099
444 0.0 3.920 23.621
456 0.0 3.978 23.188
468 0.0 4.094 22.696
480 0.0 4.151 22.204
492 0.0 4.082 22.526
504 0.0 4.193 21.798
516 0.0 4.224 21.275
528 0.0 4.469 21.080
540 0.0 4.329 20.586
552 0.0 4.647 18.597
564 0.0 4.790 19.030
576 0.0 4.595 17.453
588 0.0 4.803 16.047
600 0.0 4.162 19.141
612 0.0 5.027 18.323
624 0.0 5.212 19.556
456 33.0 3.645 41.833
468 33.0 3.645 40.893
480 33.0 3.703 40.415
492 33.0 3.804 39.924
504 33.0 3.862 39.374
516 33.0 3.978 38.651
528 33.0 4.036 37.971
540 33.0 4.036 37.479
552 33.0 3.708 38.056
564 33.0 3.943 37.040
576 33.0 3.442 36.832
588 33.0 3.789 36.040
600 33.0 3.917 34.718
612 33.0 3.642 34.027
624 33.0 3.742 35.806
636 33.0 3.358 35.088
648 33.0 3.291 34.691
660 33.0 2.993 32.367
672 33.0 4.080 33.706
684 33.0 3.488 33.195
480 8.0 -15.695 34.138
492 8.0 -15.695 34.138
504 8.0 -15.752 34.080
516 8.0 -15.752 34.080
528 8.0 -15.752 34.080
540 8.0 -15.752 34.080
552 8.0 -15.781 34.080
564 8.0 -15.781 34.080
576 8.0 -15.794 34.053
588 8.0 -15.805 34.031
600 8.0 -15.836 34.057
612 8.0 -15.796 34.135
624 8.0 -15.824 34.132
636 8.0 -15.732 34.120
648 8.0 -15.718 34.102
660 8.0 -15.734 34.118
672 8.0 -15.827 34.089
684 8.0 -15.772 34.147
696 8.0 -15.793 34.155
708 8.0 -15.772 34.106
480 17.0 -5.584 25.140
492 17.0 -5.584 24.533
504 17.0 -5.555 24.041
516 17.0 -5.584 23.665
528 17.0 -5.612 23.318
540 17.0 -5.612 22.942
552 17.0 -5.670 22.580
564 17.0 -5.699 22.103
576 17.0 -5.614 20.936
588 17.0 -5.423 20.777
600 17.0 -5.545 20.729
612 17.0 -5.219 20.052
624 17.0 -5.245 19.949
636 17.0 -5.161 18.898
648 17.0 -5.286 18.188
660 17.0 -5.568 17.502
672 17.0 -5.233 18.532
684 17.0 -5.235 17.889
696 17.0 -4.985 16.399
708 17.0 -5.298 17.158
504 12.0 -6.611 24.533
516 12.0 -6.611 23.925
528 12.0 -6.611 23.303
540 12.0 -6.611 22.696
552 12.0 -6.668 22.218
564 12.0 -6.668 21.727
576 12.0 -6.668 21.307
588 12.0 -6.611 20.757
600 12.0 -6.501 21.329
612 12.0 -6.770 20.488
624 12.0 -6.744 20.110
636 12.0 -6.816 20.198
648 12.0 -6.640 19.445
660 12.0 -6.655 17.643
672 12.0 -6.531 17.959
684 12.0 -6.561 17.904
696 12.0 -6.168 17.570
708 12.0 -6.061 17.725
720 12.0 -6.436 16.451
732 12.0 -6.383 16.140
504 46.0 1.794 -6.509
516 46.0 1.794 -6.509
528 46.0 1.765 -6.871
540 46.0 1.649 -7.233
552 46.0 1.591 -7.609
564 46.0 1.475 -8.086
576 46.0 1.418 -8.824
588 46.0 1.360 -9.431
600 46.0 1.654 -9.262
612 46.0 1.571 -9.356
624 46.0 1.374 -10.324
636 46.0 1.255 -10.516
648 46.0 1.949 -11.203
660 46.0 1.569 -11.843
672 46.0 1.403 -12.981
684 46.0 1.387 -12.586
696 46.0 1.842 -13.473
708 46.0 1.929 -13.296
720 46.0 1.872 -14.140
732 46.0 1.962 -15.809
516 66.0 -6.871 19.354
528 66.0 -6.697 18.689
540 66.0 -6.582 18.067
552 66.0 -6.408 17.459
564 66.0 -6.292 16.852
576 66.0 -6.177 16.244
588 66.0 -6.061 15.637
600 66.0 -5.887 15.159
612 66.0 -6.083 15.040
624 66.0 -6.088 14.818
636 66.0 -6.275 15.385
648 66.0 -6.330 14.731
660 66.0 -6.409 14.498
672 66.0 -6.763 13.229
684 66.0 -6.659 13.206
696 66.0 -6.317 12.835
708 66.0 -6.625 12.587
720 66.0 -6.280 11.241
732 66.0 -6.885 11.766
744 66.0 -6.925 8.884
552 56.0 -1.548 39.359
564 56.0 -2.097 39.359
576 56.0 -2.676 39.359
588 56.0 -3.370 39.851
600 56.0 -4.094 40.343
612 56.0 -4.499 40.589
624 56.0 -4.846 40.835
636 56.0 -5.468 41.009
648 56.0 -5.196 41.036
660 56.0 -5.816 41.515
672 56.0 -6.604 42.017
684 56.0 -6.688 41.862
696 56.0 -6.296 42.032
708 56.0 -6.979 42.162
720 56.0 -8.206 43.099
732 56.0 -7.811 42.362
744 56.0 -8.195 43.027
756 56.0 -9.507 43.905
768 56.0 -9.751 44.064
780 56.0 -7.819 43.306
576 52.0 -13.843 30.680
588 52.0 -13.901 30.058
600 52.0 -13.901 29.451
612 52.0 -13.901 29.335
624 52.0 -13.843 29.089
636 52.0 -13.785 28.843
648 52.0 -13.785 28.482
660 52.0 -13.785 28.236
672 52.0 -13.689 27.633
684 52.0 -13.919 26.917
696 52.0 -13.922 26.679
708 52.0 -13.877 25.884
720 52.0 -13.905 25.611
732 52.0 -13.868 24.461
744 52.0 -13.853 24.047
756 52.0 -14.196 23.638
768 52.0 -13.912 22.681
780 52.0 -13.821 21.937
792 52.0 -14.345 20.762
804 52.0 -14.123 21.864
576 61.0 4.238 29.509
588 61.0 4.296 28.786
600 61.0 4.412 28.178
612 61.0 4.470 27.570
624 61.0 4.585 26.847
636 61.0 4.528 26.355
648 61.0 4.412 25.979
660 61.0 4.296 25.618
672 61.0 4.125 25.956
684 61.0 3.988 25.154
696 61.0 4.151 25.247
708 61.0 4.101 24.802
720 61.0 4.355 24.464
732 61.0 4.473 23.640
744 61.0 4.445 23.637
756 61.0 4.286 22.502
768 61.0 4.236 21.880
780 61.0 4.370 22.565
792 61.0 4.497 20.881
804 61.0 4.439 23.870
600 48.0 -14.639 30.333
612 48.0 -14.523 29.523
624 48.0 -14.465 29.147
636 48.0 -14.465 28.655
648 48.0 -14.465 28.308
660 48.0 -14.407 27.816
672 48.0 -14.407 27.440
684 48.0 -14.349 27.093
696 48.0 -14.012 26.558
708 48.0 -13.871 26.250
720 48.0 -14.280 25.934
732 48.0 -14.598 25.658
744 48.0 -14.240 24.984
756 48.0 -14.565 24.379
768 48.0 -14.261 24.257
780 48.0 -14.311 23.376
792 48.0 -14.150 24.530
804 48.0 -14.060 21.302
816 48.0 -14.590 21.986
828 48.0 -14.728 22.787
636 1.0 3.862 15.998
648 1.0 3.920 15.391
660 1.0 3.978 14.783
672 1.0 3.978 14.060
684 1.0 4.036 13.453
696 1.0 4.036 12.845
708 1.0 4.094 12.237
720 1.0 4.151 11.746
732 1.0 4.039 12.009
744 1.0 3.974 11.795
756 1.0 3.766 10.475
768 1.0 3.985 10.370
780 1.0 4.020 9.917
792 1.0 3.886 10.160
804 1.0 3.556 7.031
816 1.0 3.689 9.596
828 1.0 4.987 7.703
840 1.0 3.916 7.553
852 1.0 4.268 5.233
864 1.0 4.001 6.150
696 34.0 4.267 27.455
708 34.0 4.267 27.252
720 34.0 4.238 27.252
732 34.0 4.209 27.194
744 34.0 4.180 27.194
756 34.0 4.180 26.905
768 34.0 4.296 26.298
780 34.0 4.412 25.690
792 34.0 4.414 25.715
804 34.0 4.229 25.375
816 34.0 4.329 24.802
828 34.0 4.434 23.873
840 34.0 4.177 23.656
852 34.0 4.140 23.197
864 34.0 4.226 22.316
876 34.0 4.454 22.422
888 34.0 4.313 22.066
900 34.0 4.411 21.065
912 34.0 4.433 21.349
924 34.0 4.117 21.255
720 9.0 -15.868 34.080
732 9.0 -15.897 34.080
744 9.0 -15.897 34.080
756 9.0 -15.897 34.022
768 9.0 -15.897 34.022
780 9.0 -15.926 34.022
792 9.0 -15.926 34.022
804 9.0 -15.926 34.022
816 9.0 -15.951 34.080
828 9.0 -15.947 34.071
840 9.0 -15.938 34.060
852 9.0 -15.932 34.040
864 9.0 -15.918 34.020
876 9.0 -15.895 34.027
888 9.0 -15.861 34.044
900 9.0 -15.795 34.045
912 9.0 -15.828 34.067
924 9.0 -15.767 34.073
936 9.0 -15.784 34.141
948 9.0 -15.813 34.180
720 18.0 -5.179 14.306
732 18.0 -5.121 13.814
744 18.0 -5.121 13.091
756 18.0 -5.077 12.353
768 18.0 -4.904 11.861
780 18.0 -4.730 11.384
792 18.0 -4.730 10.776
804 18.0 -4.730 10.169
816 18.0 -4.560 9.896
828 18.0 -4.614 9.457
840 18.0 -4.505 8.354
852 18.0 -4.708 6.485
864 18.0 -4.922 8.514
876 18.0 -4.780 6.743
888 18.0 -4.726 8.732
900 18.0 -4.830 6.749
912 18.0 -4.886 6.402
924 18.0 -5.397 6.481
936 18.0 -4.794 6.201
948 18.0 -5.483 9.669
744 13.0 -6.032 12.975
756 13.0 -5.974 12.483
768 13.0 -5.873 12.107
780 13.0 -5.699 11.630
792 13.0 -5.584 11.268
804 13.0 -5.584 10.531
816 13.0 -5.584 9.923
828 13.0 -5.584 9.446
840 13.0 -5.147 9.397
852 13.0 -5.741 10.032
864 13.0 -5.911 9.025
876 13.0 -5.849 9.087
888 13.0 -5.965 7.920
900 13.0 -5.741 8.008
912 13.0 -5.905 6.574
924 13.0 -5.985 6.387
936 13.0 -6.248 8.192
948 13.0 -5.637 6.084
960 13.0 -6.037 5.558
972 13.0 -5.710 4.504
744 20.0 -20.078 21.596
756 20.0 -19.730 21.857
768 20.0 -19.354 22.088
780 20.0 -18.964 22.334
792 20.0 -18.501 22.826
804 20.0 -18.110 23.188
816 20.0 -17.763 23.188
828 20.0 -17.488 23.303
840 20.0 -18.147 22.923
852 20.0 -18.072 23.112
864 20.0 -17.667 22.966
876 20.0 -17.744 22.945
888 20.0 -17.902 22.891
900 20.0 -17.581 23.234
912 20.0 -17.790 23.212
924 20.0 -17.225 22.775
936 20.0 -16.943 22.770
948 20.0 -17.678 23.233
960 20.0 -17.030 22.566
972 20.0 -17.167 22.808
756 67.0 2.416 41.298
768 67.0 2.416 40.589
780 67.0 2.416 40.227
792 67.0 2.416 39.851
804 67.0 2.416 39.504
816 67.0 2.416 39.012
828 67.0 2.474 38.636
840 67.0 2.531 38.144
852 67.0 2.480 37.348
864 67.0 2.398 37.055
876 67.0 2.372 36.529
888 67.0 2.231 35.419
900 67.0 2.225 35.579
912 67.0 2.223 35.683
924 67.0 2.031 34.879
936 67.0 1.835 34.981
948 67.0 2.009 33.016
960 67.0 2.173 32.755
972 67.0 1.653 37.394
984 67.0 1.469 34.850
792 57.0 -7.037 41.535
804 57.0 -7.055 41.539
816 57.0 -7.073 41.542
828 57.0 -7.090 41.545
840 57.0 -7.108 41.548
852 57.0 -7.126 41.552
864 57.0 -7.145 41.555
876 57.0 -7.163 41.558
888 57.0 -7.263 41.552
900 57.0 -7.250 41.519
912 57.0 -7.182 41.519
924 57.0 -7.112 41.551
936 57.0 -7.137 41.550
948 57.0 -7.112 41.544
960 57.0 -7.182 41.656
972 57.0 -7.197 41.675
984 57.0 -7.186 41.678
996 57.0 -7.162 41.698
1008 57.0 -7.046 41.641
1020 57.0 -7.069 41.558
816 62.0 5.887 18.920
828 62.0 5.887 18.689
840 62.0 5.887 18.573
852 62.0 5.887 18.197
864 62.0 6.234 16.866
876 62.0 6.408 15.883
888 62.0 6.408 15.391
900 62.0 6.408 14.914
912 62.0 5.938 15.558
924 62.0 6.257 14.427
936 62.0 5.970 14.025
948 62.0 6.079 13.305
960 62.0 6.212 12.719
972 62.0 6.136 11.763
984 62.0 5.931 11.594
996 62.0 5.839 11.780
1008 62.0 5.712 11.482
1020 62.0 6.251 11.275
1032 62.0 5.654 9.541
1044 62.0 5.482 9.427
840 49.0 -15.145 22.696
852 49.0 -15.203 22.349
864 49.0 -15.261 21.972
876 49.0 -15.376 21.596
888 49.0 -15.666 21.249
900 49.0 -15.941 20.873
912 49.0 -16.230 20.642
924 49.0 -16.461 20.381
936 49.0 -16.719 20.628
948 49.0 -16.292 20.250
960 49.0 -16.237 19.971
972 49.0 -16.237 19.376
984 49.0 -15.683 17.258
996 49.0 -15.676 17.212
1008 49.0 -15.732 16.327
1020 49.0 -15.536 16.325
1032 49.0 -15.890 16.672
1044 49.0 -15.681 16.222
1056 49.0 -15.844 16.863
1068 49.0 -15.876 16.389
876 2.0 4.788 4.817
888 2.0 4.788 4.325
900 2.0 4.788 3.848
912 2.0 4.788 3.110
924 2.0 4.788 2.372
936 2.0 4.672 1.895
948 2.0 4.557 1.649
960 2.0 4.499 1.287
972 2.0 4.653 1.783
984 2.0 4.746 0.415
996 2.0 4.737 0.370
1008 2.0 4.961 -0.403
1020 2.0 4.842 -2.137
1032 2.0 4.853 -1.815
1044 2.0 4.885 -3.823
1056 2.0 4.761 -2.149
1068 2.0 4.938 -2.588
1080 2.0 4.369 -5.191
1092 2.0 4.172 -1.821
1104 2.0 4.146 -1.587
936 35.0 5.627 19.108
948 35.0 5.743 18.501
960 35.0 5.974 18.139
972 35.0 6.263 17.647
984 35.0 6.437 17.286
996 35.0 6.553 16.924
1008 35.0 6.770 16.490
1020 35.0 7.059 15.941
1032 35.0 6.208 16.052
1044 35.0 6.296 15.838
1056 35.0 6.602 15.608
1068 35.0 6.454 14.735
1080 35.0 6.311 15.215
1092 35.0 6.434 13.952
1104 35.0 6.519 12.911
1116 35.0 6.634 12.560
1128 35.0 6.467 12.384
1140 35.0 6.392 12.302
1152 35.0 6.780 11.545
1164 35.0 6.408 12.441
960 10.0 -16.027 34.007
972 10.0 -16.027 34.007
984 10.0 -16.027 34.007
996 10.0 -16.027 34.007
1008 10.0 -16.085 33.950
1020 10.0 -16.085 33.950
1032 10.0 -16.085 33.950
1044 10.0 -16.085 33.892
1056 10.0 -16.131 33.939
1068 10.0 -16.067 33.947
1080 10.0 -16.078 33.948
1092 10.0 -16.010 33.975
1104 10.0 -16.076 33.977
1116 10.0 -16.028 33.958
1128 10.0 -16.053 33.922
1140 10.0 -16.066 33.980
1152 10.0 -16.070 33.943
1164 10.0 -16.016 33.967
1176 10.0 -16.028 33.986
1188 10.0 -16.016 33.993
960 19.0 -3.935 3.356
972 19.0 -3.935 2.864
984 19.0 -3.935 2.372
996 19.0 -3.935 1.895
1008 19.0 -3.963 1.215
1020 19.0 -3.963 0.608
1032 19.0 -3.992 0.072
1044 19.0 -4.021 -0.535
1056 19.0 -4.007 -0.603
1068 19.0 -4.323 -2.015
1080 19.0 -4.112 -2.384
1092 19.0 -4.383 -1.965
1104 19.0 -4.322 -2.740
1116 19.0 -4.255 -3.571
1128 19.0 -4.183 -5.398
1140 19.0 -4.102 -5.110
1152 19.0 -4.165 -4.116
1164 19.0 -4.138 -7.852
1176 19.0 -4.376 -6.995
1188 19.0 -3.812 -9.289
984 14.0 -4.846 2.864
996 14.0 -4.730 2.257
1008 14.0 -4.672 1.519
1020 14.0 -4.672 0.984
1032 14.0 -4.672 0.318
1044 14.0 -4.672 -0.231
1056 14.0 -4.672 -0.897
1068 14.0 -4.672 -1.504
1080 14.0 -4.298 -1.682
1092 14.0 -4.404 -1.770
1104 14.0 -4.139 -1.945
1116 14.0 -4.058 -3.054
1128 14.0 -4.144 -4.566
1140 14.0 -4.172 -4.973
1152 14.0 -4.542 -4.016
1164 14.0 -4.556 -3.923
1176 14.0 -4.403 -4.510
1188 14.0 -4.176 -6.779
1200 14.0 -4.363 -5.669
1212 14.0 -5.135 -7.621
984 21.0 -14.856 29.147
996 21.0 -14.697 29.523
1008 21.0 -14.552 29.943
1020 21.0 -14.465 30.608
1032 21.0 -14.378 31.158
1044 21.0 -14.292 31.823
1056 21.0 -14.219 32.373
1068 21.0 -14.017 32.865
1080 21.0 -14.084 32.908
1092 21.0 -13.806 33.183
1104 21.0 -13.971 34.245
1116 21.0 -13.797 34.185
1128 21.0 -13.339 34.082
1140 21.0 -13.664 33.184
1152 21.0 -13.716 35.394
1164 21.0 -13.458 35.808
1176 21.0 -13.214 37.375
1188 21.0 -13.843 35.839
1200 21.0 -14.010 35.968
1212 21.0 -12.925 35.887
996 54.0 -9.316 24.374
1008 54.0 -9.026 23.419
1020 54.0 -8.578 22.811
1032 54.0 -8.115 22.349
1044 54.0 -7.594 21.741
1056 54.0 -7.146 21.119
1068 54.0 -7.030 20.989
1080 54.0 -6.929 20.873
1092 54.0 -5.740 20.582
1104 54.0 -4.663 20.208
1116 54.0 -4.355 19.916
1128 54.0 -3.862 18.876
1140 54.0 -5.145 20.092
1152 54.0 -4.057 19.132
1164 54.0 -4.526 20.359
1176 54.0 -4.171 19.101
1188 54.0 -3.847 19.352
1200 54.0 -3.894 19.373
1212 54.0 -0.961 16.896
1224 54.0 -5.969 20.644
996 68.0 3.269 31.230
1008 68.0 3.182 30.782
1020 68.0 3.124 30.304
1032 68.0 3.124 29.813
1044 68.0 3.182 29.205
1056 68.0 3.240 28.713
1068 68.0 3.240 28.250
1080 68.0 3.298 27.758
1092 68.0 3.063 27.176
1104 68.0 2.852 26.859
1116 68.0 2.667 26.457
1128 68.0 3.160 25.741
1140 68.0 3.132 25.096
1152 68.0 3.251 23.891
1164 68.0 3.428 24.830
1176 68.0 3.321 22.847
1188 68.0 3.279 23.131
1200 68.0 3.387 22.437
1212 68.0 3.429 23.897
1224 68.0 3.396 20.459
1020 29.0 -8.375 -2.850
1032 29.0 -8.824 -3.341
1044 29.0 -9.229 -3.718
1056 29.0 -9.677 -4.180
1068 29.0 -10.140 -4.557
1080 29.0 -10.603 -5.048
1092 29.0 -10.993 -5.410
1104 29.0 -11.442 -5.887
1116 29.0 -10.152 -5.699
1128 29.0 -9.770 -5.442
1140 29.0 -9.930 -5.266
1152 29.0 -10.102 -5.714
1164 29.0 -10.802 -5.316
1176 29.0 -10.571 -7.426
1188 29.0 -9.748 -7.327
1200 29.0 -10.051 -7.931
1212 29.0 -10.626 -9.258
1224 29.0 -10.088 -7.823
1236 29.0 -9.898 -9.619
1248 29.0 -9.215 -11.514
1032 58.0 -7.396 41.600
1044 58.0 -7.414 41.603
1056 58.0 -7.432 41.607
1068 58.0 -7.450 41.610
1080 58.0 -7.468 41.613
1092 58.0 -7.486 41.616
1104 58.0 -7.504 41.620
1116 58.0 -7.522 41.623
1128 58.0 -7.558 41.603
1140 58.0 -7.478 41.586
1152 58.0 -7.391 41.539
1164 58.0 -7.394 41.528
1176 58.0 -7.430 41.514
1188 58.0 -7.436 41.521
1200 58.0 -7.449 41.573
1212 58.0 -7.430 41.547
1224 58.0 -7.349 41.554
1236 58.0 -7.293 41.568
1248 58.0 -7.315 41.557
1260 58.0 -7.378 41.568
1056 63.0 5.092 5.844
1068 63.0 5.034 5.236
1080 63.0 4.918 4.629
1092 63.0 4.918 3.906
1104 63.0 4.918 3.298
1116 63.0 4.918 2.560
1128 63.0 4.918 1.953
1140 63.0 4.918 1.230
1152 63.0 5.355 0.848
1164 63.0 5.366 0.253
1176 63.0 5.096 -0.658
1188 63.0 4.989 -0.394
1200 63.0 5.014 -1.567
1212 63.0 5.004 -1.149
1224 63.0 4.990 -0.119
1236 63.0 5.392 -2.619
1248 63.0 5.022 -2.642
1260 63.0 4.979 -2.956
1272 63.0 4.558 -4.902
1284 63.0 4.751 -2.525
1116 3.0 3.804 -5.164
1128 3.0 3.746 -5.280
1140 3.0 3.703 -5.395
1152 3.0 3.645 -5.395
1164 3.0 3.587 -5.395
1176 3.0 3.472 -5.395
1188 3.0 3.414 -5.280
1200 3.0 3.356 -5.280
1212 3.0 3.414 -5.326
1224 3.0 3.340 -5.428
1236 3.0 3.384 -5.462
1248 3.0 3.064 -5.574
1260 3.0 3.012 -5.699
1272 3.0 2.788 -5.931
1284 3.0 2.312 -5.751
1296 3.0 2.848 -6.051
1308 3.0 2.980 -5.801
1320 3.0 2.988 -5.834
1332 3.0 2.880 -5.561
1344 3.0 2.554 -5.743
1152 39.0 15.579 19.181
1164 39.0 15.174 19.296
1176 39.0 14.711 19.412
1188 39.0 14.320 19.412
1200 39.0 13.915 19.528
1212 39.0 13.525 19.658
1224 39.0 13.120 19.788
1236 39.0 12.671 19.788
1248 39.0 13.532 19.948
1260 39.0 12.737 20.244
1272 39.0 11.703 20.474
1284 39.0 12.391 20.466
1296 39.0 11.693 20.811
1308 39.0 11.913 20.532
1320 39.0 10.664 21.417
1332 39.0 10.258 20.829
1344 39.0 10.123 21.636
1356 39.0 9.878 21.630
1368 39.0 10.677 21.416
1380 39.0 8.525 22.682
1188 38.0 15.116 21.293
1200 38.0 14.176 20.627
1212 38.0 13.843 20.685
1224 38.0 13.496 20.815
1236 38.0 13.149 20.945
1248 38.0 12.744 21.061
1260 38.0 12.411 21.119
1272 38.0 12.078 21.235
1284 38.0 11.187 20.914
1296 38.0 11.616 20.546
1308 38.0 9.985 21.200
1320 38.0 10.983 20.457
1332 38.0 8.942 20.688
1344 38.0 9.001 20.925
1356 38.0 10.342 21.144
1368 38.0 9.260 20.886
1380 38.0 9.057 21.084
1392 38.0 8.929 21.298
1404 38.0 9.745 20.750
1416 38.0 9.061 21.185
1200 11.0 -16.085 33.414
1212 11.0 -16.085 33.414
1224 11.0 -16.085 33.414
1236 11.0 -16.085 33.299
1248 11.0 -16.085 33.299
1260 11.0 -16.085 33.299
1272 11.0 -16.085 33.226
1284 11.0 -16.085 33.226
1296 11.0 -16.103 33.260
1308 11.0 -16.137 33.274
1320 11.0 -16.072 33.273
1332 11.0 -16.055 33.318
1344 11.0 -16.108 33.328
1356 11.0 -16.156 33.346
1368 11.0 -16.153 33.343
1380 11.0 -16.130 33.360
1392 11.0 -16.141 33.344
1404 11.0 -16.177 33.343
1416 11.0 -16.157 33.339
1428 11.0 -16.126 33.361
1236 69.0 3.298 21.191
1248 69.0 3.298 20.700
1260 69.0 3.298 20.208
1272 69.0 3.298 19.716
1284 69.0 3.414 19.108
1296 69.0 3.472 18.617
1308 69.0 3.529 18.125
1320 69.0 3.587 17.662
1332 69.0 3.230 17.748
1344 69.0 3.380 17.243
1356 69.0 3.469 16.685
1368 69.0 3.377 15.968
1380 69.0 3.323 15.442
1392 69.0 3.568 15.617
1404 69.0 3.330 15.147
1416 69.0 3.455 13.867
1428 69.0 3.836 14.353
1440 69.0 3.844 13.756
1452 69.0 3.754 12.498
1464 69.0 3.854 15.472
1260 30.0 -16.563 -9.793
1272 30.0 -16.852 -10.285
1284 30.0 -17.141 -10.632
1296 30.0 -17.373 -11.008
1308 30.0 -17.604 -11.384
1320 30.0 -17.792 -11.731
1332 30.0 -17.966 -12.107
1344 30.0 -18.183 -12.397
1356 30.0 -18.144 -12.736
1368 30.0 -18.251 -12.718
1380 30.0 -17.788 -12.838
1392 30.0 -17.695 -13.478
1404 30.0 -18.035 -14.081
1416 30.0 -17.876 -15.752
1428 30.0 -18.439 -16.967
1440 30.0 -17.555 -14.757
1452 30.0 -17.772 -15.960
1464 30.0 -18.178 -17.500
1476 30.0 -17.559 -17.070
1488 30.0 -17.581 -16.404
1272 59.0 -6.726 34.933
1284 59.0 -6.668 34.326
1296 59.0 -6.553 33.704
1308 59.0 -6.495 33.096
1320 59.0 -6.437 32.489
1332 59.0 -6.321 31.881
1344 59.0 -6.321 31.274
1356 59.0 -6.321 30.550
1368 59.0 -6.392 30.324
1380 59.0 -6.273 29.305
1392 59.0 -6.537 29.855
1404 59.0 -6.407 28.412
1416 59.0 -6.403 28.715
1428 59.0 -6.347 29.046
1440 59.0 -6.071 28.908
1452 59.0 -6.104 28.193
1464 59.0 -5.813 28.526
1476 59.0 -6.066 25.706
1488 59.0 -5.803 27.511
1500 59.0 -5.909 26.212
