312 104.0 -19.495 19.852
324 104.0 -19.309 19.852
336 104.0 -18.896 19.852
348 104.0 -18.268 19.852
360 104.0 -17.640 19.852
372 104.0 -17.012 19.623
384 104.0 -16.327 19.395
396 104.0 -15.699 19.395
408 104.0 -16.601 19.875
420 104.0 -17.429 19.359
432 104.0 -16.515 19.728
444 104.0 -16.423 19.617
456 104.0 -16.469 19.901
468 104.0 -15.803 19.702
480 104.0 -15.619 19.544
492 104.0 -14.879 19.352
504 104.0 -15.376 19.312
516 104.0 -15.393 19.653
528 104.0 -14.908 19.698
540 104.0 -15.362 20.022
408 108.0 -19.495 19.338
420 108.0 -19.181 19.338
432 108.0 -18.767 19.338
444 108.0 -18.296 19.338
456 108.0 -17.768 19.452
468 108.0 -17.083 19.452
480 108.0 -16.398 19.452
492 108.0 -15.770 19.338
504 108.0 -15.419 19.010
516 108.0 -15.879 19.195
528 108.0 -15.747 19.570
540 108.0 -16.012 19.553
552 108.0 -15.787 19.532
564 108.0 -15.140 19.367
576 108.0 -14.117 19.077
588 108.0 -14.257 19.064
600 108.0 -14.214 19.205
612 108.0 -14.110 19.164
624 108.0 -13.328 19.013
636 108.0 -14.122 18.874
552 105.0 -8.078 19.795
564 105.0 -7.478 19.795
576 105.0 -6.922 19.680
588 105.0 -6.308 19.680
600 105.0 -5.766 19.738
612 105.0 -5.252 19.738
624 105.0 -4.667 19.738
636 105.0 -4.139 19.738
648 105.0 -4.631 19.463
660 105.0 -4.799 19.474
672 105.0 -4.439 19.386
684 105.0 -4.544 19.909
696 105.0 -4.531 18.987
708 105.0 -4.900 19.433
720 105.0 -4.469 19.643
732 105.0 -3.832 19.401
744 105.0 -4.455 19.572
756 105.0 -4.203 19.657
768 105.0 -2.650 19.388
780 105.0 -3.665 19.704
648 109.0 -8.206 19.566
660 109.0 -7.578 19.566
672 109.0 -7.007 19.452
684 109.0 -6.422 19.452
696 109.0 -5.894 19.452
708 109.0 -5.323 19.338
720 109.0 -4.795 19.338
732 109.0 -4.224 19.338
744 109.0 -5.531 19.881
756 109.0 -5.184 19.594
768 109.0 -5.361 19.569
780 109.0 -5.781 19.589
792 109.0 -4.952 19.293
804 109.0 -4.365 18.951
816 109.0 -4.047 19.138
828 109.0 -4.354 19.280
840 109.0 -3.562 19.374
852 109.0 -4.297 19.572
864 109.0 -3.127 19.391
876 109.0 -2.935 18.751
684 100.0 16.298 18.111
696 100.0 15.670 18.111
708 100.0 15.085 18.111
720 100.0 14.514 18.111
732 100.0 13.943 18.111
744 100.0 13.358 18.111
756 100.0 12.730 18.054
768 100.0 12.159 18.054
780 100.0 13.032 17.848
792 100.0 12.658 18.421
804 100.0 12.636 17.774
816 100.0 11.982 18.272
828 100.0 11.268 18.023
840 100.0 11.214 17.437
852 100.0 11.150 17.947
864 100.0 10.422 18.226
876 100.0 9.531 17.975
888 100.0 11.337 17.436
900 100.0 10.456 18.188
912 100.0 10.190 17.838
792 106.0 3.568 19.623
804 106.0 4.082 19.623
816 106.0 4.610 19.623
828 106.0 5.195 19.623
840 106.0 5.709 19.509
852 106.0 6.279 19.509
864 106.0 6.822 19.395
876 106.0 7.393 19.395
888 106.0 6.766 19.347
900 106.0 7.163 19.395
912 106.0 6.933 19.257
924 106.0 7.587 19.148
936 106.0 7.617 19.044
948 106.0 7.506 19.559
960 106.0 7.047 19.251
972 106.0 7.340 19.386
984 106.0 8.027 19.467
996 106.0 7.445 19.385
1008 106.0 7.693 19.369
1020 106.0 7.933 19.306
924 101.0 4.496 17.825
936 101.0 3.925 17.825
948 101.0 3.354 17.768
960 101.0 2.783 17.768
972 101.0 2.198 17.768
984 101.0 1.570 17.768
996 101.0 0.985 17.768
1008 101.0 0.414 17.768
1020 101.0 0.529 17.450
1032 101.0 -0.073 17.921
1044 101.0 1.225 17.476
1056 101.0 0.619 18.106
1068 101.0 -0.407 17.603
1080 101.0 -0.786 17.607
1092 101.0 -0.726 17.342
1104 101.0 -1.081 17.914
1116 101.0 -0.357 16.915
1128 101.0 0.209 17.050
1140 101.0 1.133 17.172
1152 101.0 -0.480 17.480
1140 67.0 -18.439 14.885
1152 67.0 -17.811 14.885
1164 67.0 -17.183 14.885
1176 67.0 -16.555 14.771
1188 67.0 -15.927 14.771
1200 67.0 -15.299 14.771
1212 67.0 -14.671 14.643
1224 67.0 -14.043 14.643
1236 67.0 -14.830 14.382
1248 67.0 -14.884 14.537
1260 67.0 -15.225 14.633
1272 67.0 -14.740 14.465
1284 67.0 -14.112 14.112
1296 67.0 -13.762 14.357
1308 67.0 -13.560 14.097
1320 67.0 -13.101 14.115
1332 67.0 -13.107 13.845
1344 67.0 -12.327 13.398
1356 67.0 -12.788 13.179
1368 67.0 -12.689 13.200
1164 102.0 -7.721 18.111
1176 102.0 -8.363 18.168
1188 102.0 -8.991 18.168
1200 102.0 -9.619 18.225
1212 102.0 -10.247 18.225
1224 102.0 -10.889 18.282
1236 102.0 -11.517 18.282
1248 102.0 -12.145 18.282
1260 102.0 -11.720 17.893
1272 102.0 -12.478 17.913
1284 102.0 -11.340 17.382
1296 102.0 -12.596 17.639
1308 102.0 -12.223 17.403
1320 102.0 -12.951 17.959
1332 102.0 -13.870 17.982
1344 102.0 -12.163 18.193
1356 102.0 -13.037 18.121
1368 102.0 -13.919 17.934
1380 102.0 -13.162 17.827
1392 102.0 -13.947 18.208
1380 68.0 -6.251 14.414
1392 68.0 -5.652 14.414
1404 68.0 -5.081 14.528
1416 68.0 -4.767 14.528
1428 68.0 -4.396 14.643
1440 68.0 -4.039 14.643
1452 68.0 -3.682 14.771
1464 68.0 -3.311 14.771
1476 68.0 -3.342 14.256
1488 68.0 -3.799 14.505
1500 68.0 -3.280 14.132
1512 68.0 -3.250 14.101
1524 68.0 -2.918 14.749
1536 68.0 -2.217 14.342
1548 68.0 -2.601 14.381
1560 68.0 -2.516 14.260
1572 68.0 -2.731 14.643
1584 68.0 -2.853 14.262
1596 68.0 -2.494 13.733
1608 68.0 -2.469 14.281
1500 70.0 6.494 6.208
1512 70.0 5.766 6.208
1524 70.0 5.024 6.208
1536 70.0 4.353 6.322
1548 70.0 3.611 6.322
1560 70.0 2.940 6.322
1572 70.0 2.198 6.436
1584 70.0 1.513 6.436
1596 70.0 2.916 7.004
1608 70.0 2.085 7.373
1620 70.0 1.170 7.524
1632 70.0 0.806 7.673
1644 70.0 1.585 7.817
1656 70.0 1.276 8.306
1668 70.0 -0.015 8.593
1680 70.0 0.183 9.048
1692 70.0 0.880 8.428
1704 70.0 0.458 8.295
1716 70.0 0.629 8.104
1728 70.0 -0.202 9.031
1536 58.0 16.983 28.757
1548 58.0 16.955 28.186
1560 58.0 16.926 27.601
1572 58.0 16.898 27.016
1584 58.0 16.883 26.445
1596 58.0 16.883 25.874
1608 58.0 16.855 25.218
1620 58.0 16.683 24.647
1632 58.0 16.900 23.861
1644 58.0 16.759 23.973
1656 58.0 16.733 22.995
1668 58.0 16.785 22.670
1680 58.0 16.494 23.363
1692 58.0 17.298 21.472
1704 58.0 17.085 21.187
1716 58.0 16.553 21.285
1728 58.0 16.274 21.150
1740 58.0 17.002 21.453
1752 58.0 16.761 19.648
1764 58.0 16.181 22.375
1620 69.0 2.968 16.855
1632 69.0 3.596 16.969
1644 69.0 4.224 17.083
1656 69.0 4.852 17.197
1668 69.0 5.480 17.311
1680 69.0 6.108 17.426
1692 69.0 6.736 17.540
1704 69.0 7.364 17.540
1716 69.0 6.262 16.836
1728 69.0 6.603 16.741
1740 69.0 6.321 16.675
1752 69.0 6.793 16.174
1764 69.0 7.270 16.255
1776 69.0 6.365 16.265
1788 69.0 8.079 16.343
1800 69.0 8.009 16.434
1812 69.0 6.781 16.303
1824 69.0 8.085 15.808
1836 69.0 7.061 16.519
1848 69.0 7.159 16.349
1740 71.0 -7.707 6.436
1752 71.0 -8.434 6.436
1764 71.0 -9.120 6.436
1776 71.0 -9.847 6.436
1788 71.0 -10.590 6.551
1800 71.0 -11.275 6.551
1812 71.0 -12.002 6.551
1824 71.0 -12.730 6.551
1836 71.0 -11.818 6.213
1848 71.0 -12.114 6.426
1860 71.0 -12.457 6.466
1872 71.0 -12.737 6.530
1884 71.0 -14.223 6.446
1896 71.0 -13.157 6.868
1908 71.0 -12.869 6.682
1920 71.0 -13.050 6.597
1932 71.0 -14.011 7.457
1944 71.0 -13.409 6.383
1956 71.0 -15.376 7.479
1968 71.0 -14.258 8.284
1776 59.0 12.488 19.095
1788 59.0 12.031 18.867
1800 59.0 11.546 18.639
1812 59.0 11.089 18.282
1824 59.0 10.661 17.939
1836 59.0 10.190 17.597
1848 59.0 9.776 17.140
1860 59.0 9.348 16.783
1872 59.0 9.758 17.577
1884 59.0 10.197 16.909
1896 59.0 9.910 17.437
1908 59.0 9.932 16.978
1920 59.0 10.501 17.368
1932 59.0 10.431 17.421
1944 59.0 9.424 16.333
1956 59.0 8.644 16.509
1968 59.0 9.415 16.313
1980 59.0 9.753 17.152
1992 59.0 10.469 16.678
2004 59.0 9.243 15.157
2016 60.0 4.724 10.547
2028 60.0 4.296 10.076
2040 60.0 3.882 9.605
2052 60.0 3.482 9.148
2064 60.0 3.026 8.691
2076 60.0 2.655 8.235
2088 60.0 2.226 7.764
2100 60.0 1.827 7.364
2112 60.0 2.937 8.275
2124 60.0 3.802 7.527
2136 60.0 3.172 7.140
2148 60.0 2.602 6.238
2160 60.0 3.952 5.932
2172 60.0 4.043 4.485
2184 60.0 4.294 4.381
2196 60.0 4.296 4.104
2208 60.0 3.479 4.015
2220 60.0 3.892 1.554
2232 60.0 4.329 -1.245
2244 60.0 4.409 4.579
2256 61.0 -4.767 3.539
2268 61.0 -5.195 3.083
2280 61.0 -5.609 2.726
2292 61.0 -6.037 2.269
2304 61.0 -6.494 1.927
2316 61.0 -7.022 1.570
2328 61.0 -7.393 1.227
2340 61.0 -7.707 0.885
2352 61.0 -6.597 2.058
2364 61.0 -6.290 1.903
2376 61.0 -7.054 1.747
2388 61.0 -6.886 1.440
2400 61.0 -8.231 1.906
2412 61.0 -8.443 0.376
2424 61.0 -8.040 1.147
2436 61.0 -7.513 1.174
2448 61.0 -8.599 2.032
2460 61.0 -7.476 1.136
2472 61.0 -10.126 0.929
2484 61.0 -9.505 1.079
3012 21.0 16.812 19.795
3024 21.0 16.155 19.452
3036 21.0 15.527 19.338
3048 21.0 14.900 19.338
3060 21.0 14.500 19.338
3072 21.0 14.015 19.338
3084 21.0 13.387 19.110
3096 21.0 12.759 18.867
3108 21.0 12.478 19.649
3120 21.0 12.954 19.531
3132 21.0 11.082 19.815
3144 21.0 11.111 19.634
3156 21.0 11.150 19.649
3168 21.0 11.950 19.894
3180 21.0 11.461 20.301
3192 21.0 10.076 20.080
3204 21.0 10.968 20.682
3216 21.0 9.700 20.859
3228 21.0 11.526 20.394
3240 21.0 10.382 20.590
3060 141.0 -19.538 17.197
3072 141.0 -19.395 16.312
3084 141.0 -19.024 16.084
3096 141.0 -18.653 15.856
3108 141.0 -18.282 15.627
3120 141.0 -17.925 15.399
3132 141.0 -17.397 15.285
3144 141.0 -16.940 15.171
3156 141.0 -16.965 14.387
3168 141.0 -16.668 14.433
3180 141.0 -17.355 15.543
3192 141.0 -15.673 14.502
3204 141.0 -16.335 15.052
3216 141.0 -15.118 14.489
3228 141.0 -14.476 14.067
3240 141.0 -13.575 13.243
3252 141.0 -13.967 13.733
3264 141.0 -15.059 14.321
3276 141.0 -13.972 13.486
3288 141.0 -14.782 14.096
3108 137.0 16.869 18.910
3120 137.0 16.270 18.453
3132 137.0 15.799 18.453
3144 137.0 15.271 18.339
3156 137.0 14.757 18.339
3168 137.0 14.214 18.225
3180 137.0 13.758 18.225
3192 137.0 13.230 18.225
3204 137.0 13.624 18.060
3216 137.0 11.586 18.210
3228 137.0 12.348 17.910
3240 137.0 11.311 18.343
3252 137.0 11.917 18.436
3264 137.0 10.466 19.089
3276 137.0 11.603 18.336
3288 137.0 11.641 18.623
3300 137.0 9.320 19.904
3312 137.0 10.971 18.784
3324 137.0 12.201 18.746
3336 137.0 12.546 18.783
3252 22.0 4.367 18.995
3264 22.0 3.682 18.995
3276 22.0 3.054 18.995
3288 22.0 2.426 18.995
3300 22.0 1.741 18.995
3312 22.0 1.113 18.995
3324 22.0 0.485 18.995
3336 22.0 -0.143 18.995
3348 22.0 -0.877 18.757
3360 22.0 0.257 18.460
3372 22.0 -0.550 18.478
3384 22.0 -2.109 19.206
3396 22.0 -2.548 18.463
3408 22.0 -0.018 17.774
3420 22.0 -0.980 19.055
3432 22.0 -1.544 18.721
3444 22.0 -0.611 18.753
3456 22.0 -1.131 18.880
3468 22.0 -1.398 18.499
3480 22.0 -0.455 17.915
3300 142.0 -12.488 10.661
3312 142.0 -12.059 10.433
3324 142.0 -11.574 10.204
3336 142.0 -11.175 9.962
3348 142.0 -10.689 9.719
3360 142.0 -10.233 9.491
3372 142.0 -9.862 9.262
3384 142.0 -9.548 9.034
3396 142.0 -9.805 9.280
3408 142.0 -9.512 9.006
3420 142.0 -9.317 8.898
3432 142.0 -8.694 8.486
3444 142.0 -8.154 7.905
3456 142.0 -6.948 7.492
3468 142.0 -7.973 7.935
3480 142.0 -6.122 6.589
3492 142.0 -7.231 7.338
3504 142.0 -7.303 7.345
3516 142.0 -7.860 7.178
3528 142.0 -6.453 6.258
3348 138.0 6.479 19.053
3360 138.0 5.994 19.167
3372 138.0 5.537 19.167
3384 138.0 4.995 19.281
3396 138.0 4.481 19.281
3408 138.0 3.953 19.281
3420 138.0 3.482 19.281
3432 138.0 3.054 19.281
3444 138.0 3.044 19.047
3456 138.0 2.537 18.781
3468 138.0 3.130 18.791
3480 138.0 3.904 18.513
3492 138.0 1.791 19.561
3504 138.0 2.497 18.806
3516 138.0 0.790 18.916
3528 138.0 0.779 18.895
3540 138.0 0.618 18.931
3552 138.0 0.723 18.754
3564 138.0 -0.866 18.891
3576 138.0 1.019 18.432
3504 136.0 -6.608 16.955
3516 136.0 -7.264 17.540
3528 136.0 -7.949 17.426
3540 136.0 -8.634 17.311
3552 136.0 -9.262 17.183
3564 136.0 -9.890 17.183
3576 136.0 -10.490 17.183
3588 136.0 -11.060 17.183
3600 136.0 -11.401 17.679
3612 136.0 -10.700 17.621
3624 136.0 -12.354 18.648
3636 136.0 -12.474 18.502
3648 136.0 -11.830 17.777
3660 136.0 -13.302 18.882
3672 136.0 -14.737 19.906
3684 136.0 -12.510 18.047
3696 136.0 -15.493 20.150
3708 136.0 -14.603 19.286
3720 136.0 -14.020 19.818
3732 136.0 -15.783 20.317
3540 143.0 -4.581 5.980
3552 143.0 -4.153 5.737
3564 143.0 -3.725 5.737
3576 143.0 -3.297 5.737
3588 143.0 -2.911 5.737
3600 143.0 -2.440 5.623
3612 143.0 -1.969 5.623
3624 143.0 -1.441 5.623
3636 143.0 -2.046 5.333
3648 143.0 -1.899 5.097
3660 143.0 -1.518 5.120
3672 143.0 -1.088 5.006
3684 143.0 -1.129 5.183
3696 143.0 -1.207 5.227
3708 143.0 -0.986 5.250
3720 143.0 -0.553 4.968
3732 143.0 -0.240 4.767
3744 143.0 -0.222 4.729
3756 143.0 0.190 4.878
3768 143.0 0.525 4.518
3588 139.0 -3.639 19.038
3600 139.0 -4.224 19.038
3612 139.0 -4.795 19.038
3624 139.0 -5.323 19.038
3636 139.0 -5.894 18.924
3648 139.0 -6.322 18.810
3660 139.0 -6.793 18.810
3672 139.0 -7.207 18.696
3684 139.0 -6.973 18.550
3696 139.0 -7.134 18.527
3708 139.0 -7.103 19.053
3720 139.0 -6.835 18.718
3732 139.0 -7.441 18.987
3744 139.0 -7.247 18.452
3756 139.0 -8.021 18.653
3768 139.0 -8.905 18.921
3780 139.0 -8.100 18.524
3792 139.0 -8.898 18.878
3804 139.0 -9.809 18.938
3816 139.0 -10.233 18.575
3780 147.0 4.567 5.395
3792 147.0 5.138 5.280
3804 147.0 5.751 5.280
3816 147.0 6.123 5.280
3828 147.0 6.494 5.280
3840 147.0 6.865 5.280
3852 147.0 7.236 5.280
3864 147.0 7.650 5.152
3876 147.0 7.753 4.852
3888 147.0 8.110 5.322
3900 147.0 8.180 5.114
3912 147.0 8.494 5.114
3924 147.0 8.359 4.992
3936 147.0 8.715 4.747
3948 147.0 8.815 4.900
3960 147.0 7.917 5.006
3972 147.0 9.139 5.003
3984 147.0 7.589 5.127
3996 147.0 7.322 5.785
4008 147.0 8.298 5.763
3996 149.0 7.321 33.610
4008 149.0 7.107 33.610
4020 149.0 7.107 33.610
4032 149.0 7.107 33.610
4044 149.0 7.107 33.724
4056 149.0 7.050 33.724
4068 149.0 7.050 33.838
4080 149.0 7.050 33.838
4092 149.0 6.930 33.928
4104 149.0 7.164 33.984
4116 149.0 7.210 34.193
4128 149.0 6.939 33.977
4140 149.0 6.798 34.069
4152 149.0 6.805 34.159
4164 149.0 6.573 34.371
4176 149.0 6.542 34.553
4188 149.0 5.825 34.813
4200 149.0 5.836 34.731
4212 149.0 5.373 34.772
4224 149.0 5.020 35.185
4236 150.0 6.879 34.423
4248 150.0 6.879 34.423
4260 150.0 6.879 34.537
4272 150.0 6.836 34.537
4284 150.0 6.836 34.537
4296 150.0 6.836 34.651
4308 150.0 6.836 34.651
4320 150.0 6.793 34.651
4332 150.0 6.895 34.595
4344 150.0 6.844 34.743
4356 150.0 6.767 34.637
4368 150.0 6.662 34.586
4380 150.0 6.714 34.694
4392 150.0 6.591 34.671
4404 150.0 6.698 34.628
4416 150.0 6.578 34.556
4428 150.0 6.429 34.532
4440 150.0 6.240 34.446
4452 150.0 6.104 34.500
4464 150.0 6.063 34.530
5400 148.0 16.655 17.597
5412 148.0 16.512 17.483
5424 148.0 16.341 17.483
5436 148.0 16.241 17.369
5448 148.0 16.084 17.369
5460 148.0 15.984 17.254
5472 148.0 15.827 17.254
5484 148.0 15.713 17.140
5496 148.0 15.329 17.435
5508 148.0 15.335 17.437
5520 148.0 15.111 17.375
5532 148.0 14.825 17.261
5544 148.0 14.877 17.661
5556 148.0 14.289 17.590
5568 148.0 14.396 17.521
5580 148.0 13.423 17.599
5592 148.0 13.035 17.519
5604 148.0 13.961 17.409
5616 148.0 13.584 17.371
5628 148.0 13.202 17.480
5484 78.0 16.541 18.924
5496 78.0 15.913 19.152
5508 78.0 14.985 18.981
5520 78.0 14.229 18.867
5532 78.0 13.772 18.924
5544 78.0 13.287 18.924
5556 78.0 12.702 18.924
5568 78.0 12.188 18.810
5580 78.0 12.975 18.929
5592 78.0 12.861 19.140
5604 78.0 13.020 19.237
5616 78.0 12.307 19.072
5628 78.0 12.118 19.598
5640 78.0 11.591 19.472
5652 78.0 11.816 19.592
5664 78.0 11.553 20.517
5676 78.0 11.806 20.004
5688 78.0 11.033 20.065
5700 78.0 11.597 20.187
5712 78.0 10.727 20.106
5484 151.0 16.213 19.966
5496 151.0 15.670 19.966
5508 151.0 14.900 20.023
5520 151.0 14.015 20.251
5532 151.0 13.158 20.423
5544 151.0 12.673 20.651
5556 151.0 12.216 20.651
5568 151.0 11.646 20.423
5580 151.0 11.261 20.875
5592 151.0 11.371 20.665
5604 151.0 11.786 20.556
5616 151.0 11.420 20.983
5628 151.0 11.639 20.680
5640 151.0 11.106 21.283
5652 151.0 10.494 21.815
5664 151.0 8.521 22.615
5676 151.0 9.101 21.534
5688 151.0 8.873 21.789
5700 151.0 9.457 21.813
5712 151.0 9.973 21.089
5556 5.0 15.642 18.054
5568 5.0 15.385 18.225
5580 5.0 15.099 18.396
5592 5.0 14.828 18.567
5604 5.0 14.557 18.696
5616 5.0 14.300 18.924
5628 5.0 14.015 19.038
5640 5.0 13.701 19.167
5652 5.0 12.330 20.206
5664 5.0 12.516 20.198
5676 5.0 11.598 20.496
5688 5.0 11.936 20.366
5700 5.0 11.044 21.355
5712 5.0 11.909 21.221
5724 5.0 10.172 22.327
5736 5.0 9.283 21.893
5748 5.0 8.395 22.540
5760 5.0 8.393 22.601
5772 5.0 8.463 22.790
5784 5.0 8.565 22.087
5580 131.0 16.170 17.825
5592 131.0 15.742 17.483
5604 131.0 15.428 17.369
5616 131.0 15.057 17.369
5628 131.0 14.800 17.254
5640 131.0 14.571 17.254
5652 131.0 14.300 17.254
5664 131.0 14.072 17.254
5676 131.0 13.595 17.291
5688 131.0 13.532 17.638
5700 131.0 13.092 17.521
5712 131.0 13.610 17.613
5724 131.0 12.855 17.483
5736 131.0 13.046 17.943
5748 131.0 13.222 17.692
5760 131.0 12.194 17.726
5772 131.0 11.459 17.975
5784 131.0 13.342 17.619
5796 131.0 12.695 17.977
5808 131.0 12.028 17.671
5640 154.0 13.344 16.612
5652 154.0 13.144 16.555
5664 154.0 12.973 16.555
5676 154.0 12.759 16.498
5688 154.0 12.573 16.498
5700 154.0 12.388 16.441
5712 154.0 12.159 16.441
5724 154.0 11.845 16.441
5736 154.0 12.470 16.297
5748 154.0 12.309 16.192
5760 154.0 12.192 16.330
5772 154.0 11.978 16.278
5784 154.0 12.107 16.341
5796 154.0 12.037 16.371
5808 154.0 11.453 16.279
5820 154.0 11.474 16.202
5832 154.0 11.232 16.373
5844 154.0 10.927 16.465
5856 154.0 10.745 16.561
5868 154.0 11.188 16.381
5724 79.0 4.039 18.810
5736 79.0 3.568 18.810
5748 79.0 3.040 18.810
5760 79.0 2.512 18.810
5772 79.0 2.041 18.810
5784 79.0 1.570 18.810
5796 79.0 0.999 18.753
5808 79.0 0.414 18.624
5820 79.0 1.194 18.647
5832 79.0 0.928 18.296
5844 79.0 0.390 18.826
5856 79.0 0.583 18.842
5868 79.0 -0.774 18.484
5880 79.0 -0.131 18.485
5892 79.0 -0.124 18.032
5904 79.0 -0.585 18.185
5916 79.0 0.808 18.050
5928 79.0 -1.023 18.295
5940 79.0 0.140 18.820
5952 79.0 -1.024 18.521
5724 152.0 3.967 20.423
5736 152.0 3.454 20.537
5748 152.0 2.997 20.423
5760 152.0 2.398 20.423
5772 152.0 1.884 20.308
5784 152.0 1.256 20.308
5796 152.0 0.628 20.423
5808 152.0 0.057 20.423
5820 152.0 0.671 19.898
5832 152.0 0.977 19.506
5844 152.0 1.236 20.096
5856 152.0 0.321 20.109
5868 152.0 0.322 19.667
5880 152.0 0.082 20.064
5892 152.0 0.305 20.546
5904 152.0 -1.185 20.004
5916 152.0 -0.465 20.169
5928 152.0 0.165 20.123
5940 152.0 0.451 20.187
5952 152.0 -0.491 20.135
5736 90.0 -20.194 13.358
5748 90.0 -17.411 12.559
5760 90.0 -14.500 12.331
5772 90.0 -11.660 12.502
5784 90.0 -8.834 12.673
5796 90.0 -6.008 12.902
5808 90.0 -3.168 13.144
5820 90.0 -0.285 13.372
5832 90.0 -14.532 14.094
5844 90.0 -14.784 13.837
5856 90.0 -13.229 12.389
5868 90.0 -13.064 12.554
5880 90.0 -13.141 12.719
5892 90.0 -15.025 13.282
5904 90.0 -14.561 13.225
5916 90.0 -12.363 12.471
5928 90.0 -14.305 13.384
5940 90.0 -14.484 13.316
5952 90.0 -13.683 12.881
5964 90.0 -15.788 13.417
5796 6.0 10.033 19.623
5808 6.0 9.762 19.623
5820 6.0 9.505 19.738
5832 6.0 9.248 19.738
5844 6.0 8.991 19.738
5856 6.0 8.734 19.852
5868 6.0 8.449 19.852
5880 6.0 8.192 19.966
5892 6.0 8.198 19.974
5904 6.0 8.327 20.210
5916 6.0 7.367 20.404
5928 6.0 8.364 20.171
5940 6.0 7.509 20.239
5952 6.0 7.346 20.333
5964 6.0 7.421 20.195
5976 6.0 6.963 20.678
5988 6.0 6.600 20.985
6000 6.0 5.748 21.140
6012 6.0 5.622 21.423
6024 6.0 4.157 21.730
5820 132.0 10.347 18.282
5832 132.0 10.033 18.282
5844 132.0 9.747 18.282
5856 132.0 9.476 18.282
5868 132.0 9.191 18.282
5880 132.0 8.934 18.282
5892 132.0 8.649 18.282
5904 132.0 8.392 18.396
5916 132.0 8.476 18.596
5928 132.0 8.006 18.555
5940 132.0 7.916 18.571
5952 132.0 7.649 18.699
5964 132.0 7.395 18.823
5976 132.0 7.950 18.891
5988 132.0 6.705 19.664
6000 132.0 6.693 19.770
6012 132.0 6.205 20.240
6024 132.0 5.505 20.259
6036 132.0 5.170 20.036
6048 132.0 4.709 20.560
5880 155.0 7.749 17.026
5892 155.0 7.435 17.026
5904 155.0 7.122 17.026
5916 155.0 6.808 17.026
5928 155.0 6.494 17.026
5940 155.0 6.180 17.026
5952 155.0 5.866 17.026
5964 155.0 5.552 17.026
5976 155.0 5.924 16.713
5988 155.0 5.172 16.848
6000 155.0 4.963 16.938
6012 155.0 4.090 16.737
6024 155.0 2.466 16.932
6036 155.0 3.824 16.645
6048 155.0 3.880 16.449
6060 155.0 3.487 16.585
6072 155.0 3.637 16.419
6084 155.0 3.111 15.947
6096 155.0 3.021 15.594
6108 155.0 1.867 16.664
5964 80.0 -7.792 18.681
5976 80.0 -8.306 18.810
5988 80.0 -8.734 18.924
6000 80.0 -9.191 18.681
6012 80.0 -9.776 18.624
6024 80.0 -10.333 18.624
6036 80.0 -10.875 18.567
6048 80.0 -11.417 18.567
6060 80.0 -10.590 18.432
6072 80.0 -10.724 18.114
6084 80.0 -11.920 18.296
6096 80.0 -12.123 18.505
6108 80.0 -10.990 17.935
6120 80.0 -13.444 18.545
6132 80.0 -13.012 18.432
6144 80.0 -13.174 18.642
6156 80.0 -12.419 18.398
6168 80.0 -12.520 18.643
6180 80.0 -13.298 18.340
6192 80.0 -12.332 18.659
5964 153.0 -7.906 20.423
5976 153.0 -8.506 20.423
5988 153.0 -9.077 20.537
6000 153.0 -9.648 20.651
6012 153.0 -10.161 20.480
6024 153.0 -10.647 20.366
6036 153.0 -11.146 20.251
6048 153.0 -11.603 20.137
6060 153.0 -11.075 20.605
6072 153.0 -12.034 20.564
6084 153.0 -13.060 20.814
6096 153.0 -13.332 20.843
6108 153.0 -11.771 20.257
6120 153.0 -12.657 20.321
6132 153.0 -14.131 20.633
6144 153.0 -13.485 20.450
6156 153.0 -14.076 21.200
6168 153.0 -14.091 21.000
6180 153.0 -14.642 21.546
6192 153.0 -14.291 21.630
6000 125.0 6.779 17.882
6012 125.0 6.522 17.768
6024 125.0 6.265 17.768
6036 125.0 6.023 17.768
6048 125.0 5.794 17.768
6060 125.0 5.552 17.711
6072 125.0 5.295 17.711
6084 125.0 5.081 17.711
6096 125.0 3.991 17.992
6108 125.0 3.903 17.767
6120 125.0 3.851 17.665
6132 125.0 2.441 17.809
6144 125.0 2.902 17.720
6156 125.0 2.163 17.489
6168 125.0 2.218 17.178
6180 125.0 1.396 16.926
6192 125.0 1.721 17.387
6204 125.0 1.763 17.132
6216 125.0 1.065 17.771
6228 125.0 1.095 17.330
6036 7.0 5.423 19.623
6048 7.0 5.266 19.566
6060 7.0 5.138 19.452
6072 7.0 5.009 19.395
6084 7.0 4.838 19.338
6096 7.0 4.724 19.281
6108 7.0 4.581 19.224
6120 7.0 4.524 19.110
6132 7.0 4.418 19.045
6144 7.0 4.383 19.170
6156 7.0 4.308 18.992
6168 7.0 4.231 19.374
6180 7.0 4.231 19.640
6192 7.0 3.505 19.857
6204 7.0 3.421 19.865
6216 7.0 3.205 19.809
6228 7.0 3.419 19.554
6240 7.0 2.727 19.851
6252 7.0 2.369 19.984
6264 7.0 2.866 19.736
6060 133.0 5.309 18.168
6072 133.0 5.052 18.111
6084 133.0 4.824 18.111
6096 133.0 4.524 18.054
6108 133.0 4.324 18.054
6120 133.0 4.110 18.054
6132 133.0 3.839 18.054
6144 133.0 3.639 18.168
6156 133.0 3.595 17.944
6168 133.0 3.867 18.102
6180 133.0 4.044 18.224
6192 133.0 4.130 18.089
6204 133.0 3.357 18.122
6216 133.0 3.054 18.283
6228 133.0 2.639 17.865
6240 133.0 2.440 18.217
6252 133.0 2.449 18.412
6264 133.0 2.182 18.377
6276 133.0 1.603 18.318
6288 133.0 1.147 17.871
6120 156.0 2.369 17.369
6132 156.0 2.112 17.369
6144 156.0 1.855 17.369
6156 156.0 1.598 17.369
6168 156.0 1.342 17.369
6180 156.0 1.227 17.254
6192 156.0 1.113 17.254
6204 156.0 1.028 17.254
6216 156.0 0.890 17.548
6228 156.0 0.507 17.239
6240 156.0 0.530 17.403
6252 156.0 0.093 17.759
6264 156.0 -0.590 17.567
6276 156.0 0.013 17.384
6288 156.0 -0.003 17.433
6300 156.0 -0.891 17.203
6312 156.0 -0.083 16.869
6324 156.0 -0.422 17.791
6336 156.0 -0.739 17.504
6348 156.0 -0.942 17.544
6240 126.0 1.784 17.711
6252 126.0 1.513 17.825
6264 126.0 1.413 17.825
6276 126.0 1.313 17.825
6288 126.0 1.199 17.825
6300 126.0 1.099 17.825
6312 126.0 0.999 17.825
6324 126.0 0.885 17.825
6336 126.0 0.179 18.028
6348 126.0 0.563 18.096
6360 126.0 -0.227 18.182
6372 126.0 0.128 18.165
6384 126.0 -0.147 18.309
6396 126.0 -0.267 18.514
6408 126.0 -1.024 18.912
6420 126.0 -1.003 18.911
6432 126.0 -1.119 19.152
6444 126.0 -1.244 19.288
6456 126.0 -2.308 19.976
6468 126.0 -2.755 20.219
6276 8.0 4.096 18.624
6288 8.0 4.096 18.624
6300 8.0 4.096 18.624
6312 8.0 4.096 18.624
6324 8.0 4.096 18.624
6336 8.0 4.096 18.624
6348 8.0 4.096 18.624
6360 8.0 4.096 18.624
6372 8.0 4.111 18.661
6384 8.0 4.103 18.738
6396 8.0 4.042 18.700
6408 8.0 4.089 18.668
6420 8.0 4.097 18.622
6432 8.0 4.060 18.611
6444 8.0 4.090 18.633
6456 8.0 4.156 18.671
6468 8.0 4.172 18.639
6480 8.0 4.169 18.677
6492 8.0 4.173 18.685
6504 8.0 4.178 18.682
6300 134.0 1.227 18.525
6312 134.0 1.070 18.525
6324 134.0 0.970 18.525
6336 134.0 0.813 18.525
6348 134.0 0.699 18.525
6360 134.0 0.599 18.525
6372 134.0 0.442 18.525
6384 134.0 0.328 18.525
6396 134.0 0.499 18.633
6408 134.0 0.501 18.475
6420 134.0 0.743 18.560
6432 134.0 0.539 18.625
6444 134.0 0.081 18.680
6456 134.0 -0.028 18.941
6468 134.0 -0.265 19.160
6480 134.0 -0.489 19.617
6492 134.0 -0.793 19.477
6504 134.0 -1.042 19.280
6516 134.0 -0.843 19.859
6528 134.0 -1.219 19.840
6360 157.0 -0.714 17.483
6372 157.0 -0.856 17.540
6384 157.0 -1.056 17.540
6396 157.0 -1.199 17.540
6408 157.0 -1.370 17.654
6420 157.0 -1.513 17.654
6432 157.0 -1.684 17.654
6444 157.0 -1.884 17.654
6456 157.0 -2.481 18.106
6468 157.0 -2.674 18.024
6480 157.0 -2.919 18.318
6492 157.0 -3.044 18.399
6504 157.0 -3.900 18.703
6516 157.0 -3.452 18.647
6528 157.0 -3.850 18.923
6540 157.0 -3.723 18.978
6552 157.0 -4.632 19.339
6564 157.0 -5.213 19.822
6576 157.0 -5.995 19.944
6588 157.0 -5.544 19.918
6420 128.0 16.840 19.566
6432 128.0 16.241 19.566
6444 128.0 15.770 19.680
6456 128.0 15.299 19.680
6468 128.0 14.728 19.680
6480 128.0 14.043 19.566
6492 128.0 13.415 19.566
6504 128.0 12.573 19.509
6516 128.0 13.241 19.067
6528 128.0 13.717 19.123
6540 128.0 13.231 19.178
6552 128.0 14.187 18.735
6564 128.0 12.779 18.814
6576 128.0 11.772 19.353
6588 128.0 12.999 18.572
6600 128.0 13.085 19.213
6612 128.0 12.054 19.684
6624 128.0 12.554 19.674
6636 128.0 12.415 18.724
6648 128.0 11.436 19.128
6480 127.0 -1.841 17.939
6492 127.0 -2.155 17.939
6504 127.0 -2.498 18.054
6516 127.0 -2.811 18.054
6528 127.0 -3.154 18.054
6540 127.0 -3.468 18.054
6552 127.0 -3.811 18.054
6564 127.0 -4.096 18.054
6576 127.0 -3.801 18.526
6588 127.0 -4.350 18.192
6600 127.0 -4.301 18.155
6612 127.0 -5.341 18.477
6624 127.0 -5.528 17.980
6636 127.0 -4.968 17.538
6648 127.0 -5.750 17.420
6660 127.0 -6.110 17.723
6672 127.0 -6.263 17.637
6684 127.0 -6.853 18.105
6696 127.0 -7.682 18.032
6708 127.0 -6.381 17.719
6516 9.0 3.896 18.624
6528 9.0 3.796 18.624
6540 9.0 3.696 18.624
6552 9.0 3.554 18.624
6564 9.0 3.454 18.624
6576 9.0 3.354 18.696
6588 9.0 3.240 18.696
6600 9.0 3.111 18.753
6612 9.0 3.212 18.902
6624 9.0 3.137 18.730
6636 9.0 2.814 18.720
6648 9.0 2.773 18.922
6660 9.0 2.424 18.863
6672 9.0 2.691 18.840
6684 9.0 1.886 19.002
6696 9.0 1.472 19.326
6708 9.0 1.278 19.625
6720 9.0 0.828 19.702
6732 9.0 0.552 20.104
6744 9.0 0.303 20.211
6540 135.0 -3.225 18.753
6552 135.0 -3.511 18.753
6564 135.0 -3.796 18.753
6576 135.0 -4.110 18.753
6588 135.0 -4.381 18.867
6600 135.0 -4.667 18.867
6612 135.0 -4.981 18.867
6624 135.0 -5.280 18.867
6636 135.0 -6.017 18.790
6648 135.0 -5.768 18.816
6660 135.0 -5.736 19.099
6672 135.0 -6.265 19.304
6684 135.0 -6.178 19.298
6696 135.0 -7.218 19.820
6708 135.0 -7.543 19.816
6720 135.0 -8.949 20.323
6732 135.0 -9.074 20.600
6744 135.0 -10.434 21.034
6756 135.0 -10.629 21.602
6768 135.0 -9.885 21.528
6600 158.0 -6.579 17.426
6612 158.0 -6.965 17.426
6624 158.0 -7.364 17.426
6636 158.0 -7.764 17.426
6648 158.0 -8.178 17.426
6660 158.0 -8.549 17.426
6672 158.0 -8.948 17.426
6684 158.0 -10.276 17.654
6696 158.0 -9.863 17.554
6708 158.0 -9.344 17.153
6720 158.0 -9.630 17.632
6732 158.0 -9.426 17.548
6744 158.0 -10.624 17.959
6756 158.0 -11.693 18.361
6768 158.0 -12.019 18.403
6780 158.0 -12.590 18.940
6792 158.0 -13.026 19.040
6804 158.0 -11.887 18.170
6816 158.0 -12.694 18.237
6828 158.0 -11.729 19.114
6660 129.0 2.412 19.680
6672 129.0 1.299 19.795
6684 129.0 0.157 20.023
6696 129.0 -1.042 20.251
6708 129.0 -1.527 20.251
6720 129.0 -1.898 20.137
6732 129.0 -2.312 20.137
6744 129.0 -2.726 20.023
6756 129.0 -1.907 19.985
6768 129.0 -3.832 21.135
6780 129.0 -3.157 21.030
6792 129.0 -3.108 21.195
6804 129.0 -5.157 21.438
6816 129.0 -3.377 22.107
6828 129.0 -3.549 21.502
6840 129.0 -4.787 21.862
6852 129.0 -5.898 22.429
6864 129.0 -5.397 22.345
6876 129.0 -6.212 22.820
6888 129.0 -5.213 21.914
6720 130.0 -10.233 18.111
6732 130.0 -10.176 17.996
6744 130.0 -10.176 17.882
6756 130.0 -10.119 17.768
6768 130.0 -10.119 17.654
6780 130.0 -10.061 17.654
6792 130.0 -10.061 17.540
6804 130.0 -10.318 17.540
6816 130.0 -10.301 17.758
6828 130.0 -10.264 17.640
6840 130.0 -10.353 17.591
6852 130.0 -10.279 17.606
6864 130.0 -10.262 17.626
6876 130.0 -10.113 17.525
6888 130.0 -10.231 17.465
6900 130.0 -10.266 17.530
6912 130.0 -10.308 17.436
6924 130.0 -10.361 17.230
6936 130.0 -10.370 17.023
6948 130.0 -10.205 16.554
6756 10.0 3.625 18.924
6768 10.0 3.882 18.924
6780 10.0 4.139 18.924
6792 10.0 3.967 18.924
6804 10.0 3.711 18.924
6816 10.0 3.397 18.924
6828 10.0 3.140 18.924
6840 10.0 2.826 18.810
6852 10.0 2.929 18.842
6864 10.0 2.825 18.778
6876 10.0 2.962 18.688
6888 10.0 3.126 18.760
6900 10.0 2.827 18.785
6912 10.0 2.942 18.898
6924 10.0 3.036 18.663
6936 10.0 3.074 18.770
6948 10.0 3.355 18.663
6960 10.0 3.212 18.551
6972 10.0 3.324 18.525
6984 10.0 3.483 18.508
6780 140.0 -9.762 18.981
6792 140.0 -9.705 18.981
6804 140.0 -9.962 18.867
6816 140.0 -10.333 18.867
6828 140.0 -10.647 18.867
6840 140.0 -11.018 18.753
6852 140.0 -11.374 18.753
6864 140.0 -11.731 18.639
6876 140.0 -11.699 18.909
6888 140.0 -12.669 19.221
6900 140.0 -12.465 19.379
6912 140.0 -12.655 19.765
6924 140.0 -13.730 20.060
6936 140.0 -13.602 19.542
6948 140.0 -15.558 19.687
6960 140.0 -15.068 20.038
6972 140.0 -15.818 20.568
6984 140.0 -16.459 21.031
6996 140.0 -15.621 20.777
7008 140.0 -16.104 21.224
6840 159.0 -12.902 17.083
6852 159.0 -13.215 17.083
6864 159.0 -13.572 17.083
6876 159.0 -13.901 17.083
6888 159.0 -14.257 17.083
6900 159.0 -14.628 17.083
6912 159.0 -14.942 17.083
6924 159.0 -15.299 17.083
6936 159.0 -15.024 16.859
6948 159.0 -15.574 17.038
6960 159.0 -14.982 16.633
6972 159.0 -15.309 17.162
6984 159.0 -15.605 17.092
6996 159.0 -15.222 17.254
7008 159.0 -15.843 17.071
7020 159.0 -15.196 16.873
7032 159.0 -15.062 16.789
7044 159.0 -16.132 17.033
7056 159.0 -16.130 16.869
7068 159.0 -15.675 16.737
6996 11.0 -0.942 18.567
7008 11.0 -1.227 18.510
7020 11.0 -1.541 18.510
7032 11.0 -1.855 18.510
7044 11.0 -2.141 18.567
7056 11.0 -2.469 18.567
7068 11.0 -2.811 18.624
7080 11.0 -3.125 18.624
7092 11.0 -2.945 18.387
7104 11.0 -3.529 18.475
7116 11.0 -3.353 17.839
7128 11.0 -4.405 18.219
7140 11.0 -4.887 18.334
7152 11.0 -5.433 18.577
7164 11.0 -6.376 18.835
7176 11.0 -5.602 18.270
7188 11.0 -6.821 18.981
7200 11.0 -5.773 18.214
7212 11.0 -6.530 18.877
7224 11.0 -6.729 18.357
7140 23.0 15.713 21.350
7152 23.0 15.199 21.008
7164 23.0 14.671 20.779
7176 23.0 14.143 20.437
7188 23.0 13.672 20.194
7200 23.0 13.144 19.966
7212 23.0 12.630 19.623
7224 23.0 12.159 19.381
7236 23.0 12.503 19.251
7248 23.0 12.351 20.140
7260 23.0 12.067 20.639
7272 23.0 13.057 20.177
7284 23.0 13.070 20.255
7296 23.0 11.518 20.635
7308 23.0 11.001 20.379
7320 23.0 11.338 20.045
7332 23.0 11.263 21.086
7344 23.0 11.248 21.105
7356 23.0 10.612 21.082
7368 23.0 9.459 21.191
7236 12.0 -7.150 18.924
7248 12.0 -7.478 18.924
7260 12.0 -7.792 18.924
7272 12.0 -8.106 18.981
7284 12.0 -8.420 18.981
7296 12.0 -8.706 19.038
7308 12.0 -9.048 19.038
7320 12.0 -9.362 19.038
7332 12.0 -8.857 19.047
7344 12.0 -9.591 19.052
7356 12.0 -9.765 19.296
7368 12.0 -10.805 19.908
7380 12.0 -11.338 19.773
7392 12.0 -11.894 19.958
7404 12.0 -10.936 19.804
7416 12.0 -11.858 20.548
7428 12.0 -13.009 20.569
7440 12.0 -12.127 21.048
7452 12.0 -13.778 21.495
7464 12.0 -13.240 20.727
7380 24.0 4.082 18.696
7392 24.0 3.454 18.696
7404 24.0 2.783 18.696
7416 24.0 2.141 18.696
7428 24.0 1.513 18.696
7440 24.0 0.885 18.696
7452 24.0 0.214 18.696
7464 24.0 -0.414 18.696
7476 24.0 -0.826 18.608
7488 24.0 -1.122 19.078
7500 24.0 -1.841 18.938
7512 24.0 -3.094 18.433
7524 24.0 -0.929 18.340
7536 24.0 -2.550 18.485
7548 24.0 -2.011 18.296
7560 24.0 -1.523 18.142
7572 24.0 -1.227 18.436
7584 24.0 -0.883 17.420
7596 24.0 -2.404 18.445
7608 24.0 -2.000 19.051
7476 13.0 -13.401 19.324
7488 13.0 -13.715 19.324
7500 13.0 -13.744 19.381
7512 13.0 -14.257 19.152
7524 13.0 -14.728 18.924
7536 13.0 -15.256 18.739
7548 13.0 -15.656 18.624
7560 13.0 -16.013 18.624
7572 13.0 -16.759 18.477
7584 13.0 -16.162 18.644
7596 13.0 -17.689 18.940
7608 13.0 -16.689 18.747
7620 13.0 -17.428 18.538
7632 13.0 -16.741 18.793
7644 13.0 -18.019 18.790
7656 13.0 -17.816 19.287
7668 13.0 -18.674 19.132
7680 13.0 -19.086 18.501
7692 13.0 -19.420 19.378
7704 13.0 -19.681 18.291
7620 38.0 2.740 38.576
7632 38.0 3.054 38.119
7644 38.0 3.425 37.891
7656 38.0 3.768 37.663
7668 38.0 4.110 37.377
7680 38.0 4.481 37.092
7692 38.0 4.852 36.863
7704 38.0 5.209 36.549
7716 38.0 6.149 35.962
7728 38.0 6.208 35.633
7740 38.0 6.364 36.191
7752 38.0 7.200 35.703
7764 38.0 5.740 36.091
7776 38.0 6.854 36.251
7788 38.0 8.158 35.003
7800 38.0 8.866 34.248
7812 38.0 8.510 34.880
7824 38.0 9.504 33.709
7836 38.0 10.579 33.932
7848 38.0 10.472 33.353
7716 14.0 -19.752 19.110
7728 14.0 -19.809 19.110
7740 14.0 -19.837 19.109
7752 14.0 -19.827 19.104
7764 14.0 -19.818 19.099
7776 14.0 -19.809 19.094
7788 14.0 -19.800 19.089
7800 14.0 -19.791 19.083
7812 14.0 -19.782 19.172
7824 14.0 -19.756 19.160
7836 14.0 -19.707 19.187
7848 14.0 -19.744 19.174
7860 14.0 -19.701 19.179
7872 14.0 -19.689 19.127
7884 14.0 -19.711 19.063
7896 14.0 -19.679 19.092
7908 14.0 -19.662 19.116
7920 14.0 -19.726 19.142
7932 14.0 -19.733 19.139
7944 14.0 -19.691 19.179
7860 39.0 9.962 34.951
7872 39.0 10.318 34.951
7884 39.0 10.746 34.951
7896 39.0 11.160 34.951
7908 39.0 11.574 34.951
7920 39.0 12.002 34.951
7932 39.0 12.416 34.837
7944 39.0 12.787 34.837
7956 39.0 12.428 34.956
7968 39.0 12.398 35.038
7980 39.0 12.780 35.024
7992 39.0 12.476 34.863
8004 39.0 12.690 35.055
8016 39.0 12.841 34.955
8028 39.0 13.391 35.073
8040 39.0 13.580 34.922
8052 39.0 12.952 35.247
8064 39.0 14.138 34.902
8076 39.0 13.869 34.879
8088 39.0 14.518 34.794
7956 15.0 -19.672 19.016
7968 15.0 -19.663 19.011
7980 15.0 -19.654 19.005
7992 15.0 -19.645 19.000
8004 15.0 -19.636 18.995
8016 15.0 -19.627 18.990
8028 15.0 -19.617 18.985
8040 15.0 -19.608 18.980
8052 15.0 -19.660 19.037
8064 15.0 -19.646 19.025
8076 15.0 -19.641 19.071
8088 15.0 -19.633 19.019
8100 15.0 -19.595 18.987
8112 15.0 -19.647 18.985
8124 15.0 -19.637 18.975
8136 15.0 -19.665 18.981
8148 15.0 -19.667 19.032
8160 15.0 -19.662 19.027
8172 15.0 -19.677 18.998
8184 15.0 -19.701 18.958
8004 37.0 11.003 35.750
8016 37.0 11.317 35.750
8028 37.0 11.631 35.750
8040 37.0 11.945 35.636
8052 37.0 12.202 35.522
8064 37.0 12.673 35.522
8076 37.0 13.158 35.522
8088 37.0 13.315 35.522
8100 37.0 12.672 35.468
8112 37.0 12.959 34.988
8124 37.0 12.481 35.263
8136 37.0 12.615 34.881
8148 37.0 13.405 34.794
8160 37.0 13.151 34.926
8172 37.0 13.185 34.935
8184 37.0 13.833 34.680
8196 37.0 13.823 34.212
8208 37.0 13.559 34.552
8220 37.0 14.731 34.040
8232 37.0 14.492 34.413
8052 81.0 16.555 6.379
8064 81.0 15.984 6.379
8076 81.0 15.413 6.379
8088 81.0 14.828 6.379
8100 81.0 14.243 6.379
8112 81.0 13.672 6.379
8124 81.0 13.101 6.379
8136 81.0 12.530 6.379
8148 81.0 11.892 6.499
8160 81.0 12.807 6.520
8172 81.0 11.590 7.122
8184 81.0 12.893 6.739
8196 81.0 11.368 7.028
8208 81.0 12.536 6.694
8220 81.0 11.144 7.373
8232 81.0 10.947 7.358
8244 81.0 10.994 7.186
8256 81.0 9.660 7.679
8268 81.0 10.535 7.556
8280 81.0 11.679 7.287
8196 16.0 -19.489 18.912
8208 16.0 -19.480 18.907
8220 16.0 -19.471 18.902
8232 16.0 -19.462 18.897
8244 16.0 -19.453 18.892
8256 16.0 -19.444 18.886
8268 16.0 -19.434 18.881
8280 16.0 -19.425 18.876
8292 16.0 -19.383 18.806
8304 16.0 -19.422 18.811
8316 16.0 -19.466 18.763
8328 16.0 -19.386 18.813
8340 16.0 -19.397 18.810
8352 16.0 -19.344 18.846
8364 16.0 -19.419 18.837
8376 16.0 -19.364 18.824
8388 16.0 -19.420 18.861
8400 16.0 -19.461 18.833
8412 16.0 -19.461 18.804
8424 16.0 -19.468 18.774
8292 82.0 4.767 6.265
8304 82.0 4.139 6.265
8316 82.0 3.511 6.265
8328 82.0 2.883 6.265
8340 82.0 2.312 6.265
8352 82.0 1.727 6.265
8364 82.0 1.142 6.265
8376 82.0 0.628 6.379
8388 82.0 1.459 6.023
8400 82.0 -0.320 6.868
8412 82.0 0.648 6.537
8424 82.0 -0.875 7.089
8436 82.0 -0.352 7.651
8448 82.0 -0.765 7.575
8460 82.0 -1.304 7.577
8472 82.0 -0.724 7.210
8484 82.0 -0.855 7.623
8496 82.0 -1.419 7.684
8508 82.0 -1.318 7.631
8520 82.0 -2.602 8.383
8436 17.0 -12.074 19.224
8448 17.0 -11.446 19.224
8460 17.0 -10.818 19.224
8472 17.0 -10.190 19.224
8484 17.0 -9.562 19.224
8496 17.0 -8.934 19.224
8508 17.0 -8.363 19.053
8520 17.0 -7.749 18.867
8532 17.0 -8.504 19.187
8544 17.0 -7.858 18.735
8556 17.0 -7.443 18.638
8568 17.0 -8.391 18.529
8580 17.0 -7.154 18.663
8592 17.0 -7.850 19.105
8604 17.0 -7.923 18.696
8616 17.0 -7.218 18.829
8628 17.0 -6.304 18.607
8640 17.0 -7.117 18.654
8652 17.0 -6.869 18.604
8664 17.0 -6.646 18.715
8532 83.0 -7.179 6.551
8544 83.0 -7.807 6.322
8556 83.0 -8.377 5.980
8568 83.0 -9.005 5.923
8580 83.0 -9.662 5.980
8592 83.0 -10.304 6.037
8604 83.0 -10.961 6.094
8616 83.0 -11.589 6.037
8628 83.0 -10.270 6.108
8640 83.0 -10.968 6.188
8652 83.0 -11.520 6.123
8664 83.0 -11.814 6.492
8676 83.0 -12.089 6.607
8688 83.0 -12.680 6.309
8700 83.0 -13.601 6.249
8712 83.0 -12.689 7.127
8724 83.0 -11.770 6.478
8736 83.0 -11.684 5.831
8748 83.0 -11.554 5.798
8760 83.0 -12.346 5.962
8676 18.0 0.271 18.339
8688 18.0 0.842 18.339
8700 18.0 1.470 18.225
8712 18.0 2.098 18.225
8724 18.0 2.669 18.225
8736 18.0 3.297 18.339
8748 18.0 3.868 18.453
8760 18.0 4.453 18.567
8772 18.0 4.074 18.381
8784 18.0 4.297 18.237
8796 18.0 4.332 18.603
8808 18.0 4.753 18.172
8820 18.0 4.555 18.302
8832 18.0 3.588 18.327
8844 18.0 4.854 17.941
8856 18.0 5.612 18.028
8868 18.0 5.646 17.745
8880 18.0 6.024 18.082
8892 18.0 5.152 18.586
8904 18.0 5.621 17.542
8820 2.0 16.113 23.719
8832 2.0 16.041 22.906
8844 2.0 15.956 22.107
8856 2.0 15.899 21.365
8868 2.0 15.827 20.537
8880 2.0 15.770 19.852
8892 2.0 15.456 19.167
8904 2.0 15.142 18.453
8916 2.0 15.017 18.614
8928 2.0 15.393 18.845
8940 2.0 15.336 18.452
8952 2.0 15.598 18.367
8964 2.0 15.415 17.792
8976 2.0 15.418 17.233
8988 2.0 15.656 16.560
9000 2.0 16.234 17.733
9012 2.0 15.768 16.807
9024 2.0 16.055 14.429
9036 2.0 15.902 15.815
9048 2.0 15.972 16.549
9060 3.0 11.060 10.946
9072 3.0 10.433 10.375
9084 3.0 9.862 9.904
9096 3.0 9.248 9.319
9108 3.0 8.663 8.748
9120 3.0 8.035 8.178
9132 3.0 10.147 10.133
9144 3.0 7.022 7.407
9156 3.0 8.173 8.892
9168 3.0 8.914 9.272
9180 3.0 8.621 9.612
9192 3.0 8.992 8.247
9204 3.0 8.745 8.245
9216 3.0 7.403 8.842
9228 3.0 8.373 9.305
9240 3.0 7.064 7.794
9252 3.0 8.228 8.591
9264 3.0 7.299 7.772
9276 3.0 7.239 8.485
9288 3.0 6.853 7.810
9108 19.0 14.971 7.350
9120 19.0 14.172 7.122
9132 19.0 13.430 7.007
9144 19.0 12.802 6.893
9156 19.0 12.174 6.665
9168 19.0 11.603 6.551
9180 19.0 11.089 6.436
9192 19.0 10.547 6.322
9204 19.0 12.640 6.602
9216 19.0 11.037 5.975
9228 19.0 11.694 6.590
9240 19.0 10.151 6.818
9252 19.0 12.857 6.329
9264 19.0 11.024 6.276
9276 19.0 10.503 6.608
9288 19.0 9.245 6.818
9300 19.0 9.145 6.681
9312 19.0 10.893 6.535
9324 19.0 9.813 7.022
9336 19.0 9.936 6.412
9300 4.0 0.842 -1.727
9312 4.0 0.842 -1.727
9324 4.0 0.842 -1.727
9336 4.0 0.842 -1.727
9348 4.0 0.842 -1.727
9360 4.0 0.842 -1.727
9372 4.0 0.842 -1.727
9384 4.0 0.842 -1.727
9396 4.0 0.791 -1.658
9408 4.0 0.856 -1.675
9420 4.0 0.890 -1.657
9432 4.0 0.836 -1.663
9444 4.0 0.842 -1.641
9456 4.0 0.833 -1.638
9468 4.0 0.896 -1.657
9480 4.0 0.908 -1.660
9492 4.0 0.937 -1.704
9504 4.0 0.901 -1.728
9516 4.0 0.921 -1.763
9528 4.0 0.861 -1.665
9456 27.0 -18.867 18.054
9468 27.0 -18.239 18.111
9480 27.0 -17.611 18.225
9492 27.0 -17.083 18.168
9504 27.0 -16.569 18.054
9516 27.0 -16.041 17.939
9528 27.0 -15.513 17.768
9540 27.0 -14.957 17.711
9552 27.0 -15.193 17.692
9564 27.0 -15.518 17.487
9576 27.0 -15.279 17.326
9588 27.0 -14.076 17.141
9600 27.0 -14.633 16.935
9612 27.0 -15.015 17.300
9624 27.0 -14.087 16.974
9636 27.0 -13.571 16.882
9648 27.0 -14.246 16.894
9660 27.0 -13.887 16.600
9672 27.0 -14.078 17.471
9684 27.0 -14.114 17.041
9456 111.0 -18.353 17.197
9468 111.0 -17.754 17.197
9480 111.0 -17.183 17.197
9492 111.0 -16.612 17.083
9504 111.0 -16.141 16.840
9516 111.0 -15.727 16.840
9528 111.0 -15.342 16.726
9540 111.0 -14.800 16.840
9552 111.0 -14.991 17.014
9564 111.0 -15.511 17.104
9576 111.0 -15.449 17.276
9588 111.0 -15.423 16.971
9600 111.0 -14.989 17.175
9612 111.0 -15.373 17.053
9624 111.0 -16.071 17.212
9636 111.0 -15.832 17.365
9648 111.0 -14.923 17.146
9660 111.0 -15.074 17.053
9672 111.0 -14.998 17.235
9684 111.0 -14.899 17.189
9696 28.0 -7.592 17.996
9708 28.0 -7.136 17.996
9720 28.0 -6.708 17.996
9732 28.0 -6.251 18.111
9744 28.0 -5.709 18.111
9756 28.0 -5.195 18.111
9768 28.0 -4.710 18.111
9780 28.0 -4.196 18.111
9792 28.0 -5.120 18.208
9804 28.0 -5.095 18.177
9816 28.0 -4.995 18.068
9828 28.0 -4.442 17.559
9840 28.0 -4.467 17.770
9852 28.0 -4.094 18.145
9864 28.0 -4.325 17.885
9876 28.0 -3.759 17.766
9888 28.0 -3.723 17.863
9900 28.0 -3.414 18.076
9912 28.0 -2.509 17.999
9924 28.0 -1.930 17.906
9696 112.0 -7.407 16.969
9708 112.0 -6.950 16.840
9720 112.0 -6.522 16.840
9732 112.0 -6.108 16.840
9744 112.0 -5.751 16.969
9756 112.0 -5.380 16.969
9768 112.0 -4.895 17.083
9780 112.0 -4.324 17.083
9792 112.0 -4.610 16.753
9804 112.0 -4.486 16.995
9816 112.0 -3.952 16.710
9828 112.0 -4.885 17.162
9840 112.0 -4.422 16.755
9852 112.0 -3.970 16.220
9864 112.0 -2.774 16.464
9876 112.0 -3.430 16.555
9888 112.0 -3.027 16.618
9900 112.0 -2.699 16.566
9912 112.0 -2.659 16.226
9924 112.0 -3.094 16.611
9936 29.0 3.083 18.111
9948 29.0 3.397 18.111
9960 29.0 3.654 18.111
9972 29.0 4.139 18.111
9984 29.0 4.710 18.111
9996 29.0 5.338 18.111
10008 29.0 5.837 17.939
10020 29.0 6.294 17.882
10032 29.0 5.510 17.967
10044 29.0 6.134 17.831
10056 29.0 6.163 17.817
10068 29.0 6.229 17.686
10080 29.0 6.750 17.840
10092 29.0 6.345 17.661
10104 29.0 6.068 17.837
10116 29.0 7.263 17.556
10128 29.0 6.837 17.334
10140 29.0 7.294 17.376
10152 29.0 7.340 16.856
10164 29.0 7.816 16.916
9936 113.0 3.354 17.197
9948 113.0 3.668 17.197
9960 113.0 3.925 17.197
9972 113.0 4.353 16.969
9984 113.0 4.810 16.840
9996 113.0 5.181 16.726
10008 113.0 5.580 16.726
10020 113.0 6.194 16.840
10032 113.0 6.019 16.168
10044 113.0 6.982 16.013
10056 113.0 5.736 16.064
10068 113.0 6.619 16.220
10080 113.0 7.663 15.822
10092 113.0 7.077 15.902
10104 113.0 7.452 15.588
10116 113.0 6.993 15.683
10128 113.0 8.804 15.410
10140 113.0 7.914 15.902
10152 113.0 7.388 16.372
10164 113.0 7.698 15.781
10308 144.0 -20.180 19.252
10320 144.0 -19.837 18.339
10332 144.0 -19.566 18.396
10344 144.0 -19.295 18.510
10356 144.0 -18.838 18.739
10368 144.0 -18.325 18.739
10380 144.0 -17.740 18.739
10392 144.0 -17.169 18.739
10404 144.0 -17.308 18.473
10416 144.0 -16.518 18.248
10428 144.0 -15.413 17.844
10440 144.0 -16.281 17.970
10452 144.0 -15.716 17.684
10464 144.0 -14.649 17.483
10476 144.0 -14.968 17.838
10488 144.0 -15.733 17.756
10500 144.0 -13.745 17.352
10512 144.0 -14.230 16.499
10524 144.0 -14.256 17.287
10536 144.0 -13.613 17.610
10452 75.0 -20.094 18.054
10464 75.0 -19.880 18.168
10476 75.0 -19.595 18.111
10488 75.0 -19.181 18.054
10500 75.0 -18.582 18.054
10512 75.0 -18.068 17.996
10524 75.0 -17.483 18.054
10536 75.0 -16.912 18.111
10548 75.0 -16.780 17.880
10560 75.0 -16.455 18.231
10572 75.0 -17.021 18.136
10584 75.0 -17.450 17.927
10596 75.0 -15.978 17.700
10608 75.0 -15.930 17.874
10620 75.0 -15.651 17.501
10632 75.0 -15.333 17.917
10644 75.0 -14.731 17.043
10656 75.0 -16.070 17.900
10668 75.0 -16.284 17.828
10680 75.0 -15.354 17.884
10548 145.0 -9.933 17.825
10560 145.0 -9.462 17.711
10572 145.0 -8.963 17.597
10584 145.0 -8.520 17.311
10596 145.0 -8.106 16.840
10608 145.0 -7.735 16.270
10620 145.0 -7.307 15.799
10632 145.0 -6.936 15.342
10644 145.0 -5.044 14.625
10656 145.0 -5.498 15.278
10668 145.0 -5.524 15.025
10680 145.0 -4.871 15.237
10692 145.0 -4.650 15.133
10704 145.0 -3.634 14.499
10716 145.0 -5.811 15.632
10728 145.0 -5.577 15.001
10740 145.0 -1.757 12.850
10752 145.0 -5.672 14.909
10764 145.0 -5.147 14.895
10776 145.0 -2.979 13.844
10692 76.0 -9.676 18.168
10704 76.0 -9.091 18.168
10716 76.0 -8.520 18.054
10728 76.0 -7.935 17.939
10740 76.0 -7.364 17.825
10752 76.0 -6.836 17.711
10764 76.0 -6.265 17.711
10776 76.0 -5.737 17.711
10788 76.0 -7.273 17.880
10800 76.0 -6.754 18.006
10812 76.0 -6.937 18.172
10824 76.0 -7.100 17.888
10836 76.0 -7.023 18.133
10848 76.0 -6.233 18.127
10860 76.0 -5.689 17.908
10872 76.0 -6.545 18.339
10884 76.0 -5.376 18.159
10896 76.0 -5.831 18.660
10908 76.0 -6.259 18.262
10920 76.0 -5.720 18.119
10788 146.0 -2.655 8.977
10800 146.0 -2.226 8.520
10812 146.0 -1.798 8.049
10824 146.0 -1.342 7.707
10836 146.0 -0.813 7.592
10848 146.0 -0.228 7.364
10860 146.0 0.285 7.236
10872 146.0 0.856 7.122
10884 146.0 0.139 7.276
10896 146.0 0.423 6.548
10908 146.0 2.144 5.951
10920 146.0 1.478 6.557
10932 146.0 3.515 5.180
10944 146.0 3.236 5.445
10956 146.0 2.656 5.552
10968 146.0 2.835 5.836
10980 146.0 3.543 5.599
10992 146.0 6.000 5.396
11004 146.0 4.259 5.254
11016 146.0 4.176 5.633
10932 77.0 1.912 18.282
10944 77.0 2.483 18.282
10956 77.0 3.068 18.168
10968 77.0 3.582 18.054
10980 77.0 4.167 18.054
10992 77.0 4.738 17.939
11004 77.0 5.338 17.882
11016 77.0 5.980 17.825
11028 77.0 5.194 18.080
11040 77.0 4.709 17.450
11052 77.0 4.425 17.367
11064 77.0 5.529 17.192
11076 77.0 6.109 17.136
11088 77.0 7.070 16.554
11100 77.0 7.259 16.737
11112 77.0 6.438 16.815
11124 77.0 7.149 16.629
11136 77.0 7.605 16.640
11148 77.0 7.149 16.145
11160 77.0 7.187 17.074
12072 166.0 16.427 4.981
12084 166.0 15.856 4.981
12096 166.0 15.328 5.095
12108 166.0 14.800 5.095
12120 166.0 14.229 5.209
12132 166.0 13.715 5.209
12144 166.0 13.116 5.338
12156 166.0 12.602 5.338
12168 166.0 12.504 5.510
12180 166.0 12.056 4.972
12192 166.0 12.966 4.559
12204 166.0 12.241 4.960
12216 166.0 11.406 5.364
12228 166.0 11.640 4.983
12240 166.0 11.863 5.472
12252 166.0 12.304 4.955
12264 166.0 11.212 5.954
12276 166.0 10.990 5.554
12288 166.0 11.633 5.834
12300 166.0 9.782 6.463
12312 168.0 3.211 5.095
12324 168.0 2.440 5.095
12336 168.0 1.641 5.095
12348 168.0 0.871 5.095
12360 168.0 0.071 5.095
12372 168.0 -0.699 5.095
12384 168.0 -1.499 5.095
12396 168.0 -2.269 5.095
12408 168.0 -0.798 4.392
12420 168.0 -1.547 4.489
12432 168.0 -1.665 4.818
12444 168.0 -1.373 4.274
12456 168.0 -1.727 4.805
12468 168.0 -1.875 4.406
12480 168.0 -1.979 5.082
12492 168.0 -2.440 4.959
12504 168.0 -4.189 6.146
12516 168.0 -3.229 5.163
12528 168.0 -2.865 5.742
12540 168.0 -2.685 4.937
12360 121.0 -19.495 6.608
12372 121.0 -19.081 6.722
12384 121.0 -18.610 6.836
12396 121.0 -18.139 7.079
12408 121.0 -17.711 7.193
12420 121.0 -17.254 7.307
12432 121.0 -16.769 7.535
12444 121.0 -16.255 7.535
12456 121.0 -17.038 7.075
12468 121.0 -17.016 6.948
12480 121.0 -17.000 7.062
12492 121.0 -16.975 6.910
12504 121.0 -16.502 6.958
12516 121.0 -16.595 6.727
12528 121.0 -17.202 6.884
12540 121.0 -16.869 6.668
12552 121.0 -16.786 6.414
12564 121.0 -17.322 6.782
12576 121.0 -15.987 6.629
12588 121.0 -16.367 6.868
12480 45.0 16.598 6.950
12492 45.0 16.369 7.407
12504 45.0 16.113 7.992
12516 45.0 15.799 8.463
12528 45.0 15.428 8.920
12540 45.0 15.085 9.376
12552 45.0 14.743 9.847
12564 45.0 14.371 10.304
12576 45.0 14.793 10.402
12588 45.0 14.583 10.272
12600 45.0 13.574 11.277
12612 45.0 13.763 10.626
12624 45.0 13.404 10.480
12636 45.0 13.556 10.511
12648 45.0 11.925 12.024
12660 45.0 12.342 11.906
12672 45.0 11.572 11.857
12684 45.0 12.177 12.066
12696 45.0 8.240 14.793
12708 45.0 13.559 13.481
12600 122.0 -6.750 7.179
12612 122.0 -5.809 7.179
12624 122.0 -4.867 7.179
12636 122.0 -4.096 7.179
12648 122.0 -3.468 7.179
12660 122.0 -2.840 7.236
12672 122.0 -2.212 7.236
12684 122.0 -1.627 7.236
12696 122.0 -3.091 7.185
12708 122.0 -2.773 7.105
12720 122.0 -2.926 7.160
12732 122.0 -2.684 7.231
12744 122.0 -2.681 7.187
12756 122.0 -3.497 7.050
12768 122.0 -2.369 7.224
12780 122.0 -3.079 7.034
12792 122.0 -1.455 6.498
12804 122.0 -1.571 7.077
12816 122.0 -3.327 6.741
12828 122.0 -1.888 6.795
12720 46.0 9.462 16.270
12732 46.0 8.991 16.726
12744 46.0 8.534 17.197
12756 46.0 8.121 17.540
12768 46.0 7.807 17.768
12780 46.0 7.493 18.111
12792 46.0 7.122 18.339
12804 46.0 6.808 18.582
12816 46.0 6.742 18.727
12828 46.0 5.855 19.078
12840 46.0 5.387 19.257
12852 46.0 5.101 19.179
12864 46.0 4.546 19.752
12876 46.0 4.526 19.553
12888 46.0 4.160 19.682
12900 46.0 5.260 19.109
12912 46.0 3.741 19.620
12924 46.0 2.614 20.540
12936 46.0 2.713 20.868
12948 46.0 1.317 21.512
12840 123.0 5.809 6.665
12852 123.0 6.379 6.665
12864 123.0 6.979 6.665
12876 123.0 7.550 6.665
12888 123.0 8.178 6.665
12900 123.0 8.748 6.665
12912 123.0 9.319 6.665
12924 123.0 9.890 6.665
12936 123.0 8.926 6.073
12948 123.0 9.217 6.009
12960 123.0 9.471 6.419
12972 123.0 9.278 6.448
12984 123.0 10.175 6.444
12996 123.0 9.220 6.645
13008 123.0 9.608 6.460
13020 123.0 10.644 5.871
13032 123.0 10.954 6.407
13044 123.0 10.476 6.480
13056 123.0 11.370 6.166
13068 123.0 11.893 6.127
12960 47.0 -0.457 19.395
12972 47.0 -1.028 19.509
12984 47.0 -1.627 19.509
12996 47.0 -2.198 19.509
13008 47.0 -2.797 19.566
13020 47.0 -3.468 19.680
13032 47.0 -4.124 19.738
13044 47.0 -4.767 19.795
13056 47.0 -3.841 19.744
13068 47.0 -3.388 20.495
13080 47.0 -3.329 20.465
13092 47.0 -4.425 20.731
13104 47.0 -4.973 21.143
13116 47.0 -5.263 20.756
13128 47.0 -5.541 21.777
13140 47.0 -6.110 21.629
13152 47.0 -8.057 22.057
13164 47.0 -7.795 22.200
13176 47.0 -6.271 22.096
13188 47.0 -6.105 22.410
13068 167.0 -19.466 18.168
13080 167.0 -17.797 18.168
13092 167.0 -16.070 18.168
13104 167.0 -14.386 18.168
13116 167.0 -12.659 18.168
13128 167.0 -10.932 18.168
13140 167.0 -9.305 18.054
13152 167.0 -7.778 18.054
13164 167.0 -13.406 18.030
13176 167.0 -14.796 18.335
13188 167.0 -14.191 17.800
13200 167.0 -13.438 17.900
13212 167.0 -14.366 17.850
13224 167.0 -14.496 17.732
13236 167.0 -15.653 18.260
13248 167.0 -13.402 17.447
13260 167.0 -12.931 17.835
13272 167.0 -13.843 18.112
13284 167.0 -14.042 17.804
13296 167.0 -13.251 17.447
13188 51.0 16.840 31.826
13200 51.0 16.798 31.826
13212 51.0 16.741 31.826
13224 51.0 16.641 31.826
13236 51.0 16.584 31.826
13248 51.0 16.526 31.826
13260 51.0 16.526 31.940
13272 51.0 16.526 31.940
13284 51.0 16.674 31.946
13296 51.0 16.637 31.894
13308 51.0 16.730 31.764
13320 51.0 16.641 31.789
13332 51.0 16.617 31.763
13344 51.0 16.555 31.811
13356 51.0 16.553 31.733
13368 51.0 16.549 31.713
13380 51.0 16.506 31.770
13392 51.0 16.456 31.897
13404 51.0 16.511 31.780
13416 51.0 16.609 31.837
13200 48.0 -12.331 20.194
13212 48.0 -12.902 20.194
13224 48.0 -13.472 20.080
13236 48.0 -14.043 20.080
13248 48.0 -14.614 20.080
13260 48.0 -15.213 20.080
13272 48.0 -15.784 20.080
13284 48.0 -16.355 20.080
13296 48.0 -15.155 19.578
13308 48.0 -15.021 19.881
13320 48.0 -15.652 20.083
13332 48.0 -15.493 19.594
13344 48.0 -16.503 19.951
13356 48.0 -16.308 20.314
13368 48.0 -16.694 19.285
13380 48.0 -17.972 20.543
13392 48.0 -16.627 20.664
13404 48.0 -17.076 19.574
13416 48.0 -17.602 19.697
13428 48.0 -17.741 20.290
13428 52.0 16.526 31.940
13440 52.0 16.526 31.940
13452 52.0 16.526 31.940
13464 52.0 16.526 31.940
13476 52.0 16.526 31.940
13488 52.0 16.526 31.940
13500 52.0 16.526 31.940
13512 52.0 16.484 31.883
13524 52.0 16.459 32.003
13536 52.0 16.461 32.011
13548 52.0 16.474 31.985
13560 52.0 16.503 31.947
13572 52.0 16.486 31.961
13584 52.0 16.510 32.016
13596 52.0 16.521 31.963
13608 52.0 16.562 31.973
13620 52.0 16.599 31.969
13632 52.0 16.651 31.960
13644 52.0 16.703 31.911
13656 52.0 16.752 31.908
13440 49.0 -19.568 20.033
13452 49.0 -19.546 20.026
13464 49.0 -19.524 20.019
13476 49.0 -19.503 20.013
13488 49.0 -19.481 20.006
13500 49.0 -19.459 20.000
13512 49.0 -19.438 19.993
13524 49.0 -19.416 19.986
13536 49.0 -19.525 19.991
13548 49.0 -19.494 19.968
13560 49.0 -19.510 19.976
13572 49.0 -19.498 19.993
13584 49.0 -19.565 19.998
13596 49.0 -19.589 20.004
13608 49.0 -19.603 19.998
13620 49.0 -19.503 19.999
13632 49.0 -19.496 20.005
13644 49.0 -19.530 20.030
13656 49.0 -19.558 20.023
13668 49.0 -19.547 20.026
13524 42.0 16.869 28.301
13536 42.0 16.741 27.715
13548 42.0 16.626 27.130
13560 42.0 16.512 26.616
13572 42.0 16.369 26.046
13584 42.0 16.270 25.460
13596 42.0 16.113 24.875
13608 42.0 15.984 24.247
13620 42.0 16.138 24.703
13632 42.0 16.428 24.084
13644 42.0 16.205 23.060
13656 42.0 16.224 22.340
13668 42.0 16.292 21.803
13680 42.0 15.955 21.676
13692 42.0 16.051 21.033
13704 42.0 16.278 21.425
13716 42.0 16.268 21.265
13728 42.0 16.120 21.626
13740 42.0 16.106 21.765
13752 42.0 16.871 19.906
13668 53.0 16.398 31.868
13680 53.0 16.398 31.868
13692 53.0 16.398 31.868
13704 53.0 16.369 31.868
13716 53.0 16.369 31.868
13728 53.0 16.369 31.868
13740 53.0 16.369 31.868
13752 53.0 16.341 31.926
13764 53.0 16.336 31.933
13776 53.0 16.297 31.911
13788 53.0 16.139 31.912
13800 53.0 16.188 31.862
13812 53.0 16.094 31.818
13824 53.0 16.197 31.801
13836 53.0 16.183 31.837
13848 53.0 16.209 31.794
13860 53.0 16.215 31.826
13872 53.0 16.271 31.834
13884 53.0 16.297 31.921
13896 53.0 16.448 31.869
13680 50.0 -19.134 19.900
13692 50.0 -19.112 19.894
13704 50.0 -19.090 19.887
13716 50.0 -19.069 19.881
13728 50.0 -19.047 19.874
13740 50.0 -19.025 19.867
13752 50.0 -19.003 19.861
13764 50.0 -18.982 19.854
13776 50.0 -18.881 19.915
13788 50.0 -18.814 19.925
13800 50.0 -18.705 19.965
13812 50.0 -18.697 19.971
13824 50.0 -18.813 19.910
13836 50.0 -18.859 19.860
13848 50.0 -18.926 20.075
13860 50.0 -18.836 20.139
13872 50.0 -18.687 19.973
13884 50.0 -18.723 20.017
13896 50.0 -18.539 20.048
13908 50.0 -18.424 20.040
13764 43.0 12.216 17.426
13776 43.0 11.474 17.197
13788 43.0 11.003 16.855
13800 43.0 10.475 16.498
13812 43.0 9.790 16.255
13824 43.0 9.162 16.369
13836 43.0 8.763 15.913
13848 43.0 8.335 15.570
13860 43.0 9.121 15.427
13872 43.0 8.509 15.955
13884 43.0 7.989 15.611
13896 43.0 7.791 16.573
13908 43.0 8.136 16.350
13920 43.0 8.638 18.062
13932 43.0 7.343 17.257
13944 43.0 7.979 16.871
13956 43.0 6.534 17.107
13968 43.0 7.467 16.743
13980 43.0 6.620 16.531
13992 43.0 6.028 16.681
