0 129.0 13.101 5.980
12 129.0 12.359 5.980
24 129.0 11.631 5.980
36 129.0 10.903 5.980
48 129.0 10.161 5.980
60 129.0 9.476 6.094
72 129.0 8.691 6.094
84 129.0 7.906 6.094
96 129.0 8.216 5.741
108 129.0 8.804 5.728
120 129.0 7.773 5.449
132 129.0 8.479 5.644
144 129.0 8.589 5.552
156 129.0 7.561 5.480
168 129.0 7.527 5.217
180 129.0 7.727 5.576
192 129.0 7.861 5.859
204 129.0 8.679 6.529
216 129.0 7.664 6.217
228 129.0 7.225 5.454
0 112.0 -19.866 18.696
12 112.0 -19.866 18.696
24 112.0 -19.809 18.696
36 112.0 -19.766 18.696
48 112.0 -19.709 18.696
60 112.0 -19.652 18.696
72 112.0 -19.595 18.696
84 112.0 -19.595 18.696
96 112.0 -19.595 18.611
108 112.0 -19.502 18.609
120 112.0 -19.445 18.577
132 112.0 -19.446 18.519
144 112.0 -19.320 18.661
156 112.0 -19.385 18.551
168 112.0 -19.483 18.660
180 112.0 -19.536 18.593
192 112.0 -19.596 18.669
204 112.0 -19.613 18.779
216 112.0 -19.466 18.864
228 112.0 -19.453 18.776
60 141.0 -8.206 27.844
72 141.0 -8.649 27.844
84 141.0 -9.020 28.072
96 141.0 -9.376 28.415
108 141.0 -9.648 28.301
120 141.0 -9.862 27.958
132 141.0 -9.844 27.958
144 141.0 -9.823 27.957
156 141.0 -10.337 28.100
168 141.0 -10.730 28.290
180 141.0 -10.644 28.480
192 141.0 -10.609 28.588
204 141.0 -11.333 29.076
216 141.0 -12.264 29.338
228 141.0 -12.288 29.774
240 141.0 -12.418 29.791
252 141.0 -12.474 29.933
264 141.0 -13.329 30.275
276 141.0 -14.357 30.374
288 141.0 -15.401 31.153
60 117.0 -2.298 34.238
72 117.0 -2.412 34.609
84 117.0 -2.612 34.837
96 117.0 -2.840 34.837
108 117.0 -3.097 34.951
120 117.0 -3.297 34.951
132 117.0 -3.668 34.951
144 117.0 -4.196 34.837
156 117.0 -3.821 35.122
168 117.0 -4.341 35.171
180 117.0 -3.728 35.302
192 117.0 -3.920 35.618
204 117.0 -4.617 35.779
216 117.0 -5.111 35.955
228 117.0 -5.682 36.215
240 117.0 -5.363 36.249
252 117.0 -5.382 36.169
264 117.0 -6.324 37.013
276 117.0 -6.857 36.877
288 117.0 -7.557 37.178
108 131.0 16.312 7.293
120 131.0 15.670 6.836
132 131.0 15.042 6.836
144 131.0 14.414 6.836
156 131.0 13.786 6.836
168 131.0 13.201 6.836
180 131.0 12.573 6.836
192 131.0 11.945 6.722
204 131.0 12.286 7.010
216 131.0 11.938 6.888
228 131.0 12.043 7.190
240 131.0 11.544 6.628
252 131.0 11.275 6.683
264 131.0 9.994 7.267
276 131.0 11.005 7.138
288 131.0 10.838 7.180
300 131.0 10.164 6.621
312 131.0 10.517 6.689
324 131.0 12.406 6.789
336 131.0 9.852 6.944
240 130.0 -0.999 6.436
252 130.0 -1.727 6.436
264 130.0 -2.469 6.436
276 130.0 -3.197 6.436
288 130.0 -3.939 6.436
300 130.0 -4.667 6.436
312 130.0 -5.395 6.436
324 130.0 -6.194 6.436
336 130.0 -4.293 6.658
348 130.0 -5.025 7.520
360 130.0 -4.744 6.810
372 130.0 -4.816 7.294
384 130.0 -5.538 7.451
396 130.0 -5.620 7.538
408 130.0 -5.205 7.129
420 130.0 -6.516 7.374
432 130.0 -5.570 7.108
444 130.0 -7.210 8.176
456 130.0 -6.669 7.559
468 130.0 -6.770 7.605
240 113.0 -18.182 18.422
252 113.0 -18.239 18.433
264 113.0 -18.295 18.444
276 113.0 -18.352 18.456
288 113.0 -18.408 18.467
300 113.0 -18.465 18.478
312 113.0 -18.521 18.490
324 113.0 -18.578 18.501
336 113.0 -18.519 18.558
348 113.0 -18.554 18.600
360 113.0 -18.400 18.479
372 113.0 -18.294 18.463
384 113.0 -18.247 18.541
396 113.0 -18.271 18.509
408 113.0 -18.267 18.552
420 113.0 -18.308 18.546
432 113.0 -18.336 18.526
444 113.0 -18.298 18.495
456 113.0 -18.351 18.480
468 113.0 -18.313 18.474
300 142.0 -9.547 27.952
312 142.0 -9.526 27.952
324 142.0 -9.505 27.951
336 142.0 -9.483 27.951
348 142.0 -9.462 27.951
360 142.0 -9.441 27.950
372 142.0 -9.420 27.950
384 142.0 -9.399 27.949
396 142.0 -9.419 27.943
408 142.0 -9.441 27.861
420 142.0 -9.471 27.866
432 142.0 -9.495 27.840
444 142.0 -9.479 27.944
456 142.0 -9.489 27.931
468 142.0 -9.498 27.895
480 142.0 -9.536 27.873
492 142.0 -9.549 27.820
504 142.0 -9.511 27.846
516 142.0 -9.431 27.874
528 142.0 -9.396 27.826
300 118.0 -6.103 34.750
312 118.0 -5.914 34.754
324 118.0 -5.725 34.759
336 118.0 -5.537 34.764
348 118.0 -5.348 34.768
360 118.0 -5.159 34.772
372 118.0 -4.970 34.777
384 118.0 -4.782 34.782
396 118.0 -4.188 34.830
408 118.0 -4.860 34.944
420 118.0 -4.543 35.031
432 118.0 -3.934 34.739
444 118.0 -3.724 34.731
456 118.0 -4.380 34.807
468 118.0 -4.376 34.517
480 118.0 -4.408 35.007
492 118.0 -4.683 34.709
504 118.0 -3.952 34.922
516 118.0 -3.961 34.967
528 118.0 -3.414 34.761
348 132.0 3.825 6.494
360 132.0 3.197 6.494
372 132.0 2.512 6.494
384 132.0 1.827 6.379
396 132.0 1.156 6.379
408 132.0 0.471 6.379
420 132.0 -0.157 6.251
432 132.0 -0.842 6.251
444 132.0 -0.324 6.133
456 132.0 -0.979 6.394
468 132.0 -0.995 6.235
480 132.0 -1.758 6.231
492 132.0 0.090 5.919
504 132.0 -0.491 6.055
516 132.0 -1.654 5.979
528 132.0 -1.167 6.522
540 132.0 -0.812 6.537
552 132.0 -2.291 6.751
564 132.0 -1.796 6.178
576 132.0 -1.715 7.044
528 139.0 -14.928 38.176
540 139.0 -15.313 38.348
552 139.0 -15.513 38.633
564 139.0 -15.456 38.633
576 139.0 -15.413 38.633
588 139.0 -15.356 38.633
600 139.0 -15.256 38.690
612 139.0 -15.313 38.690
624 139.0 -15.418 38.910
636 139.0 -15.753 39.064
648 139.0 -16.244 39.063
660 139.0 -16.509 39.346
672 139.0 -16.694 39.611
684 139.0 -17.296 39.953
696 139.0 -17.908 39.974
708 139.0 -17.877 40.190
720 139.0 -17.661 40.483
732 139.0 -18.800 40.959
744 139.0 -19.064 40.963
756 139.0 -19.027 41.344
768 140.0 -15.570 38.774
780 140.0 -15.570 38.776
792 140.0 -15.570 38.778
804 140.0 -15.570 38.780
816 140.0 -15.570 38.782
828 140.0 -15.570 38.784
840 140.0 -15.570 38.786
852 140.0 -15.570 38.788
864 140.0 -15.636 38.846
876 140.0 -15.649 38.808
888 140.0 -15.658 38.861
900 140.0 -15.607 38.848
912 140.0 -15.619 38.885
924 140.0 -15.581 38.950
936 140.0 -15.713 38.998
948 140.0 -15.624 38.846
960 140.0 -15.555 38.856
972 140.0 -15.639 38.865
984 140.0 -15.653 38.835
996 140.0 -15.636 38.833
1416 160.0 -15.913 18.753
1428 160.0 -16.484 18.753
1440 160.0 -17.055 18.753
1452 160.0 -17.640 18.753
1464 160.0 -18.196 18.810
1476 160.0 -18.767 18.810
1488 160.0 -19.338 18.810
1500 160.0 -19.809 18.810
1512 160.0 -19.234 18.141
1524 160.0 -19.386 18.330
1536 160.0 -19.340 18.890
1548 160.0 -20.091 18.725
1560 160.0 -21.242 19.640
1572 160.0 -22.081 19.946
1584 160.0 -21.438 19.173
1596 160.0 -20.931 19.512
1608 160.0 -21.568 19.738
1620 160.0 -21.519 19.880
1632 160.0 -21.361 19.943
1644 160.0 -22.120 20.103
1524 5.0 12.944 5.209
1536 5.0 12.473 5.209
1548 5.0 11.945 5.323
1560 5.0 11.417 5.323
1572 5.0 10.946 5.452
1584 5.0 10.433 5.452
1596 5.0 9.904 5.566
1608 5.0 9.434 5.566
1620 5.0 10.534 5.576
1632 5.0 9.988 5.796
1644 5.0 9.071 6.012
1656 5.0 8.721 6.270
1668 5.0 9.510 6.154
1680 5.0 8.625 6.315
1692 5.0 8.383 6.771
1704 5.0 8.510 6.413
1716 5.0 7.671 6.804
1728 5.0 7.557 6.481
1740 5.0 6.832 6.704
1752 5.0 5.796 7.029
1656 161.0 -19.937 18.225
1668 161.0 -19.966 18.225
1680 161.0 -19.966 18.168
1692 161.0 -19.966 18.168
1704 161.0 -19.994 18.111
1716 161.0 -19.994 18.054
1728 161.0 -19.994 18.054
1740 161.0 -20.009 17.996
1752 161.0 -19.987 18.069
1764 161.0 -20.031 18.133
1776 161.0 -19.966 18.131
1788 161.0 -19.968 18.094
1800 161.0 -19.914 18.135
1812 161.0 -19.903 18.116
1824 161.0 -19.909 18.207
1836 161.0 -19.921 18.215
1848 161.0 -19.924 18.194
1860 161.0 -19.937 18.234
1872 161.0 -19.946 18.240
1884 161.0 -19.966 18.227
1764 6.0 3.083 5.694
1776 6.0 2.569 5.694
1788 6.0 2.041 5.694
1800 6.0 1.513 5.694
1812 6.0 0.999 5.694
1824 6.0 0.471 5.694
1836 6.0 -0.057 5.694
1848 6.0 -0.571 5.694
1860 6.0 -0.114 5.860
1872 6.0 0.226 6.136
1884 6.0 -0.428 6.291
1896 6.0 -1.293 6.406
1908 6.0 -0.729 6.521
1920 6.0 -0.527 6.673
1932 6.0 -2.323 7.572
1944 6.0 -2.028 6.787
1956 6.0 -2.546 7.261
1968 6.0 -3.001 7.874
1980 6.0 -2.064 7.541
1992 6.0 -3.788 8.093
2004 7.0 -7.635 5.623
2016 7.0 -8.063 5.680
2028 7.0 -8.520 5.680
2040 7.0 -8.977 5.623
2052 7.0 -9.405 5.680
2064 7.0 -9.862 5.680
2076 7.0 -10.375 5.623
2088 7.0 -10.961 5.623
2100 7.0 -10.230 5.421
2112 7.0 -11.068 5.766
2124 7.0 -11.323 5.603
2136 7.0 -10.156 5.486
2148 7.0 -11.442 5.604
2160 7.0 -11.474 5.628
2172 7.0 -10.599 5.806
2184 7.0 -12.279 5.529
2196 7.0 -12.733 5.672
2208 7.0 -13.272 5.260
2220 7.0 -12.355 5.198
2232 7.0 -12.516 5.555
2052 8.0 -0.257 17.540
2064 8.0 -0.942 17.540
2076 8.0 -1.570 17.426
2088 8.0 -2.198 17.426
2100 8.0 -2.826 17.426
2112 8.0 -3.454 17.311
2124 8.0 -4.039 17.311
2136 8.0 -4.667 17.311
2148 8.0 -3.461 17.069
2160 8.0 -4.098 17.257
2172 8.0 -4.661 18.086
2184 8.0 -4.177 17.485
2196 8.0 -4.761 17.789
2208 8.0 -4.453 16.794
2220 8.0 -5.141 17.014
2232 8.0 -5.523 17.295
2244 8.0 -5.877 17.271
2256 8.0 -5.294 17.216
2268 8.0 -6.607 17.360
2280 8.0 -6.611 17.285
3228 37.0 -0.542 17.254
3240 37.0 -0.114 16.798
3252 37.0 0.457 16.798
3264 37.0 0.451 17.039
3276 37.0 0.429 17.090
3288 37.0 0.407 17.141
3300 37.0 0.385 17.192
3312 37.0 0.362 17.243
3324 37.0 0.933 16.870
3336 37.0 1.248 16.876
3348 37.0 1.155 16.694
3360 37.0 1.636 16.404
3372 37.0 1.905 16.279
3384 37.0 2.047 16.375
3396 37.0 2.306 16.099
3408 37.0 2.820 16.106
3420 37.0 2.988 16.378
3432 37.0 3.844 15.826
3444 37.0 3.499 15.792
3456 37.0 4.373 15.504
3492 35.0 1.028 17.026
3504 35.0 0.457 17.140
3516 35.0 0.128 17.254
3528 35.0 -0.186 17.369
3540 35.0 -0.500 17.540
3552 35.0 -0.871 17.540
3564 35.0 -1.185 17.540
3576 35.0 -1.613 17.540
3588 35.0 -1.393 17.783
3600 35.0 -1.730 18.084
3612 35.0 -2.069 18.596
3624 35.0 -1.655 18.208
3636 35.0 -3.265 18.803
3648 35.0 -3.859 18.939
3660 35.0 -3.850 19.210
3672 35.0 -5.425 19.973
3684 35.0 -4.551 19.571
3696 35.0 -7.210 20.865
3708 35.0 -7.269 21.346
3720 35.0 -5.942 20.653
3732 36.0 -6.265 17.426
3744 36.0 -6.636 17.426
3756 36.0 -7.007 17.426
3768 36.0 -7.378 17.426
3780 36.0 -7.721 17.426
3792 36.0 -8.035 17.426
3804 36.0 -8.406 17.426
3816 36.0 -8.777 17.426
3828 36.0 -10.029 17.733
3840 36.0 -9.303 17.601
3852 36.0 -9.150 17.540
3864 36.0 -10.045 17.143
3876 36.0 -10.486 17.545
3888 36.0 -10.746 17.334
3900 36.0 -9.203 17.407
3912 36.0 -10.402 17.491
3924 36.0 -10.375 17.288
3936 36.0 -10.413 17.387
3948 36.0 -11.645 17.659
3960 36.0 -11.910 17.356
4788 74.0 16.369 6.494
4800 74.0 14.985 6.436
4812 74.0 13.501 6.436
4824 74.0 11.974 6.551
4836 74.0 10.504 6.551
4848 74.0 8.963 6.551
4860 74.0 7.264 6.551
4872 74.0 5.552 6.551
4884 74.0 11.697 6.285
4896 74.0 11.688 6.576
4908 74.0 12.409 6.069
4920 74.0 10.155 6.253
4932 74.0 10.125 6.515
4944 74.0 11.091 6.596
4956 74.0 10.556 7.212
4968 74.0 10.566 7.124
4980 74.0 10.714 6.639
4992 74.0 10.893 6.516
5004 74.0 9.893 6.841
5016 74.0 8.701 7.785
6744 152.0 15.142 5.866
6756 152.0 14.115 5.866
6768 152.0 13.230 5.980
6780 152.0 12.502 5.980
6792 152.0 11.760 6.094
6804 152.0 11.132 6.094
6816 152.0 10.604 6.094
6828 152.0 10.033 6.094
6840 152.0 10.499 6.250
6852 152.0 11.127 6.641
6864 152.0 10.100 6.536
6876 152.0 9.431 7.541
6888 152.0 8.905 8.011
6900 152.0 8.535 7.956
6912 152.0 8.464 7.760
6924 152.0 8.557 7.645
6936 152.0 8.610 8.190
6948 152.0 7.063 8.840
6960 152.0 9.439 8.106
6972 152.0 8.273 8.038
6984 150.0 -19.652 17.711
6996 150.0 -19.238 17.711
7008 150.0 -18.467 17.540
7020 150.0 -18.111 17.768
7032 150.0 -17.640 17.996
7044 150.0 -16.327 18.111
7056 150.0 -15.071 18.111
7068 150.0 -13.758 18.225
7080 150.0 -15.521 17.649
7092 150.0 -15.679 17.655
7104 150.0 -15.013 17.195
7116 150.0 -15.767 17.696
7128 150.0 -15.880 17.325
7140 150.0 -16.483 18.138
7152 150.0 -15.804 17.637
7164 150.0 -15.221 17.547
7176 150.0 -15.408 17.784
7188 150.0 -14.267 17.579
7200 150.0 -14.839 17.107
7212 150.0 -15.311 17.461
6984 153.0 3.425 6.094
6996 153.0 2.854 6.094
7008 153.0 2.269 6.094
7020 153.0 1.698 6.094
7032 153.0 1.127 6.094
7044 153.0 0.500 6.094
7056 153.0 -0.086 6.094
7068 153.0 -0.656 6.037
7080 153.0 0.121 5.782
7092 153.0 0.294 5.887
7104 153.0 -0.096 5.748
7116 153.0 0.872 5.814
7128 153.0 0.363 5.872
7140 153.0 -0.137 5.756
7152 153.0 -0.299 5.634
7164 153.0 -0.646 5.619
7176 153.0 0.506 5.937
7188 153.0 0.881 6.210
7200 153.0 -0.970 6.523
7212 153.0 -1.106 6.187
7224 151.0 -6.716 17.654
7236 151.0 -6.712 17.654
7248 151.0 -6.709 17.654
7260 151.0 -6.705 17.654
7272 151.0 -6.701 17.654
7284 151.0 -6.698 17.654
7296 151.0 -6.694 17.654
7308 151.0 -6.691 17.654
7320 151.0 -6.747 17.680
7332 151.0 -6.733 17.711
7344 151.0 -6.675 17.673
7356 151.0 -6.689 17.647
7368 151.0 -6.677 17.638
7380 151.0 -6.659 17.644
7392 151.0 -6.603 17.681
7404 151.0 -6.652 17.675
7416 151.0 -6.634 17.678
7428 151.0 -6.631 17.648
7440 151.0 -6.592 17.667
7452 151.0 -6.596 17.648
7224 154.0 -8.306 5.794
7236 154.0 -8.920 5.794
7248 154.0 -9.434 5.794
7260 154.0 -9.904 5.794
7272 154.0 -10.547 5.794
7284 154.0 -11.118 5.794
7296 154.0 -11.746 5.794
7308 154.0 -12.316 5.794
7320 154.0 -12.560 5.725
7332 154.0 -11.473 4.997
7344 154.0 -12.095 5.917
7356 154.0 -12.065 5.436
7368 154.0 -14.324 5.448
7380 154.0 -12.699 5.475
7392 154.0 -13.699 5.215
7404 154.0 -14.871 6.172
7416 154.0 -13.803 5.013
7428 154.0 -14.420 5.660
7440 154.0 -14.593 5.740
7452 154.0 -13.719 5.476
7512 156.0 -19.795 18.453
7524 156.0 -19.424 18.453
7536 156.0 -19.053 18.339
7548 156.0 -18.681 18.339
7560 156.0 -18.268 18.339
7572 156.0 -17.854 18.339
7584 156.0 -17.369 18.339
7596 156.0 -16.912 18.225
7608 156.0 -17.547 18.386
7620 156.0 -17.654 18.574
7632 156.0 -17.956 18.400
7644 156.0 -17.167 18.240
7656 156.0 -16.849 18.359
7668 156.0 -17.013 18.090
7680 156.0 -16.382 17.863
7692 156.0 -16.689 18.168
7704 156.0 -15.580 17.924
7716 156.0 -15.965 18.033
7728 156.0 -16.933 18.275
7740 156.0 -17.335 18.135
7596 86.0 -13.430 7.635
7608 86.0 -12.802 7.635
7620 86.0 -12.174 7.635
7632 86.0 -11.489 7.635
7644 86.0 -10.804 7.635
7656 86.0 -10.176 7.635
7668 86.0 -9.491 7.635
7680 86.0 -8.863 7.635
7692 86.0 -10.236 7.632
7704 86.0 -10.292 7.999
7716 86.0 -9.888 8.054
7728 86.0 -10.479 7.687
7740 86.0 -10.173 7.592
7752 86.0 -10.243 7.561
7764 86.0 -9.848 7.655
7776 86.0 -9.609 7.583
7788 86.0 -9.564 7.604
7800 86.0 -9.338 7.455
7812 86.0 -9.061 7.414
7824 86.0 -8.374 7.294
7644 92.0 16.584 6.551
7656 92.0 16.584 6.551
7668 92.0 16.584 6.551
7680 92.0 16.341 6.551
7692 92.0 15.884 6.551
7704 92.0 15.370 6.551
7716 92.0 14.914 6.551
7728 92.0 14.429 6.551
7740 92.0 14.893 6.481
7752 92.0 14.558 6.362
7764 92.0 14.370 6.359
7776 92.0 14.426 6.798
7788 92.0 13.618 7.033
7800 92.0 13.882 6.826
7812 92.0 13.878 6.589
7824 92.0 13.216 7.098
7836 92.0 13.887 7.157
7848 92.0 12.478 7.085
7860 92.0 12.166 7.206
7872 92.0 11.657 7.877
7836 87.0 -0.328 7.635
7848 87.0 0.300 7.764
7860 87.0 0.942 7.764
7872 87.0 1.570 7.764
7884 87.0 2.198 7.764
7896 87.0 2.840 7.892
7908 87.0 3.468 7.892
7920 87.0 4.096 7.892
7932 87.0 2.302 7.410
7944 87.0 2.641 7.489
7956 87.0 2.530 7.618
7968 87.0 3.282 7.834
7980 87.0 3.584 7.407
7992 87.0 4.374 7.348
8004 87.0 2.802 7.683
8016 87.0 3.082 7.558
8028 87.0 3.469 7.461
8040 87.0 3.762 7.290
8052 87.0 4.655 6.996
8064 87.0 3.658 7.221
7884 93.0 9.091 6.665
7896 93.0 8.663 6.665
7908 93.0 8.206 6.665
7920 93.0 7.778 6.665
7932 93.0 7.307 6.665
7944 93.0 6.893 6.665
7956 93.0 6.465 6.665
7968 93.0 5.951 6.551
7980 93.0 5.816 6.779
7992 93.0 5.794 6.264
8004 93.0 4.808 6.709
8016 93.0 4.704 6.318
8028 93.0 4.373 6.550
8040 93.0 3.555 6.645
8052 93.0 3.433 6.994
8064 93.0 3.641 6.278
8076 93.0 4.010 6.381
8088 93.0 2.643 5.436
8100 93.0 2.712 6.293
8112 93.0 4.462 5.924
8124 94.0 0.100 5.980
8136 94.0 -0.371 5.980
8148 94.0 -0.842 6.094
8160 94.0 -1.313 6.094
8172 94.0 -1.841 6.208
8184 94.0 -2.312 6.208
8196 94.0 -2.783 6.322
8208 94.0 -3.297 6.322
8220 94.0 -2.825 6.917
8232 94.0 -3.675 7.231
8244 94.0 -4.057 7.001
8256 94.0 -4.392 7.100
8268 94.0 -5.062 7.521
8280 94.0 -4.913 7.477
8292 94.0 -4.934 7.555
8304 94.0 -5.862 8.087
8316 94.0 -6.626 8.233
8328 94.0 -6.648 8.398
8340 94.0 -7.787 8.775
8352 94.0 -7.262 8.691
8364 95.0 -9.590 7.464
8376 95.0 -10.004 7.707
8388 95.0 -10.490 7.935
8400 95.0 -10.903 8.063
8412 95.0 -11.374 8.292
8424 95.0 -11.803 8.520
8436 95.0 -12.259 8.748
8448 95.0 -12.687 8.863
8460 95.0 -12.299 8.787
8472 95.0 -12.712 9.135
8484 95.0 -12.963 9.152
8496 95.0 -14.049 10.066
8508 95.0 -13.579 9.695
8520 95.0 -14.604 10.370
8532 95.0 -15.069 10.611
8544 95.0 -16.211 11.220
8556 95.0 -14.923 10.685
8568 95.0 -16.010 11.381
8580 95.0 -17.233 12.191
8592 95.0 -16.611 11.583
10968 97.0 -19.152 14.115
10980 97.0 -18.739 13.544
10992 97.0 -18.211 13.201
11004 97.0 -17.768 12.916
11016 97.0 -17.397 12.687
11028 97.0 -16.983 12.216
11040 97.0 -16.569 11.860
11052 97.0 -16.141 11.403
11064 97.0 -16.543 12.196
11076 97.0 -16.463 12.214
11088 97.0 -15.512 11.457
11100 97.0 -15.448 11.750
11112 97.0 -14.656 11.076
11124 97.0 -14.908 10.525
11136 97.0 -13.347 9.993
11148 97.0 -13.197 10.182
11160 97.0 -12.138 9.818
11172 97.0 -12.073 9.137
11184 97.0 -13.083 9.871
11196 97.0 -15.152 11.597
11004 56.0 8.406 8.121
11016 56.0 8.406 8.121
11028 56.0 8.406 8.121
11040 56.0 8.406 8.121
11052 56.0 8.406 8.121
11064 56.0 8.406 8.121
11076 56.0 8.406 8.121
11088 56.0 8.406 8.121
11100 56.0 8.417 8.073
11112 56.0 8.449 8.033
11124 56.0 8.448 8.059
11136 56.0 8.429 8.073
11148 56.0 8.388 8.056
11160 56.0 8.368 8.092
11172 56.0 8.354 8.092
11184 56.0 8.339 8.041
11196 56.0 8.335 8.026
11208 56.0 8.328 8.022
11220 56.0 8.349 8.052
11232 56.0 8.297 8.026
11208 98.0 -9.605 7.350
11220 98.0 -9.062 7.236
11232 98.0 -8.606 7.007
11244 98.0 -8.063 6.893
11256 98.0 -7.550 6.779
11268 98.0 -7.036 6.665
11280 98.0 -6.494 6.551
11292 98.0 -5.866 6.436
11304 98.0 -6.479 6.395
11316 98.0 -6.653 6.069
11328 98.0 -5.995 5.907
11340 98.0 -6.277 5.976
11352 98.0 -4.968 6.009
11364 98.0 -5.450 6.261
11376 98.0 -4.734 6.011
11388 98.0 -3.497 5.117
11400 98.0 -4.087 6.042
11412 98.0 -4.230 5.488
11424 98.0 -3.968 6.024
11436 98.0 -3.965 5.864
11244 57.0 8.406 8.121
11256 57.0 8.406 8.121
11268 57.0 8.406 8.121
11280 57.0 8.406 8.121
11292 57.0 8.406 8.121
11304 57.0 8.406 8.121
11316 57.0 8.406 8.121
11328 57.0 8.406 8.121
11340 57.0 8.443 8.124
11352 57.0 8.389 8.191
11364 57.0 8.294 8.157
11376 57.0 8.252 8.157
11388 57.0 8.266 8.151
11400 57.0 8.319 8.102
11412 57.0 8.317 8.025
11424 57.0 8.370 8.015
11436 57.0 8.407 8.067
11448 57.0 8.385 8.045
11460 57.0 8.351 8.029
11472 57.0 8.336 7.982
11448 99.0 2.198 5.980
11460 99.0 2.726 5.866
11472 99.0 3.297 5.866
11484 99.0 3.811 5.751
11496 99.0 4.410 5.751
11508 99.0 4.952 5.694
11520 99.0 5.509 5.680
11532 99.0 6.051 5.566
11544 99.0 5.977 5.835
11556 99.0 5.751 6.098
11568 99.0 5.099 6.040
11580 99.0 5.539 5.874
11592 99.0 5.756 5.705
11604 99.0 6.701 5.846
11616 99.0 6.502 5.891
11628 99.0 7.174 5.071
11640 99.0 6.990 5.257
11652 99.0 5.901 5.444
11664 99.0 7.349 5.394
11676 99.0 6.867 5.967
11928 19.0 -19.937 18.924
11940 19.0 -19.809 19.038
11952 19.0 -19.866 19.038
11964 19.0 -19.866 19.038
11976 19.0 -19.866 19.167
11988 19.0 -19.866 19.167
12000 19.0 -19.866 19.281
12012 19.0 -19.880 19.281
12024 19.0 -19.833 19.149
12036 19.0 -19.847 19.102
12048 19.0 -19.866 19.044
12060 19.0 -19.873 19.114
12072 19.0 -19.894 19.067
12084 19.0 -19.867 19.045
12096 19.0 -19.906 19.099
12108 19.0 -19.878 19.169
12120 19.0 -19.845 19.143
12132 19.0 -19.851 19.090
12144 19.0 -19.894 18.995
12156 19.0 -19.882 19.024
12168 20.0 -16.013 18.225
12180 20.0 -15.599 18.111
12192 20.0 -15.171 18.111
12204 20.0 -14.914 17.768
12216 20.0 -14.714 17.426
12228 20.0 -14.598 17.311
12240 20.0 -14.595 17.309
12252 20.0 -14.591 17.308
12264 20.0 -14.278 17.395
12276 20.0 -13.775 17.102
12288 20.0 -14.260 17.337
12300 20.0 -13.320 16.965
12312 20.0 -13.081 16.734
12324 20.0 -12.328 16.329
12336 20.0 -11.909 16.411
12348 20.0 -13.124 16.375
12360 20.0 -11.684 15.604
12372 20.0 -11.130 15.538
12384 20.0 -9.895 15.366
12396 20.0 -10.493 15.254
12408 21.0 -14.547 17.292
12420 21.0 -14.543 17.291
12432 21.0 -14.540 17.289
12444 21.0 -14.536 17.288
12456 21.0 -14.533 17.287
12468 21.0 -14.530 17.286
12480 21.0 -14.526 17.285
12492 21.0 -14.523 17.283
12504 21.0 -14.490 17.340
12516 21.0 -14.473 17.337
12528 21.0 -14.543 17.311
12540 21.0 -14.545 17.281
12552 21.0 -14.484 17.275
12564 21.0 -14.531 17.284
12576 21.0 -14.576 17.283
12588 21.0 -14.591 17.304
12600 21.0 -14.562 17.293
12612 21.0 -14.528 17.307
12624 21.0 -14.494 17.311
12636 21.0 -14.506 17.353
