504 10.0 4.086 16.706
516 10.0 4.767 16.706
528 10.0 5.447 16.706
540 10.0 6.083 16.706
552 10.0 6.719 16.706
564 10.0 7.309 16.706
576 10.0 7.899 16.706
588 10.0 8.580 16.524
600 10.0 7.518 16.297
612 10.0 7.539 16.408
624 10.0 7.911 16.488
636 10.0 8.525 16.419
648 10.0 8.175 16.727
660 10.0 7.960 16.785
672 10.0 9.037 16.019
684 10.0 8.732 16.645
696 10.0 8.604 16.517
708 10.0 8.997 16.386
720 10.0 9.010 16.578
732 10.0 8.997 16.355
504 11.0 -11.258 15.208
516 11.0 -11.780 15.208
528 11.0 -12.370 15.208
540 11.0 -12.892 15.208
552 11.0 -13.483 15.208
564 11.0 -14.027 15.208
576 11.0 -14.527 15.208
588 11.0 -15.139 15.208
600 11.0 -14.242 14.781
612 11.0 -15.711 15.270
624 11.0 -15.199 15.251
636 11.0 -15.755 15.469
648 11.0 -15.972 15.486
660 11.0 -15.627 15.182
672 11.0 -15.828 15.570
684 11.0 -16.056 16.065
696 11.0 -17.186 16.247
708 11.0 -16.491 16.252
720 11.0 -17.689 16.541
732 11.0 -17.058 16.701
504 13.0 -20.360 17.296
516 13.0 -21.041 17.296
528 13.0 -21.631 17.296
540 13.0 -22.312 17.455
552 13.0 -22.993 17.455
564 13.0 -23.583 17.455
576 13.0 -24.309 17.296
588 13.0 -24.990 17.114
600 13.0 -24.351 17.005
612 13.0 -25.219 17.502
624 13.0 -25.039 18.094
636 13.0 -24.762 17.942
648 13.0 -25.373 17.565
660 13.0 -25.897 17.822
672 13.0 -26.013 17.686
684 13.0 -25.315 17.292
696 13.0 -25.563 17.820
708 13.0 -26.202 17.344
720 13.0 -26.716 17.893
732 13.0 -27.347 17.930
504 16.0 -0.545 -0.182
516 16.0 -0.840 -0.182
528 16.0 -1.180 -0.182
540 16.0 -1.521 -0.182
552 16.0 -1.816 -0.182
564 16.0 -2.134 -0.182
576 16.0 -2.451 -0.182
588 16.0 -2.815 -0.340
600 16.0 -2.281 -0.207
612 16.0 -3.079 0.510
624 16.0 -2.068 0.228
636 16.0 -3.366 0.679
648 16.0 -3.115 1.051
660 16.0 -4.110 1.377
672 16.0 -3.799 1.659
684 16.0 -4.736 2.133
696 16.0 -5.604 2.532
708 16.0 -6.033 2.683
720 16.0 -5.337 2.450
732 16.0 -7.545 3.498
504 28.0 7.173 12.053
516 28.0 6.946 12.552
528 28.0 6.809 12.870
540 28.0 6.582 13.369
552 28.0 6.446 13.710
564 28.0 6.219 14.209
576 28.0 6.060 14.549
588 28.0 5.765 14.867
600 28.0 6.207 14.345
612 28.0 5.933 14.586
624 28.0 6.517 14.497
636 28.0 6.571 14.819
648 28.0 6.272 14.431
660 28.0 6.282 14.581
672 28.0 6.649 15.543
684 28.0 6.340 15.667
696 28.0 6.174 16.255
708 28.0 6.021 16.356
720 28.0 6.454 16.738
732 28.0 6.347 17.091
516 14.0 7.967 10.055
528 14.0 7.967 10.373
540 14.0 7.967 10.713
552 14.0 7.967 11.213
564 14.0 7.967 11.712
576 14.0 7.967 12.053
588 14.0 7.967 12.552
600 14.0 8.103 13.051
612 14.0 7.878 12.954
624 14.0 8.193 12.623
636 14.0 8.174 13.197
648 14.0 8.026 13.422
660 14.0 7.736 14.089
672 14.0 7.828 14.137
684 14.0 8.018 14.962
696 14.0 8.006 15.231
708 14.0 7.905 15.937
720 14.0 7.658 16.875
732 14.0 7.889 16.146
744 14.0 7.819 17.206
516 26.0 8.239 23.197
528 26.0 8.012 22.879
540 26.0 7.853 22.380
552 26.0 7.626 22.017
564 26.0 7.400 21.518
576 26.0 7.195 21.200
588 26.0 7.036 20.700
600 26.0 6.809 20.383
612 26.0 6.680 20.309
624 26.0 7.412 19.770
636 26.0 6.659 19.269
648 26.0 7.355 18.993
660 26.0 7.060 18.240
672 26.0 7.152 18.008
684 26.0 7.361 14.043
696 26.0 7.093 16.670
708 26.0 6.900 14.178
720 26.0 7.760 17.077
732 26.0 8.099 14.082
744 26.0 8.036 14.557
696 20.0 -31.255 10.804
708 20.0 -28.940 11.122
720 20.0 -26.557 11.621
732 20.0 -24.173 11.962
744 20.0 -21.767 12.121
756 20.0 -19.316 11.803
768 20.0 -17.137 11.803
780 20.0 -15.366 11.803
792 20.0 -25.975 10.824
804 20.0 -26.661 11.146
816 20.0 -26.224 10.930
828 20.0 -26.215 11.099
840 20.0 -25.541 11.114
852 20.0 -26.587 10.708
864 20.0 -26.211 10.946
876 20.0 -25.573 10.746
888 20.0 -27.329 11.001
900 20.0 -27.271 10.788
912 20.0 -27.021 10.576
924 20.0 -27.844 11.019
744 12.0 -18.567 18.045
756 12.0 -18.249 18.204
768 12.0 -18.521 18.204
780 12.0 -18.748 18.204
792 12.0 -19.066 18.204
804 12.0 -19.656 18.204
816 12.0 -20.473 18.363
828 12.0 -21.835 18.544
840 12.0 -20.371 18.684
852 12.0 -20.706 19.180
864 12.0 -20.851 18.987
876 12.0 -21.697 19.777
888 12.0 -21.919 19.834
900 12.0 -22.273 20.269
912 12.0 -22.826 20.566
924 12.0 -23.573 21.092
936 12.0 -23.442 20.858
948 12.0 -23.423 20.779
960 12.0 -25.009 21.700
972 12.0 -25.157 21.336
744 17.0 -6.106 -4.676
756 17.0 -6.174 -5.334
768 17.0 -6.265 -5.833
780 17.0 -6.537 -6.174
792 17.0 -6.855 -6.333
804 17.0 -7.218 -6.673
816 17.0 -7.218 -7.173
828 17.0 -7.309 -7.831
840 17.0 -7.307 -8.497
852 17.0 -7.105 -8.014
864 17.0 -7.199 -9.256
876 17.0 -7.337 -10.147
888 17.0 -7.211 -10.456
900 17.0 -6.743 -10.921
912 17.0 -6.945 -11.628
924 17.0 -6.953 -13.174
936 17.0 -6.970 -11.454
948 17.0 -7.296 -13.559
960 17.0 -6.784 -15.070
972 17.0 -6.959 -10.603
744 29.0 4.403 20.360
756 29.0 4.630 20.700
768 29.0 4.630 21.041
780 29.0 4.358 21.200
792 29.0 4.131 21.200
804 29.0 3.813 21.359
816 29.0 3.450 21.540
828 29.0 2.928 21.858
840 29.0 3.144 21.629
852 29.0 2.784 22.164
864 29.0 3.385 22.321
876 29.0 3.216 22.265
888 29.0 2.796 22.582
900 29.0 2.205 22.690
912 29.0 1.765 22.582
924 29.0 1.999 22.665
936 29.0 1.942 23.046
948 29.0 1.357 23.612
960 29.0 1.136 23.918
972 29.0 0.880 23.671
744 31.0 -10.713 -8.648
756 31.0 -10.623 -8.648
768 31.0 -10.486 -8.512
780 31.0 -10.305 -8.330
792 31.0 -10.078 -8.012
804 31.0 -9.715 -7.649
816 31.0 -9.352 -7.150
828 31.0 -9.034 -6.650
840 31.0 -9.572 -7.098
852 31.0 -9.388 -7.425
864 31.0 -8.930 -7.627
876 31.0 -9.123 -7.290
888 31.0 -9.172 -8.080
900 31.0 -8.764 -8.292
912 31.0 -8.477 -7.785
924 31.0 -8.468 -8.056
936 31.0 -8.368 -7.999
948 31.0 -8.908 -8.399
960 31.0 -8.339 -8.417
972 31.0 -8.066 -8.193
756 27.0 7.853 18.204
768 27.0 7.922 18.204
780 27.0 7.490 18.204
792 27.0 7.104 18.204
804 27.0 6.650 18.204
816 27.0 6.287 18.204
828 27.0 5.765 18.204
840 27.0 5.175 18.204
852 27.0 5.867 18.516
864 27.0 5.105 18.658
876 27.0 4.928 18.404
888 27.0 4.004 19.028
900 27.0 3.446 18.792
912 27.0 3.668 18.795
924 27.0 2.641 19.973
936 27.0 2.045 19.532
948 27.0 1.073 19.831
960 27.0 2.199 19.320
972 27.0 2.174 19.879
984 27.0 1.078 20.460
780 30.0 -9.215 -8.489
792 30.0 -9.056 -8.171
804 30.0 -8.988 -7.831
816 30.0 -8.829 -7.331
828 30.0 -8.602 -7.173
840 30.0 -8.307 -6.991
852 30.0 -8.012 -6.673
864 30.0 -7.717 -6.333
876 30.0 -7.543 -7.446
888 30.0 -7.433 -6.834
900 30.0 -7.168 -7.162
912 30.0 -7.287 -7.106
924 30.0 -7.444 -7.079
936 30.0 -7.142 -7.241
948 30.0 -7.111 -7.246
960 30.0 -7.394 -6.746
972 30.0 -7.330 -8.152
984 30.0 -6.614 -7.272
996 30.0 -6.263 -7.962
1008 30.0 -7.194 -7.595
