0 0.0 -9.746 -14.063
12 0.0 -9.266 -13.845
24 0.0 -8.787 -13.562
36 0.0 -8.307 -13.365
48 0.0 -7.827 -13.060
60 0.0 -7.239 -12.755
72 0.0 -6.759 -12.581
84 0.0 -6.279 -12.275
96 0.0 -7.056 -13.036
108 0.0 -7.445 -13.542
120 0.0 -7.431 -13.703
132 0.0 -6.762 -13.672
144 0.0 -6.341 -13.594
156 0.0 -5.729 -13.273
168 0.0 -6.288 -13.640
180 0.0 -5.711 -13.725
192 0.0 -5.778 -13.447
204 0.0 -6.236 -13.922
216 0.0 -6.268 -13.788
228 0.0 -6.610 -13.995
0 1.0 -7.588 15.284
12 1.0 -7.217 15.415
24 1.0 -6.868 15.502
36 1.0 -6.388 15.698
48 1.0 -6.040 15.807
60 1.0 -5.560 15.982
72 1.0 -5.189 16.091
84 1.0 -4.819 16.200
96 1.0 -5.311 15.662
108 1.0 -5.963 15.692
120 1.0 -5.298 15.704
132 1.0 -5.377 15.258
144 1.0 -4.816 15.364
156 1.0 -4.429 15.566
168 1.0 -4.152 15.326
180 1.0 -3.910 15.512
192 1.0 -4.245 15.577
204 1.0 -4.361 15.662
216 1.0 -3.353 15.233
228 1.0 -3.596 15.457
0 3.0 28.148 19.558
12 3.0 28.148 19.558
24 3.0 28.148 19.558
36 3.0 28.148 19.558
48 3.0 28.148 19.558
60 3.0 28.148 19.558
72 3.0 28.148 19.558
84 3.0 28.148 19.558
96 3.0 28.162 19.602
108 3.0 28.136 19.609
120 3.0 28.112 19.585
132 3.0 28.115 19.593
144 3.0 28.114 19.558
156 3.0 28.047 19.572
168 3.0 28.022 19.557
180 3.0 28.099 19.567
192 3.0 28.147 19.558
204 3.0 28.171 19.535
216 3.0 28.195 19.567
228 3.0 28.180 19.539
0 5.0 27.123 20.735
12 5.0 27.123 20.735
24 5.0 27.123 20.735
36 5.0 27.123 20.735
48 5.0 27.123 20.735
60 5.0 27.123 20.735
72 5.0 27.123 20.735
84 5.0 27.123 20.735
96 5.0 27.132 20.705
108 5.0 27.089 20.725
120 5.0 27.150 20.769
132 5.0 27.173 20.774
144 5.0 27.202 20.770
156 5.0 27.193 20.787
168 5.0 27.202 20.753
180 5.0 27.195 20.803
192 5.0 27.186 20.786
204 5.0 27.176 20.735
216 5.0 27.203 20.747
228 5.0 27.219 20.765
0 7.0 27.254 21.629
12 7.0 27.254 21.629
24 7.0 27.254 21.629
36 7.0 27.254 21.629
48 7.0 27.254 21.629
60 7.0 27.254 21.629
72 7.0 27.254 21.629
84 7.0 27.254 21.629
96 7.0 27.245 21.643
108 7.0 27.257 21.629
120 7.0 27.207 21.662
132 7.0 27.186 21.629
144 7.0 27.185 21.671
156 7.0 27.203 21.653
168 7.0 27.247 21.623
180 7.0 27.255 21.633
192 7.0 27.229 21.628
204 7.0 27.236 21.614
216 7.0 27.243 21.602
228 7.0 27.210 21.613
0 9.0 11.338 21.367
12 9.0 11.817 21.476
24 9.0 12.406 21.585
36 9.0 12.908 21.673
48 9.0 13.475 21.782
60 9.0 14.085 21.869
72 9.0 14.565 21.978
84 9.0 15.175 22.065
96 9.0 14.384 21.691
108 9.0 15.239 21.629
120 9.0 14.817 21.782
132 9.0 15.932 21.467
144 9.0 15.564 21.456
156 9.0 15.081 21.368
168 9.0 16.113 21.043
180 9.0 14.765 21.656
192 9.0 15.320 21.648
204 9.0 15.975 21.405
216 9.0 16.344 21.065
228 9.0 15.840 21.528
240 2.0 0.589 17.857
252 2.0 0.938 18.075
264 2.0 1.417 18.162
276 2.0 1.766 18.249
288 2.0 2.137 18.380
300 2.0 2.507 18.555
312 2.0 2.856 18.664
324 2.0 3.205 18.860
336 2.0 2.662 18.060
348 2.0 2.606 18.295
360 2.0 2.296 17.914
372 2.0 3.008 17.904
384 2.0 2.794 18.175
396 2.0 2.631 18.078
408 2.0 2.622 18.088
420 2.0 3.751 17.842
432 2.0 3.696 17.974
444 2.0 2.649 17.468
456 2.0 3.502 17.588
468 2.0 3.622 17.577
240 4.0 28.148 19.558
252 4.0 28.148 19.558
264 4.0 28.148 19.558
276 4.0 28.148 19.558
288 4.0 28.148 19.558
300 4.0 28.148 19.558
312 4.0 28.148 19.558
324 4.0 28.148 19.558
336 4.0 28.175 19.537
348 4.0 28.171 19.548
360 4.0 28.155 19.571
372 4.0 28.131 19.558
384 4.0 28.168 19.560
396 4.0 28.184 19.583
408 4.0 28.176 19.561
420 4.0 28.153 19.575
432 4.0 28.142 19.599
444 4.0 28.167 19.615
456 4.0 28.167 19.626
468 4.0 28.154 19.610
240 6.0 27.123 20.735
252 6.0 27.123 20.735
264 6.0 27.123 20.735
276 6.0 27.123 20.735
288 6.0 27.123 20.735
300 6.0 27.123 20.735
312 6.0 27.123 20.735
324 6.0 27.123 20.735
336 6.0 27.122 20.700
348 6.0 27.131 20.736
360 6.0 27.125 20.730
372 6.0 27.140 20.720
384 6.0 27.111 20.740
396 6.0 27.104 20.761
408 6.0 27.125 20.772
420 6.0 27.120 20.762
432 6.0 27.157 20.808
444 6.0 27.140 20.794
456 6.0 27.157 20.812
468 6.0 27.100 20.836
240 8.0 27.254 21.629
252 8.0 27.254 21.629
264 8.0 27.254 21.629
276 8.0 27.254 21.629
288 8.0 27.254 21.629
300 8.0 27.254 21.629
312 8.0 27.254 21.629
324 8.0 27.254 21.629
336 8.0 27.185 21.647
348 8.0 27.234 21.640
360 8.0 27.212 21.657
372 8.0 27.188 21.623
384 8.0 27.215 21.630
396 8.0 27.243 21.642
408 8.0 27.229 21.630
420 8.0 27.268 21.595
432 8.0 27.231 21.607
444 8.0 27.227 21.600
456 8.0 27.208 21.587
468 8.0 27.262 21.604
