0 1.0 10.292 13.907
12 1.0 10.803 14.014
24 1.0 11.398 14.205
36 1.0 11.994 14.396
48 1.0 12.568 14.545
60 1.0 13.163 14.715
72 1.0 13.737 14.864
84 1.0 14.333 15.077
96 1.0 14.151 14.619
108 1.0 13.563 14.883
120 1.0 12.974 14.669
132 1.0 12.882 14.842
144 1.0 12.567 14.760
156 1.0 12.979 13.989
168 1.0 13.087 14.773
180 1.0 12.826 14.666
192 1.0 13.166 14.475
204 1.0 13.523 14.608
216 1.0 13.676 14.630
228 1.0 13.794 14.348
0 3.0 35.938 22.201
12 3.0 35.470 22.094
24 3.0 35.002 22.009
36 3.0 34.535 21.924
48 3.0 34.194 21.797
60 3.0 33.726 21.712
72 3.0 33.259 21.627
84 3.0 32.833 21.542
96 3.0 32.564 21.478
108 3.0 33.124 21.703
120 3.0 32.736 21.753
132 3.0 33.623 21.372
144 3.0 33.130 21.540
156 3.0 33.023 21.325
168 3.0 32.383 21.713
180 3.0 33.256 21.779
192 3.0 33.356 21.742
204 3.0 33.612 21.874
216 3.0 32.656 22.268
228 3.0 32.446 21.775
0 5.0 32.663 15.119
12 5.0 32.195 14.630
24 5.0 31.728 14.248
36 5.0 31.260 13.865
48 5.0 30.898 13.461
60 5.0 30.430 13.078
72 5.0 29.963 12.695
84 5.0 29.601 12.227
96 5.0 30.602 11.534
108 5.0 30.493 11.843
120 5.0 29.533 10.452
132 5.0 31.163 10.147
144 5.0 29.148 9.679
156 5.0 29.625 9.402
168 5.0 30.534 8.701
180 5.0 30.628 6.847
192 5.0 31.143 5.211
204 5.0 30.985 9.133
216 5.0 32.042 12.305
228 5.0 31.680 3.225
0 7.0 41.680 13.673
12 7.0 40.978 13.269
24 7.0 40.276 12.887
36 7.0 39.681 12.610
48 7.0 38.979 12.227
60 7.0 38.341 11.930
72 7.0 37.682 11.547
84 7.0 37.044 11.271
96 7.0 36.879 11.852
108 7.0 39.933 12.178
120 7.0 37.905 11.515
132 7.0 37.239 11.710
144 7.0 38.281 11.974
156 7.0 37.547 10.907
168 7.0 38.803 11.286
180 7.0 38.433 11.598
192 7.0 38.799 10.663
204 7.0 38.848 10.602
216 7.0 39.174 9.781
228 7.0 38.497 10.283
0 9.0 10.866 -16.693
12 9.0 11.334 -16.587
24 9.0 11.930 -16.502
36 9.0 12.504 -16.417
48 9.0 13.099 -16.310
60 9.0 13.673 -16.119
72 9.0 14.141 -16.034
84 9.0 14.737 -15.928
96 9.0 14.070 -16.213
108 9.0 13.049 -16.519
120 9.0 13.599 -16.274
132 9.0 14.155 -16.504
144 9.0 14.483 -16.731
156 9.0 13.479 -16.898
168 9.0 13.606 -16.782
180 9.0 14.532 -16.964
192 9.0 14.716 -16.919
204 9.0 14.835 -16.993
216 9.0 13.793 -16.981
228 9.0 13.965 -16.809
0 11.0 -25.731 13.907
12 11.0 -25.263 13.716
24 11.0 -24.753 13.610
36 11.0 -24.285 13.525
48 11.0 -23.753 13.440
60 11.0 -23.221 13.291
72 11.0 -22.690 13.184
84 11.0 -22.222 13.078
96 11.0 -23.370 13.054
108 11.0 -23.165 12.736
120 11.0 -23.045 12.621
132 11.0 -22.081 12.665
144 11.0 -21.467 12.448
156 11.0 -20.654 11.446
168 11.0 -21.639 12.304
180 11.0 -20.907 12.053
192 11.0 -19.995 11.501
204 11.0 -19.032 11.328
216 11.0 -19.983 10.658
228 11.0 -18.904 10.608
0 13.0 -26.092 5.338
12 13.0 -25.965 5.146
24 13.0 -25.731 4.934
36 13.0 -25.497 4.763
48 13.0 -25.263 4.551
60 13.0 -25.029 4.466
72 13.0 -24.923 4.551
84 13.0 -24.689 4.657
96 13.0 -24.864 4.301
108 13.0 -24.566 4.106
120 13.0 -23.961 3.863
132 13.0 -24.247 3.882
144 13.0 -23.607 3.687
156 13.0 -22.939 3.398
168 13.0 -23.079 3.666
180 13.0 -22.877 2.998
192 13.0 -22.676 2.789
204 13.0 -22.647 2.936
216 13.0 -22.394 2.598
228 13.0 -21.966 2.276
0 15.0 -20.797 11.079
12 15.0 -20.585 11.079
24 15.0 -20.329 11.164
36 15.0 -20.117 11.249
48 15.0 -19.862 11.356
60 15.0 -19.649 11.462
72 15.0 -19.394 11.547
84 15.0 -19.181 11.632
96 15.0 -19.808 11.618
108 15.0 -19.637 11.545
120 15.0 -19.675 11.515
132 15.0 -19.460 11.759
144 15.0 -19.420 11.287
156 15.0 -19.515 11.241
168 15.0 -19.413 11.258
180 15.0 -18.368 10.767
192 15.0 -18.090 11.069
204 15.0 -17.595 11.155
216 15.0 -17.165 11.311
228 15.0 -17.368 11.215
0 17.0 -23.115 -1.744
12 17.0 -23.200 -1.744
24 17.0 -23.200 -1.744
36 17.0 -23.200 -1.744
48 17.0 -23.200 -1.744
60 17.0 -23.200 -1.744
72 17.0 -23.200 -1.744
84 17.0 -23.200 -1.744
96 17.0 -23.077 -1.749
108 17.0 -23.078 -1.669
120 17.0 -23.096 -1.685
132 17.0 -23.124 -1.679
144 17.0 -23.114 -1.664
156 17.0 -23.181 -1.634
168 17.0 -23.162 -1.657
180 17.0 -23.171 -1.651
192 17.0 -23.148 -1.677
204 17.0 -23.157 -1.674
216 17.0 -23.197 -1.629
228 17.0 -23.200 -1.604
0 19.0 -7.507 -22.711
12 19.0 -7.166 -22.626
24 19.0 -6.699 -22.541
36 19.0 -6.231 -22.435
48 19.0 -5.827 -22.286
60 19.0 -5.359 -22.137
72 19.0 -4.955 -22.052
84 19.0 -4.529 -21.903
96 19.0 -4.759 -21.750
108 19.0 -4.494 -21.568
120 19.0 -5.643 -21.633
132 19.0 -5.022 -21.417
144 19.0 -4.557 -21.635
156 19.0 -5.024 -22.229
168 19.0 -5.240 -21.967
180 19.0 -4.572 -21.774
192 19.0 -4.971 -21.759
204 19.0 -4.532 -21.758
216 19.0 -4.500 -21.448
228 19.0 -3.824 -21.758
240 2.0 21.116 17.055
252 2.0 21.712 17.225
264 2.0 22.286 17.437
276 2.0 22.881 17.522
288 2.0 23.583 17.714
300 2.0 24.051 18.012
312 2.0 24.625 18.203
324 2.0 25.093 18.501
336 2.0 23.507 17.918
348 2.0 23.534 17.767
360 2.0 23.801 18.055
372 2.0 23.646 17.979
384 2.0 22.855 18.557
396 2.0 23.185 18.428
408 2.0 23.744 18.504
420 2.0 24.019 18.517
432 2.0 23.678 18.557
444 2.0 23.424 18.168
456 2.0 23.763 18.057
468 2.0 23.649 18.130
240 4.0 26.858 20.648
252 4.0 26.390 20.648
264 4.0 25.795 20.563
276 4.0 25.327 20.563
288 4.0 24.859 20.478
300 4.0 24.391 20.478
312 4.0 23.817 20.351
324 4.0 23.349 20.266
336 4.0 24.320 20.560
348 4.0 23.290 20.582
360 4.0 23.600 20.343
372 4.0 23.194 20.795
384 4.0 23.268 20.413
396 4.0 23.243 20.294
408 4.0 23.053 20.082
420 4.0 22.197 20.952
432 4.0 22.006 20.650
444 4.0 20.817 21.230
456 4.0 20.911 20.484
468 4.0 20.402 20.580
240 6.0 23.859 7.400
252 6.0 23.392 7.017
264 6.0 22.924 6.741
276 6.0 22.456 6.358
288 6.0 21.988 6.061
300 6.0 21.520 5.678
312 6.0 21.052 5.295
324 6.0 20.585 4.997
336 6.0 21.592 6.496
348 6.0 20.784 6.456
360 6.0 21.586 6.754
372 6.0 20.562 7.080
384 6.0 19.468 6.878
396 6.0 19.152 7.233
408 6.0 18.324 6.932
420 6.0 17.944 7.686
432 6.0 18.151 6.493
444 6.0 19.273 6.948
456 6.0 18.967 6.419
468 6.0 18.247 6.628
240 8.0 29.197 6.146
252 8.0 28.623 5.763
264 8.0 28.027 5.274
276 8.0 27.453 4.891
288 8.0 26.858 4.508
300 8.0 26.156 4.125
312 8.0 25.582 3.658
324 8.0 24.986 3.254
336 8.0 26.067 3.653
348 8.0 27.054 3.395
360 8.0 26.742 3.534
372 8.0 27.000 2.549
384 8.0 27.614 1.663
396 8.0 27.472 0.846
408 8.0 27.848 0.150
420 8.0 28.571 1.391
432 8.0 28.271 0.229
444 8.0 28.568 -0.232
456 8.0 28.368 0.180
468 8.0 27.728 -2.521
240 10.0 21.542 -14.758
252 10.0 22.116 -14.673
264 10.0 22.584 -14.588
276 10.0 23.051 -14.588
288 10.0 23.519 -14.482
300 10.0 24.093 -14.375
312 10.0 24.561 -14.375
324 10.0 25.050 -14.290
336 10.0 24.139 -14.342
348 10.0 24.059 -14.548
360 10.0 24.008 -14.461
372 10.0 24.413 -14.523
384 10.0 24.001 -14.703
396 10.0 23.588 -13.942
408 10.0 24.536 -14.239
420 10.0 24.587 -13.981
432 10.0 24.080 -13.821
444 10.0 23.640 -14.142
456 10.0 23.555 -14.051
468 10.0 24.225 -14.471
240 12.0 -19.543 14.248
252 12.0 -19.415 14.248
264 12.0 -19.075 14.354
276 12.0 -18.820 14.354
288 12.0 -18.479 14.439
300 12.0 -18.224 14.439
312 12.0 -17.884 14.524
324 12.0 -17.671 14.524
336 12.0 -17.934 14.360
348 12.0 -18.498 14.173
360 12.0 -18.224 14.022
372 12.0 -17.780 14.025
384 12.0 -17.237 14.104
396 12.0 -17.747 13.981
408 12.0 -18.112 13.978
420 12.0 -17.903 13.773
432 12.0 -18.009 14.088
444 12.0 -18.055 14.274
456 12.0 -17.689 14.210
468 12.0 -17.100 14.200
240 14.0 -21.520 6.592
252 14.0 -21.159 6.677
264 14.0 -20.819 6.869
276 14.0 -20.457 6.975
288 14.0 -20.117 7.166
300 14.0 -19.755 7.251
312 14.0 -19.415 7.443
324 14.0 -19.054 7.655
336 14.0 -19.301 7.190
348 14.0 -18.954 7.240
360 14.0 -18.446 6.952
372 14.0 -18.262 7.039
384 14.0 -18.373 7.135
396 14.0 -18.812 7.034
408 14.0 -17.095 7.134
420 14.0 -17.341 7.100
432 14.0 -18.538 7.438
444 14.0 -18.057 6.875
456 14.0 -18.477 7.029
468 14.0 -17.309 7.307
240 16.0 -15.906 12.695
252 16.0 -15.524 12.695
264 16.0 -15.311 12.695
276 16.0 -15.056 12.695
288 16.0 -14.843 12.802
300 16.0 -14.503 12.802
312 16.0 -14.248 12.802
324 16.0 -14.035 12.802
336 16.0 -14.254 12.688
348 16.0 -14.753 12.571
360 16.0 -14.618 12.891
372 16.0 -14.223 12.670
384 16.0 -14.196 12.735
396 16.0 -14.108 13.048
408 16.0 -14.279 12.766
420 16.0 -13.970 12.495
432 16.0 -13.900 12.635
444 16.0 -13.476 12.616
456 16.0 -13.031 12.210
468 16.0 -13.425 12.541
240 18.0 -23.392 -1.616
252 18.0 -23.392 -1.616
264 18.0 -23.392 -1.616
276 18.0 -23.392 -1.510
288 18.0 -23.392 -1.510
300 18.0 -23.392 -1.510
312 18.0 -23.392 -1.510
324 18.0 -23.392 -1.510
336 18.0 -23.297 -1.532
348 18.0 -23.287 -1.575
360 18.0 -23.256 -1.556
372 18.0 -23.180 -1.598
384 18.0 -23.210 -1.647
396 18.0 -23.187 -1.528
408 18.0 -23.122 -1.509
420 18.0 -23.220 -1.625
432 18.0 -23.172 -1.589
444 18.0 -23.242 -1.594
456 18.0 -23.217 -1.569
468 18.0 -23.214 -1.659
240 20.0 0.510 -20.457
252 20.0 0.851 -20.351
264 20.0 1.212 -20.181
276 20.0 1.552 -19.968
288 20.0 1.914 -19.777
300 20.0 2.148 -19.585
312 20.0 2.488 -19.394
324 20.0 2.850 -19.287
336 20.0 2.373 -19.537
348 20.0 2.177 -19.873
360 20.0 2.081 -19.970
372 20.0 2.959 -19.870
384 20.0 3.126 -20.073
396 20.0 3.893 -20.208
408 20.0 3.638 -19.755
420 20.0 4.158 -19.900
432 20.0 4.378 -19.886
444 20.0 4.405 -19.708
456 20.0 3.605 -19.515
468 20.0 4.140 -20.138
