0 3.0 40.391 7.389
12 3.0 40.391 7.389
24 3.0 40.391 7.389
36 3.0 40.391 7.389
48 3.0 40.391 7.389
60 3.0 40.391 7.389
72 3.0 40.391 7.389
84 3.0 40.391 7.498
96 3.0 40.412 7.552
108 3.0 40.345 7.519
120 3.0 40.404 7.490
132 3.0 40.406 7.580
144 3.0 40.371 7.583
156 3.0 40.335 7.503
168 3.0 40.414 7.493
180 3.0 40.450 7.519
192 3.0 40.425 7.570
204 3.0 40.432 7.529
216 3.0 40.474 7.552
228 3.0 40.378 7.549
0 5.0 40.500 5.526
12 5.0 40.500 5.526
24 5.0 40.500 5.526
36 5.0 40.500 5.526
48 5.0 40.500 5.526
60 5.0 40.500 5.526
72 5.0 40.500 5.526
84 5.0 40.500 5.526
96 5.0 40.449 5.535
108 5.0 40.440 5.531
120 5.0 40.399 5.497
132 5.0 40.415 5.538
144 5.0 40.375 5.538
156 5.0 40.334 5.563
168 5.0 40.307 5.559
180 5.0 40.336 5.533
192 5.0 40.367 5.577
204 5.0 40.375 5.572
216 5.0 40.401 5.640
228 5.0 40.417 5.598
0 7.0 45.028 7.541
12 7.0 45.028 7.541
24 7.0 45.028 7.541
36 7.0 45.028 7.541
48 7.0 45.028 7.541
60 7.0 45.028 7.541
72 7.0 45.028 7.541
84 7.0 45.028 7.541
96 7.0 44.976 7.510
108 7.0 44.990 7.533
120 7.0 45.025 7.594
132 7.0 45.015 7.533
144 7.0 44.960 7.594
156 7.0 45.002 7.596
168 7.0 45.015 7.578
180 7.0 45.016 7.555
192 7.0 45.010 7.501
204 7.0 45.019 7.475
216 7.0 45.022 7.504
228 7.0 44.976 7.560
0 9.0 44.552 6.869
12 9.0 44.552 6.869
24 9.0 44.552 6.869
36 9.0 44.552 6.869
48 9.0 44.552 6.869
60 9.0 44.552 6.869
72 9.0 44.552 6.869
84 9.0 44.552 6.869
96 9.0 44.591 6.817
108 9.0 44.621 6.783
120 9.0 44.648 6.793
132 9.0 44.692 6.789
144 9.0 44.606 6.768
156 9.0 44.620 6.824
168 9.0 44.646 6.859
180 9.0 44.622 6.830
192 9.0 44.594 6.896
204 9.0 44.643 6.834
216 9.0 44.634 6.865
228 9.0 44.594 6.885
0 11.0 47.889 6.414
12 11.0 47.889 6.414
24 11.0 47.889 6.414
36 11.0 47.889 6.414
48 11.0 47.889 6.414
60 11.0 47.889 6.414
72 11.0 47.889 6.414
84 11.0 47.889 6.414
96 11.0 47.893 6.436
108 11.0 47.823 6.449
120 11.0 47.858 6.428
132 11.0 47.839 6.405
144 11.0 47.862 6.440
156 11.0 47.880 6.432
168 11.0 47.908 6.411
180 11.0 47.897 6.391
192 11.0 47.933 6.414
204 11.0 47.928 6.376
216 11.0 47.912 6.391
228 11.0 47.909 6.392
0 13.0 52.483 3.922
12 13.0 52.483 3.922
24 13.0 52.483 3.922
36 13.0 52.483 3.922
48 13.0 52.483 3.922
60 13.0 52.483 3.922
72 13.0 52.483 3.922
84 13.0 52.483 3.922
96 13.0 52.496 3.916
108 13.0 52.478 3.932
120 13.0 52.507 3.955
132 13.0 52.481 3.988
144 13.0 52.457 3.896
156 13.0 52.450 3.866
168 13.0 52.459 3.848
180 13.0 52.479 3.830
192 13.0 52.427 3.819
204 13.0 52.416 3.798
216 13.0 52.414 3.800
228 13.0 52.458 3.783
0 15.0 51.182 6.111
12 15.0 51.182 6.024
24 15.0 51.182 6.024
36 15.0 51.182 5.916
48 15.0 51.312 5.916
60 15.0 51.312 5.829
72 15.0 51.312 5.829
84 15.0 51.312 5.829
96 15.0 51.345 5.922
108 15.0 51.279 5.997
120 15.0 51.221 5.964
132 15.0 51.198 6.079
144 15.0 51.223 6.032
156 15.0 51.282 5.966
168 15.0 51.333 5.934
180 15.0 51.332 5.958
192 15.0 51.446 5.869
204 15.0 51.558 5.842
216 15.0 51.631 5.848
228 15.0 51.612 5.951
0 17.0 50.467 5.396
12 17.0 50.706 5.179
24 17.0 51.052 4.984
36 17.0 51.312 4.897
48 17.0 51.529 4.897
60 17.0 51.659 4.897
72 17.0 51.789 4.897
84 17.0 52.006 4.897
96 17.0 51.732 4.765
108 17.0 52.529 4.383
120 17.0 53.006 4.442
132 17.0 52.526 4.281
144 17.0 53.110 4.183
156 17.0 53.572 4.025
168 17.0 53.444 4.001
180 17.0 54.098 3.494
192 17.0 54.298 3.617
204 17.0 54.875 3.369
216 17.0 54.953 3.181
228 17.0 55.972 2.962
0 19.0 46.632 9.253
12 19.0 46.415 9.751
24 19.0 46.155 10.249
36 19.0 45.938 10.726
48 19.0 45.808 11.225
60 19.0 45.678 11.723
72 19.0 45.570 12.200
84 19.0 45.570 12.698
96 19.0 45.544 12.643
108 19.0 45.721 13.552
120 19.0 45.633 13.931
132 19.0 45.462 13.555
144 19.0 45.636 14.189
156 19.0 45.575 15.050
168 19.0 45.962 14.975
180 19.0 45.902 14.976
192 19.0 45.907 16.976
204 19.0 46.431 15.962
216 19.0 46.480 15.447
228 19.0 45.880 15.619
0 21.0 46.762 12.806
12 21.0 46.762 12.698
24 21.0 46.762 12.698
36 21.0 46.762 12.698
48 21.0 46.762 12.698
60 21.0 46.762 12.611
72 21.0 46.762 12.611
84 21.0 46.762 12.611
96 21.0 46.784 12.595
108 21.0 46.698 12.519
120 21.0 46.599 12.511
132 21.0 46.670 12.446
144 21.0 46.734 12.382
156 21.0 46.886 12.390
168 21.0 46.952 12.306
180 21.0 46.831 12.302
192 21.0 46.678 11.962
204 21.0 46.753 12.094
216 21.0 46.693 11.977
228 21.0 46.917 11.935
0 23.0 47.130 11.615
12 23.0 47.130 11.615
24 23.0 47.130 11.615
36 23.0 47.130 11.615
48 23.0 47.130 11.615
60 23.0 47.130 11.615
72 23.0 47.130 11.615
84 23.0 47.130 11.615
96 23.0 47.120 11.596
108 23.0 47.138 11.595
120 23.0 47.131 11.597
132 23.0 47.172 11.598
144 23.0 47.176 11.615
156 23.0 47.140 11.626
168 23.0 47.142 11.571
180 23.0 47.219 11.597
192 23.0 47.209 11.598
204 23.0 47.167 11.585
216 23.0 47.222 11.602
228 23.0 47.181 11.581
0 25.0 52.006 9.209
12 25.0 52.266 9.318
24 25.0 52.613 9.404
36 25.0 52.959 9.513
48 25.0 52.962 9.515
60 25.0 52.965 9.517
72 25.0 52.968 9.521
84 25.0 52.972 9.523
96 25.0 53.201 9.561
108 25.0 52.671 9.435
120 25.0 52.933 9.362
132 25.0 52.966 9.414
144 25.0 53.348 9.388
156 25.0 53.647 9.210
168 25.0 53.360 9.377
180 25.0 53.655 9.366
192 25.0 53.587 9.941
204 25.0 54.126 9.277
216 25.0 53.484 9.962
228 25.0 53.653 9.835
0 27.0 53.393 -1.950
12 27.0 53.393 -1.950
24 27.0 53.393 -1.950
36 27.0 53.393 -1.820
48 27.0 53.393 -1.820
60 27.0 53.436 -1.734
72 27.0 53.436 -1.734
84 27.0 53.501 -1.647
96 27.0 53.512 -1.865
108 27.0 53.533 -1.801
120 27.0 53.541 -1.825
132 27.0 53.637 -1.866
144 27.0 53.748 -1.877
156 27.0 53.801 -1.907
168 27.0 53.866 -1.798
180 27.0 53.820 -1.823
192 27.0 53.884 -1.850
204 27.0 53.578 -1.824
216 27.0 53.684 -1.899
228 27.0 53.463 -1.937
0 29.0 11.961 -22.124
12 29.0 12.221 -22.319
24 29.0 12.438 -22.471
36 29.0 12.698 -22.601
48 29.0 13.045 -22.774
60 29.0 13.305 -22.904
72 29.0 13.522 -23.056
84 29.0 13.653 -23.099
96 29.0 14.457 -23.152
108 29.0 14.165 -23.685
120 29.0 15.424 -23.716
132 29.0 16.164 -23.957
144 29.0 16.966 -24.417
156 29.0 16.405 -24.518
168 29.0 18.222 -25.602
180 29.0 17.509 -25.564
192 29.0 17.058 -25.335
204 29.0 17.660 -25.806
216 29.0 19.498 -26.746
228 29.0 18.168 -25.986
60 1.0 -13.391 -22.601
72 1.0 -11.355 -21.431
84 1.0 -9.318 -20.261
96 1.0 -7.302 -18.982
108 1.0 -5.287 -17.790
120 1.0 -3.380 -16.230
132 1.0 -1.560 -14.562
144 1.0 0.347 -12.980
156 1.0 -9.341 -19.738
168 1.0 -10.453 -21.404
180 1.0 -10.672 -20.199
192 1.0 -10.217 -20.566
204 1.0 -10.132 -20.849
216 1.0 -10.502 -20.900
228 1.0 -10.124 -21.114
240 1.0 -10.658 -20.668
252 1.0 -10.583 -21.215
264 1.0 -9.943 -20.854
276 1.0 -11.380 -20.659
288 1.0 -10.404 -20.978
240 4.0 40.391 7.693
252 4.0 40.391 7.693
264 4.0 40.391 7.693
276 4.0 40.391 7.693
288 4.0 40.391 7.693
300 4.0 40.391 7.693
312 4.0 40.391 7.693
324 4.0 40.391 7.693
336 4.0 40.361 7.660
348 4.0 40.413 7.671
360 4.0 40.368 7.707
372 4.0 40.328 7.719
384 4.0 40.375 7.736
396 4.0 40.357 7.801
408 4.0 40.361 7.803
420 4.0 40.352 7.681
432 4.0 40.369 7.714
444 4.0 40.406 7.744
456 4.0 40.353 7.736
468 4.0 40.433 7.726
240 6.0 40.500 5.526
252 6.0 40.500 5.526
264 6.0 40.500 5.526
276 6.0 40.500 5.526
288 6.0 40.500 5.526
300 6.0 40.500 5.526
312 6.0 40.500 5.526
324 6.0 40.500 5.526
336 6.0 40.377 5.476
348 6.0 40.386 5.503
360 6.0 40.379 5.551
372 6.0 40.293 5.525
384 6.0 40.208 5.519
396 6.0 40.106 5.601
408 6.0 40.279 5.636
420 6.0 40.194 5.554
432 6.0 40.168 5.593
444 6.0 40.191 5.632
456 6.0 40.370 5.648
468 6.0 40.425 5.672
240 8.0 45.028 7.541
252 8.0 45.028 7.541
264 8.0 45.028 7.541
276 8.0 45.028 7.541
288 8.0 45.028 7.541
300 8.0 45.028 7.541
312 8.0 45.028 7.541
324 8.0 45.028 7.541
336 8.0 45.059 7.580
348 8.0 45.003 7.597
360 8.0 45.025 7.571
372 8.0 44.954 7.595
384 8.0 45.010 7.647
396 8.0 44.999 7.652
408 8.0 45.046 7.645
420 8.0 45.102 7.648
432 8.0 45.051 7.575
444 8.0 45.079 7.599
456 8.0 45.093 7.627
468 8.0 45.058 7.562
240 10.0 44.552 6.869
252 10.0 44.552 6.869
264 10.0 44.552 6.869
276 10.0 44.552 6.869
288 10.0 44.552 6.869
300 10.0 44.552 6.869
312 10.0 44.552 6.869
324 10.0 44.552 6.869
336 10.0 44.511 6.930
348 10.0 44.551 6.987
360 10.0 44.567 6.939
372 10.0 44.539 6.960
384 10.0 44.504 6.897
396 10.0 44.525 6.924
408 10.0 44.539 6.846
420 10.0 44.561 6.884
432 10.0 44.560 6.879
444 10.0 44.603 6.873
456 10.0 44.609 6.884
468 10.0 44.603 6.899
240 12.0 47.889 6.414
252 12.0 47.889 6.414
264 12.0 47.889 6.414
276 12.0 47.889 6.414
288 12.0 47.889 6.414
300 12.0 47.889 6.414
312 12.0 47.889 6.414
324 12.0 47.889 6.414
336 12.0 47.956 6.336
348 12.0 47.894 6.436
360 12.0 47.920 6.440
372 12.0 47.894 6.403
384 12.0 47.820 6.450
396 12.0 47.814 6.411
408 12.0 47.853 6.451
420 12.0 47.803 6.426
432 12.0 47.837 6.410
444 12.0 47.845 6.377
456 12.0 47.881 6.382
468 12.0 47.890 6.417
240 14.0 52.483 3.922
252 14.0 52.483 3.922
264 14.0 52.483 3.922
276 14.0 52.483 3.922
288 14.0 52.483 3.922
300 14.0 52.483 3.922
312 14.0 52.483 3.922
324 14.0 52.483 3.922
336 14.0 52.462 3.840
348 14.0 52.517 3.829
360 14.0 52.512 3.885
372 14.0 52.507 3.936
384 14.0 52.447 3.911
396 14.0 52.494 3.905
408 14.0 52.502 3.909
420 14.0 52.533 3.922
432 14.0 52.515 3.930
444 14.0 52.528 3.901
456 14.0 52.573 3.815
468 14.0 52.509 3.882
240 16.0 51.659 5.526
252 16.0 51.659 5.526
264 16.0 51.659 5.526
276 16.0 51.659 5.526
288 16.0 51.659 5.526
300 16.0 51.659 5.526
312 16.0 51.659 5.526
324 16.0 51.659 5.526
336 16.0 51.625 5.579
348 16.0 51.609 5.519
360 16.0 51.626 5.550
372 16.0 51.532 5.523
384 16.0 51.538 5.555
396 16.0 51.533 5.540
408 16.0 51.517 5.583
420 16.0 51.578 5.606
432 16.0 51.511 5.622
444 16.0 51.523 5.721
456 16.0 51.554 5.688
468 16.0 51.582 5.625
240 18.0 53.089 5.396
252 18.0 53.089 5.396
264 18.0 52.959 5.396
276 18.0 52.851 5.396
288 18.0 52.851 5.287
300 18.0 52.743 5.287
312 18.0 52.613 5.287
324 18.0 52.483 5.287
336 18.0 52.629 5.180
348 18.0 52.706 5.206
360 18.0 52.787 5.317
372 18.0 52.740 5.359
384 18.0 52.820 5.349
396 18.0 52.738 5.343
408 18.0 52.773 5.204
420 18.0 52.772 5.242
432 18.0 52.719 5.167
444 18.0 52.809 5.251
456 18.0 52.882 5.136
468 18.0 52.892 5.189
240 20.0 46.153 18.568
252 20.0 46.132 18.283
264 20.0 46.111 17.998
276 20.0 46.090 17.713
288 20.0 46.068 17.428
300 20.0 46.047 17.142
312 20.0 46.026 16.857
324 20.0 46.004 16.572
336 20.0 46.142 16.565
348 20.0 45.936 15.851
360 20.0 46.205 15.590
372 20.0 46.343 15.296
384 20.0 46.394 14.908
396 20.0 46.185 14.012
408 20.0 46.236 13.109
420 20.0 46.446 14.294
432 20.0 46.280 13.457
444 20.0 46.124 13.273
456 20.0 46.333 12.803
468 20.0 46.274 12.382
240 22.0 46.892 12.308
252 22.0 46.892 12.308
264 22.0 46.892 12.308
276 22.0 46.892 12.200
288 22.0 46.892 12.200
300 22.0 46.892 12.200
312 22.0 46.892 12.200
324 22.0 46.892 12.200
336 22.0 46.926 12.214
348 22.0 46.956 12.169
360 22.0 46.988 12.106
372 22.0 46.963 12.143
384 22.0 46.997 12.168
396 22.0 47.022 12.208
408 22.0 47.108 12.144
420 22.0 47.090 12.165
432 22.0 47.048 12.146
444 22.0 47.095 12.203
456 22.0 47.153 12.280
468 22.0 47.119 12.221
240 24.0 47.130 11.615
252 24.0 47.130 11.615
264 24.0 47.130 11.615
276 24.0 47.130 11.615
288 24.0 47.130 11.615
300 24.0 47.130 11.615
312 24.0 47.130 11.615
324 24.0 47.130 11.615
336 24.0 47.090 11.597
348 24.0 47.079 11.614
360 24.0 47.078 11.586
372 24.0 47.079 11.629
384 24.0 47.144 11.665
396 24.0 47.169 11.649
408 24.0 47.149 11.661
420 24.0 47.219 11.691
432 24.0 47.163 11.652
444 24.0 47.158 11.655
456 24.0 47.179 11.641
468 24.0 47.146 11.582
240 26.0 53.015 9.559
252 26.0 53.018 9.562
264 26.0 53.022 9.565
276 26.0 53.025 9.567
288 26.0 53.028 9.570
300 26.0 53.032 9.573
312 26.0 53.035 9.576
324 26.0 53.038 9.579
336 26.0 53.047 9.631
348 26.0 53.078 9.589
360 26.0 52.987 9.546
372 26.0 53.034 9.552
384 26.0 53.024 9.558
396 26.0 53.087 9.604
408 26.0 53.050 9.595
420 26.0 53.020 9.594
432 26.0 53.053 9.644
444 26.0 53.044 9.600
456 26.0 53.051 9.567
468 26.0 53.040 9.555
240 28.0 53.804 -1.040
252 28.0 53.848 -0.953
264 28.0 53.848 -0.953
276 28.0 53.848 -0.867
288 28.0 53.848 -0.867
300 28.0 53.978 -0.737
312 28.0 53.978 -0.737
324 28.0 53.978 -0.650
336 28.0 54.072 -0.524
348 28.0 54.183 -0.436
360 28.0 54.300 -0.207
372 28.0 54.225 -0.324
384 28.0 54.162 -0.227
396 28.0 53.959 -0.246
408 28.0 54.461 -0.216
420 28.0 54.235 -0.024
432 28.0 54.302 -0.321
444 28.0 54.220 0.185
456 28.0 54.426 0.055
468 28.0 54.275 0.311
240 30.0 13.700 -23.099
252 30.0 13.704 -23.099
264 30.0 13.707 -23.099
276 30.0 13.711 -23.099
288 30.0 13.715 -23.099
300 30.0 13.719 -23.099
312 30.0 13.722 -23.099
324 30.0 13.726 -23.099
336 30.0 13.701 -23.146
348 30.0 13.738 -23.102
360 30.0 13.729 -23.103
372 30.0 13.762 -23.110
384 30.0 13.740 -23.087
396 30.0 13.738 -23.095
408 30.0 13.723 -23.102
420 30.0 13.720 -23.133
432 30.0 13.719 -23.169
444 30.0 13.715 -23.151
456 30.0 13.720 -23.133
468 30.0 13.679 -23.134
276 0.0 -16.967 -22.861
288 0.0 -15.233 -22.861
300 0.0 -13.457 -22.861
312 0.0 -11.680 -22.861
324 0.0 -9.859 -22.753
336 0.0 -7.823 -22.666
348 0.0 -5.829 -22.666
360 0.0 -3.792 -22.558
372 0.0 -11.223 -22.826
384 0.0 -11.859 -23.204
396 0.0 -12.013 -23.077
408 0.0 -11.120 -22.831
420 0.0 -11.180 -22.780
432 0.0 -11.046 -23.213
444 0.0 -12.691 -22.599
456 0.0 -12.605 -23.081
468 0.0 -11.768 -23.238
480 0.0 -12.272 -22.911
492 0.0 -11.146 -23.313
504 0.0 -11.522 -22.931
