0 1.0 20.467 11.255
12 1.0 20.334 11.255
24 1.0 20.334 11.255
36 1.0 20.201 11.255
48 1.0 20.201 11.255
60 1.0 20.090 11.255
72 1.0 19.979 11.255
84 1.0 19.979 11.255
96 1.0 20.062 11.234
108 1.0 20.200 11.296
120 1.0 20.260 11.344
132 1.0 20.183 11.328
144 1.0 20.141 11.328
156 1.0 20.222 11.315
168 1.0 20.306 11.431
180 1.0 19.993 11.421
192 1.0 19.908 11.551
204 1.0 19.852 11.607
216 1.0 19.500 11.341
228 1.0 19.249 11.483
0 3.0 -25.906 13.519
12 3.0 -23.486 13.807
24 3.0 -21.310 14.429
36 3.0 -18.735 14.829
48 3.0 -16.538 15.517
60 3.0 -14.340 16.227
72 3.0 -12.120 17.337
84 3.0 -9.923 18.536
96 3.0 -19.911 14.257
108 3.0 -20.885 14.116
120 3.0 -19.916 13.668
132 3.0 -20.883 13.919
144 3.0 -22.256 13.799
156 3.0 -21.673 13.569
168 3.0 -21.269 13.545
180 3.0 -21.065 13.852
192 3.0 -20.891 13.649
204 3.0 -20.880 14.121
216 3.0 -20.436 12.671
228 3.0 -21.064 13.974
0 5.0 5.372 11.565
12 5.0 2.908 11.255
24 5.0 1.066 11.166
36 5.0 -0.755 11.033
48 5.0 -2.575 10.855
60 5.0 -4.440 10.744
72 5.0 -6.260 10.744
84 5.0 -8.080 10.633
96 5.0 -0.792 11.228
108 5.0 -1.021 11.584
120 5.0 0.915 10.875
132 5.0 0.488 10.959
144 5.0 -0.596 10.796
156 5.0 -0.646 10.840
168 5.0 -0.273 11.253
180 5.0 -1.577 11.194
192 5.0 -0.780 11.581
204 5.0 -0.836 11.295
216 5.0 -0.712 11.028
228 5.0 -0.766 11.189
0 7.0 12.143 16.782
12 7.0 12.387 16.582
24 7.0 12.764 16.382
36 7.0 12.986 16.294
48 7.0 13.363 16.072
60 7.0 13.608 15.983
72 7.0 13.985 15.783
84 7.0 14.340 15.672
96 7.0 15.026 15.229
108 7.0 14.533 15.511
120 7.0 15.772 15.284
132 7.0 15.898 15.004
144 7.0 14.362 14.979
156 7.0 15.387 14.940
168 7.0 15.814 14.602
180 7.0 15.819 14.355
192 7.0 16.349 14.470
204 7.0 16.831 13.536
216 7.0 17.228 14.517
228 7.0 17.919 14.022
0 9.0 12.098 4.706
12 9.0 13.075 5.217
24 9.0 14.163 5.705
36 9.0 15.250 6.216
48 9.0 16.360 6.815
60 9.0 17.470 7.325
72 9.0 18.558 7.836
84 9.0 19.646 8.324
96 9.0 15.038 6.389
108 9.0 14.403 6.110
120 9.0 14.984 5.751
132 9.0 15.095 5.991
144 9.0 15.137 5.710
156 9.0 16.196 5.924
168 9.0 16.085 5.518
180 9.0 15.379 5.525
192 9.0 15.319 5.754
204 9.0 15.035 6.424
216 9.0 15.185 5.109
228 9.0 15.444 5.436
192 0.0 -30.478 13.608
204 0.0 -28.747 13.918
216 0.0 -27.060 14.207
228 0.0 -25.328 14.518
240 0.0 -23.508 14.829
252 0.0 -21.777 15.228
264 0.0 -19.823 15.428
276 0.0 -17.870 15.539
288 0.0 -24.389 14.406
300 0.0 -25.538 14.220
312 0.0 -24.990 13.932
324 0.0 -26.652 14.736
336 0.0 -25.681 13.245
348 0.0 -25.090 13.355
360 0.0 -25.764 13.662
372 0.0 -26.962 13.833
384 0.0 -26.165 13.456
396 0.0 -25.460 13.255
408 0.0 -24.865 13.559
420 0.0 -24.880 12.661
240 2.0 19.601 11.055
252 2.0 19.601 11.055
264 2.0 19.601 11.144
276 2.0 19.601 11.144
288 2.0 19.490 11.144
300 2.0 19.490 11.144
312 2.0 19.490 11.255
324 2.0 19.490 11.255
336 2.0 19.486 11.298
348 2.0 19.478 11.249
360 2.0 19.497 11.213
372 2.0 19.451 11.235
384 2.0 19.487 11.272
396 2.0 19.595 11.118
408 2.0 19.579 11.190
420 2.0 19.499 11.245
432 2.0 19.475 11.126
444 2.0 19.460 11.145
456 2.0 19.528 11.105
468 2.0 19.541 11.106
240 4.0 -6.435 21.047
252 4.0 -6.767 20.840
264 4.0 -7.099 20.633
276 4.0 -7.431 20.427
288 4.0 -7.763 20.220
300 4.0 -8.095 20.013
312 4.0 -8.427 19.806
324 4.0 -8.759 19.599
336 4.0 -8.171 19.654
348 4.0 -8.889 19.657
360 4.0 -8.778 18.922
372 4.0 -9.508 18.847
384 4.0 -8.485 19.252
396 4.0 -10.081 19.279
408 4.0 -9.463 17.727
420 4.0 -9.459 18.531
432 4.0 -9.453 19.527
444 4.0 -8.850 18.827
456 4.0 -8.945 19.305
468 4.0 -9.864 18.484
240 6.0 -29.259 8.520
252 6.0 -27.797 8.646
264 6.0 -26.335 8.772
276 6.0 -24.873 8.899
288 6.0 -23.410 9.025
300 6.0 -21.948 9.152
312 6.0 -20.486 9.278
324 6.0 -19.024 9.405
336 6.0 -24.617 8.779
348 6.0 -24.245 8.188
360 6.0 -24.229 7.920
372 6.0 -24.698 8.564
384 6.0 -23.490 8.114
396 6.0 -25.389 7.893
408 6.0 -24.312 8.141
420 6.0 -24.490 8.295
432 6.0 -23.878 8.000
444 6.0 -25.109 8.611
456 6.0 -24.412 8.442
468 6.0 -25.479 9.037
240 8.0 19.246 13.452
252 8.0 19.601 13.363
264 8.0 19.956 13.164
276 8.0 20.445 13.053
288 8.0 20.822 12.964
300 8.0 21.310 12.875
312 8.0 21.799 12.764
324 8.0 22.287 12.653
336 8.0 21.982 12.554
348 8.0 22.841 11.845
360 8.0 22.765 12.155
372 8.0 22.991 11.854
384 8.0 23.621 11.659
396 8.0 23.921 11.160
408 8.0 24.399 10.973
420 8.0 25.448 10.117
432 8.0 24.962 10.409
444 8.0 24.638 10.684
456 8.0 25.737 9.998
468 8.0 26.086 10.418
240 10.0 34.829 13.252
252 10.0 36.161 13.474
264 10.0 37.515 13.763
276 10.0 38.736 14.052
288 10.0 40.068 14.362
300 10.0 41.444 14.673
312 10.0 42.776 14.873
324 10.0 44.241 15.073
336 10.0 39.602 14.878
348 10.0 38.568 14.613
360 10.0 38.279 14.717
372 10.0 37.625 15.082
384 10.0 38.087 14.541
396 10.0 38.150 14.272
408 10.0 37.346 14.403
420 10.0 37.497 14.131
432 10.0 38.315 14.592
444 10.0 39.135 14.627
456 10.0 38.377 14.468
468 10.0 37.973 14.193
276 11.0 54.386 -21.310
288 11.0 53.720 -21.111
300 11.0 53.720 -20.711
312 11.0 53.720 -20.289
324 11.0 53.587 -19.801
336 11.0 53.587 -19.401
348 11.0 53.587 -18.980
360 11.0 53.587 -18.580
372 11.0 53.445 -19.084
384 11.0 53.438 -18.783
396 11.0 53.478 -18.394
408 11.0 53.085 -18.776
420 11.0 53.543 -18.690
432 11.0 53.314 -18.590
444 11.0 53.195 -18.008
456 11.0 52.464 -18.235
468 11.0 52.468 -17.751
480 11.0 52.793 -17.782
492 11.0 52.436 -17.736
504 11.0 52.191 -17.737
